0.000000 ;-27.500000 ;-20.600000 ;
0.100000 ;-27.015626 ;-20.682579 ;
0.200000 ;-26.687946 ;-20.740053 ;
0.300000 ;-26.466470 ;-20.777143 ;
0.400000 ;-26.289935 ;-20.795591 ;
0.500000 ;-26.155890 ;-20.801009 ;
0.600000 ;-26.050310 ;-20.796678 ;
0.700000 ;-25.963611 ;-20.785276 ;
0.800000 ;-25.898143 ;-20.769521 ;
0.900000 ;-25.846853 ;-20.750863 ;
1.000000 ;-25.798503 ;-20.729999 ;
1.100000 ;-25.760456 ;-20.708554 ;
1.200000 ;-25.737881 ;-20.687674 ;
1.300000 ;-25.724413 ;-20.667437 ;
1.400000 ;-25.703617 ;-20.646963 ;
1.500000 ;-25.680477 ;-20.626938 ;
1.600000 ;-25.672443 ;-20.609125 ;
1.700000 ;-25.674005 ;-20.593125 ;
1.800000 ;-25.661275 ;-20.576757 ;
1.900000 ;-25.646860 ;-20.561242 ;
2.000000 ;-25.648424 ;-20.548251 ;
2.100000 ;-25.655956 ;-20.536807 ;
2.200000 ;-25.643475 ;-20.524404 ;
2.300000 ;-25.632605 ;-20.513060 ;
2.400000 ;-25.640733 ;-20.504384 ;
2.500000 ;-25.652314 ;-20.496838 ;
2.600000 ;-25.638348 ;-20.487602 ;
2.700000 ;-25.629621 ;-20.479564 ;
2.800000 ;-25.641948 ;-20.474185 ;
2.900000 ;-25.651894 ;-20.469174 ;
3.000000 ;-25.637345 ;-20.462374 ;
3.100000 ;-25.634318 ;-20.457182 ;
3.200000 ;-25.647767 ;-20.454029 ;
3.300000 ;-25.647960 ;-20.450036 ;
3.400000 ;-25.637576 ;-20.445424 ;
3.500000 ;-25.641272 ;-20.442513 ;
3.600000 ;-25.652053 ;-20.440604 ;
3.700000 ;-25.644947 ;-20.437285 ;
3.800000 ;-25.639061 ;-20.434354 ;
3.900000 ;-25.647196 ;-20.433008 ;
4.000000 ;-25.655194 ;-20.431872 ;
4.100000 ;-25.644158 ;-20.429124 ;
4.200000 ;-25.640075 ;-20.427224 ;
4.300000 ;-25.652124 ;-20.427031 ;
4.400000 ;-25.660002 ;-20.426591 ;
4.500000 ;-25.645337 ;-20.424138 ;
4.600000 ;-25.641687 ;-20.422859 ;
4.700000 ;-25.657397 ;-20.423539 ;
4.800000 ;-25.663839 ;-20.423435 ;
4.900000 ;-25.648207 ;-20.421315 ;
5.000000 ;-25.647739 ;-20.420723 ;
5.100000 ;-25.663677 ;-20.421769 ;
5.200000 ;-25.661709 ;-20.421172 ;
5.300000 ;-25.650846 ;-20.419784 ;
5.400000 ;-25.656064 ;-20.419982 ;
5.500000 ;-25.666641 ;-20.420737 ;
5.600000 ;-25.657834 ;-20.419684 ;
5.700000 ;-25.653455 ;-20.419089 ;
5.800000 ;-25.662335 ;-20.419791 ;
5.900000 ;-25.666337 ;-20.420055 ;
6.000000 ;-25.655640 ;-20.418942 ;
6.100000 ;-25.655030 ;-20.418813 ;
6.200000 ;-25.667022 ;-20.419905 ;
6.300000 ;-25.668246 ;-20.419985 ;
6.400000 ;-25.654375 ;-20.418639 ;
6.500000 ;-25.655349 ;-20.418721 ;
6.600000 ;-25.671671 ;-20.420278 ;
6.700000 ;-25.671820 ;-20.420300 ;
6.800000 ;-25.655845 ;-20.418791 ;
6.900000 ;-25.658735 ;-20.419087 ;
7.000000 ;-25.676433 ;-20.420801 ;
7.100000 ;-25.671197 ;-20.420330 ;
7.200000 ;-25.659532 ;-20.419249 ;
7.300000 ;-25.666574 ;-20.419954 ;
7.400000 ;-25.677425 ;-20.421025 ;
7.500000 ;-25.666937 ;-20.420059 ;
7.600000 ;-25.663311 ;-20.419749 ;
7.700000 ;-25.672800 ;-20.420690 ;
7.800000 ;-25.673762 ;-20.420817 ;
7.900000 ;-25.664181 ;-20.419937 ;
8.000000 ;-25.665995 ;-20.420144 ;
8.100000 ;-25.676731 ;-20.421200 ;
8.200000 ;-25.672536 ;-20.420830 ;
8.300000 ;-25.661709 ;-20.419827 ;
8.400000 ;-25.666714 ;-20.420332 ;
8.500000 ;-25.681176 ;-20.421737 ;
8.600000 ;-25.674539 ;-20.421128 ;
8.700000 ;-25.660672 ;-20.419827 ;
8.800000 ;-25.667926 ;-20.420541 ;
8.900000 ;-25.685741 ;-20.422260 ;
9.000000 ;-25.676136 ;-20.421360 ;
9.100000 ;-25.664405 ;-20.420256 ;
9.200000 ;-25.674231 ;-20.421208 ;
9.300000 ;-25.685755 ;-20.422320 ;
9.400000 ;-25.673236 ;-20.421137 ;
9.500000 ;-25.669911 ;-20.420829 ;
9.600000 ;-25.680488 ;-20.421846 ;
9.700000 ;-25.680918 ;-20.421894 ;
9.800000 ;-25.678102 ;-20.420125 ;
9.900000 ;-25.675377 ;-20.471152 ;
10.000000 ;-25.630294 ;-20.778317 ;
10.100000 ;-25.499498 ;-21.184456 ;
10.200000 ;-25.280736 ;-21.594296 ;
10.300000 ;-24.985193 ;-21.970591 ;
10.400000 ;-24.636375 ;-22.301721 ;
10.500000 ;-24.256450 ;-22.585289 ;
10.600000 ;-23.864307 ;-22.823017 ;
10.700000 ;-23.476993 ;-23.018729 ;
10.800000 ;-23.101499 ;-23.176455 ;
10.900000 ;-22.751660 ;-23.301501 ;
11.000000 ;-22.429527 ;-23.398249 ;
11.100000 ;-22.120898 ;-23.469639 ;
11.200000 ;-21.858520 ;-23.522568 ;
11.300000 ;-21.636699 ;-23.560127 ;
11.400000 ;-21.410416 ;-23.581607 ;
11.500000 ;-21.216217 ;-23.593213 ;
11.600000 ;-21.066043 ;-23.598440 ;
11.700000 ;-20.913445 ;-23.595251 ;
11.800000 ;-20.778292 ;-23.587238 ;
11.900000 ;-20.673764 ;-23.576997 ;
12.000000 ;-20.569776 ;-23.563082 ;
12.100000 ;-20.478279 ;-23.547537 ;
12.200000 ;-20.408318 ;-23.531899 ;
12.300000 ;-20.337551 ;-23.514860 ;
12.400000 ;-20.271923 ;-23.497445 ;
12.500000 ;-20.225986 ;-23.481267 ;
12.600000 ;-20.182635 ;-23.465132 ;
12.700000 ;-20.130146 ;-23.448269 ;
12.800000 ;-20.095445 ;-23.433184 ;
12.900000 ;-20.075044 ;-23.419682 ;
13.000000 ;-20.037463 ;-23.405086 ;
13.100000 ;-20.003385 ;-23.391289 ;
13.200000 ;-19.991330 ;-23.379960 ;
13.300000 ;-19.974009 ;-23.368692 ;
13.400000 ;-19.942793 ;-23.356739 ;
13.500000 ;-19.929442 ;-23.346916 ;
13.600000 ;-19.923168 ;-23.338252 ;
13.700000 ;-19.899206 ;-23.328535 ;
13.800000 ;-19.885237 ;-23.320208 ;
13.900000 ;-19.882347 ;-23.313342 ;
14.000000 ;-19.865903 ;-23.305733 ;
14.100000 ;-19.851399 ;-23.298734 ;
14.200000 ;-19.850072 ;-23.293314 ;
14.300000 ;-19.842784 ;-23.287754 ;
14.400000 ;-19.825400 ;-23.281670 ;
14.500000 ;-19.821972 ;-23.277165 ;
14.600000 ;-19.826140 ;-23.273656 ;
14.700000 ;-19.810561 ;-23.268701 ;
14.800000 ;-19.798757 ;-23.264365 ;
14.900000 ;-19.805648 ;-23.261948 ;
15.000000 ;-19.804232 ;-23.259041 ;
15.100000 ;-19.786792 ;-23.254946 ;
15.200000 ;-19.786658 ;-23.252597 ;
15.300000 ;-19.794250 ;-23.251130 ;
15.400000 ;-19.780408 ;-23.247951 ;
15.500000 ;-19.774634 ;-23.245657 ;
15.600000 ;-19.781236 ;-23.244616 ;
15.700000 ;-19.773599 ;-23.242464 ;
15.800000 ;-19.765524 ;-23.240410 ;
15.900000 ;-19.769990 ;-23.239590 ;
16.000000 ;-19.768700 ;-23.238379 ;
16.100000 ;-19.757693 ;-23.236417 ;
16.200000 ;-19.758916 ;-23.235636 ;
16.300000 ;-19.766024 ;-23.235467 ;
16.400000 ;-19.754841 ;-23.233767 ;
16.500000 ;-19.747770 ;-23.232509 ;
16.600000 ;-19.757617 ;-23.232818 ;
16.700000 ;-19.759294 ;-23.232473 ;
16.800000 ;-19.744169 ;-23.230705 ;
16.900000 ;-19.746330 ;-23.230520 ;
17.000000 ;-19.758543 ;-23.231275 ;
17.100000 ;-19.747170 ;-23.229996 ;
17.200000 ;-19.741389 ;-23.229254 ;
17.300000 ;-19.751058 ;-23.229917 ;
17.400000 ;-19.747224 ;-23.229426 ;
17.500000 ;-19.739397 ;-23.228616 ;
17.600000 ;-19.744793 ;-23.229004 ;
17.700000 ;-19.746040 ;-23.229055 ;
17.800000 ;-19.736999 ;-23.228225 ;
17.900000 ;-19.738941 ;-23.228388 ;
18.000000 ;-19.746048 ;-23.229028 ;
18.100000 ;-19.736746 ;-23.228242 ;
18.200000 ;-19.731904 ;-23.227867 ;
18.300000 ;-19.741755 ;-23.228806 ;
18.400000 ;-19.743308 ;-23.229028 ;
18.500000 ;-19.729418 ;-23.227901 ;
18.600000 ;-19.732464 ;-23.228282 ;
18.700000 ;-19.746415 ;-23.229637 ;
18.800000 ;-19.736116 ;-23.228864 ;
18.900000 ;-19.728889 ;-23.228370 ;
19.000000 ;-19.740299 ;-23.229530 ;
19.100000 ;-19.739933 ;-23.229660 ;
19.200000 ;-19.730473 ;-23.228994 ;
19.300000 ;-19.735656 ;-23.229626 ;
19.400000 ;-19.739439 ;-23.230141 ;
19.500000 ;-19.730800 ;-23.229566 ;
19.600000 ;-19.732295 ;-23.229890 ;
19.700000 ;-19.739229 ;-23.230697 ;
19.800000 ;-19.731332 ;-23.230201 ;
19.900000 ;-19.727789 ;-23.230093 ;
20.000000 ;-19.736701 ;-23.231086 ;
20.100000 ;-19.737100 ;-23.231331 ;
20.200000 ;-19.724931 ;-23.230470 ;
20.300000 ;-19.728758 ;-23.231023 ;
20.400000 ;-19.742375 ;-23.232441 ;
20.500000 ;-19.732347 ;-23.231775 ;
20.600000 ;-19.724067 ;-23.231265 ;
20.700000 ;-19.736647 ;-23.232597 ;
20.800000 ;-19.739847 ;-23.233103 ;
20.900000 ;-19.727918 ;-23.232275 ;
21.000000 ;-19.732301 ;-23.232887 ;
21.100000 ;-19.739599 ;-23.233757 ;
21.200000 ;-19.730389 ;-23.233172 ;
21.300000 ;-19.730682 ;-23.233425 ;
21.400000 ;-19.737987 ;-23.234297 ;
21.500000 ;-19.731306 ;-23.233936 ;
21.600000 ;-19.728210 ;-23.233891 ;
21.700000 ;-19.735971 ;-23.234805 ;
21.800000 ;-19.735383 ;-23.234982 ;
21.900000 ;-19.725397 ;-23.234330 ;
22.000000 ;-19.729754 ;-23.234944 ;
22.100000 ;-19.741470 ;-23.236206 ;
22.200000 ;-19.731166 ;-23.235527 ;
22.300000 ;-19.723180 ;-23.235051 ;
22.400000 ;-19.736406 ;-23.236447 ;
22.500000 ;-19.742152 ;-23.237184 ;
22.600000 ;-19.727783 ;-23.236145 ;
22.700000 ;-19.731053 ;-23.236662 ;
22.800000 ;-19.742697 ;-23.237918 ;
22.900000 ;-19.732786 ;-23.237272 ;
23.000000 ;-19.731002 ;-23.237342 ;
23.100000 ;-19.739382 ;-23.238309 ;
23.200000 ;-19.733931 ;-23.238056 ;
23.300000 ;-19.730366 ;-23.237968 ;
23.400000 ;-19.737150 ;-23.238793 ;
23.500000 ;-19.736352 ;-23.238949 ;
23.600000 ;-19.728383 ;-23.238472 ;
23.700000 ;-19.732728 ;-23.239081 ;
23.800000 ;-19.741849 ;-23.240111 ;
23.900000 ;-19.731467 ;-23.239420 ;
24.000000 ;-19.725222 ;-23.239093 ;
24.100000 ;-19.738308 ;-23.240472 ;
24.200000 ;-19.744207 ;-23.241216 ;
24.300000 ;-19.728294 ;-23.240036 ;
24.400000 ;-19.730772 ;-23.240477 ;
24.500000 ;-19.746365 ;-23.242076 ;
24.600000 ;-19.736665 ;-23.241443 ;
24.700000 ;-19.731798 ;-23.241235 ;
24.800000 ;-19.741776 ;-23.242337 ;
24.900000 ;-19.738232 ;-23.242245 ;
25.000000 ;-19.733138 ;-23.242016 ;
25.100000 ;-19.739191 ;-23.242770 ;
25.200000 ;-19.739115 ;-23.242983 ;
25.300000 ;-19.732381 ;-23.242609 ;
25.400000 ;-19.736184 ;-23.243163 ;
25.500000 ;-19.742988 ;-23.243981 ;
25.600000 ;-19.733388 ;-23.243352 ;
25.700000 ;-19.729490 ;-23.243226 ;
25.800000 ;-19.741381 ;-23.244492 ;
25.900000 ;-19.745034 ;-23.245031 ;
26.000000 ;-19.729088 ;-23.243840 ;
26.100000 ;-19.731833 ;-23.244298 ;
26.200000 ;-19.749685 ;-23.246090 ;
26.300000 ;-19.740781 ;-23.245519 ;
26.400000 ;-19.732264 ;-23.244982 ;
26.500000 ;-19.743965 ;-23.246229 ;
26.600000 ;-19.744036 ;-23.246449 ;
26.700000 ;-19.736124 ;-23.245964 ;
26.800000 ;-19.741416 ;-23.246644 ;
26.900000 ;-19.743195 ;-23.247013 ;
27.000000 ;-19.736617 ;-23.246644 ;
27.100000 ;-19.739487 ;-23.247109 ;
27.200000 ;-19.744921 ;-23.247799 ;
27.300000 ;-19.736811 ;-23.247294 ;
27.400000 ;-19.734738 ;-23.247321 ;
27.500000 ;-19.744619 ;-23.248402 ;
27.600000 ;-19.745117 ;-23.248655 ;
27.700000 ;-19.731037 ;-23.247621 ;
27.800000 ;-19.735059 ;-23.248184 ;
27.900000 ;-19.752449 ;-23.249927 ;
28.000000 ;-19.743540 ;-23.249348 ;
28.100000 ;-19.732188 ;-23.248553 ;
28.200000 ;-19.745438 ;-23.249929 ;
28.300000 ;-19.751093 ;-23.250635 ;
28.400000 ;-19.739147 ;-23.249786 ;
28.500000 ;-19.743093 ;-23.250339 ;
28.600000 ;-19.748565 ;-23.251026 ;
28.700000 ;-19.740992 ;-23.250562 ;
28.800000 ;-19.742435 ;-23.250893 ;
28.900000 ;-19.747741 ;-23.251564 ;
29.000000 ;-19.741083 ;-23.251179 ;
29.100000 ;-19.739751 ;-23.251264 ;
29.200000 ;-19.747536 ;-23.252152 ;
29.300000 ;-19.745699 ;-23.252191 ;
29.400000 ;-19.734981 ;-23.251446 ;
29.500000 ;-19.740181 ;-23.252105 ;
29.600000 ;-19.754432 ;-23.253563 ;
29.700000 ;-19.744164 ;-23.252855 ;
29.800000 ;-19.732462 ;-23.252020 ;
29.900000 ;-19.746991 ;-23.253502 ;
30.000000 ;-19.757910 ;-23.254665 ;
30.100000 ;-19.741743 ;-23.253435 ;
30.200000 ;-19.743433 ;-23.253781 ;
30.300000 ;-19.755047 ;-23.255003 ;
30.400000 ;-19.745918 ;-23.254393 ;
30.500000 ;-19.744884 ;-23.254497 ;
30.600000 ;-19.751315 ;-23.255259 ;
30.700000 ;-19.745719 ;-23.254960 ;
30.800000 ;-19.744010 ;-23.255003 ;
30.900000 ;-19.750232 ;-23.255745 ;
31.000000 ;-19.747705 ;-23.255715 ;
31.100000 ;-19.740337 ;-23.255257 ;
31.200000 ;-19.745655 ;-23.255919 ;
31.300000 ;-19.755515 ;-23.256981 ;
31.400000 ;-19.743971 ;-23.256152 ;
31.500000 ;-19.734993 ;-23.255550 ;
31.600000 ;-19.749990 ;-23.257065 ;
31.700000 ;-19.761878 ;-23.258305 ;
31.800000 ;-19.742873 ;-23.256815 ;
31.900000 ;-19.742320 ;-23.256954 ;
32.000000 ;-19.760378 ;-23.258738 ;
32.100000 ;-19.751930 ;-23.258180 ;
32.200000 ;-19.746550 ;-23.257892 ;
32.300000 ;-19.754968 ;-23.258822 ;
32.400000 ;-19.750928 ;-23.258652 ;
32.500000 ;-19.747605 ;-23.258544 ;
32.600000 ;-19.752895 ;-23.259196 ;
32.700000 ;-19.751028 ;-23.259216 ;
32.800000 ;-19.745715 ;-23.258931 ;
32.900000 ;-19.750223 ;-23.259513 ;
33.000000 ;-19.756255 ;-23.260228 ;
33.100000 ;-19.745339 ;-23.259447 ;
33.200000 ;-19.740573 ;-23.259208 ;
33.300000 ;-19.754252 ;-23.260598 ;
33.400000 ;-19.762119 ;-23.261475 ;
33.500000 ;-19.742226 ;-23.259897 ;
33.600000 ;-19.741481 ;-23.260012 ;
33.700000 ;-19.763906 ;-23.262174 ;
33.800000 ;-19.758454 ;-23.261872 ;
33.900000 ;-19.746898 ;-23.261030 ;
34.000000 ;-19.757261 ;-23.262124 ;
34.100000 ;-19.757639 ;-23.262336 ;
34.200000 ;-19.750930 ;-23.261920 ;
34.300000 ;-19.755394 ;-23.262491 ;
34.400000 ;-19.755263 ;-23.262656 ;
34.500000 ;-19.750394 ;-23.262402 ;
34.600000 ;-19.753729 ;-23.262872 ;
34.700000 ;-19.757522 ;-23.263382 ;
34.800000 ;-19.748984 ;-23.262802 ;
34.900000 ;-19.747393 ;-23.262836 ;
35.000000 ;-19.758101 ;-23.263955 ;
35.100000 ;-19.760166 ;-23.264310 ;
35.200000 ;-19.742163 ;-23.262892 ;
35.300000 ;-19.743969 ;-23.263223 ;
35.400000 ;-19.766596 ;-23.265395 ;
35.500000 ;-19.762512 ;-23.265206 ;
35.600000 ;-19.745310 ;-23.263856 ;
35.700000 ;-19.757012 ;-23.265060 ;
35.800000 ;-19.766769 ;-23.266094 ;
35.900000 ;-19.754531 ;-23.265182 ;
36.000000 ;-19.757031 ;-23.265571 ;
36.100000 ;-19.760660 ;-23.266060 ;
36.200000 ;-19.754677 ;-23.265699 ;
36.300000 ;-19.756499 ;-23.266028 ;
36.400000 ;-19.759838 ;-23.266489 ;
36.500000 ;-19.753600 ;-23.266105 ;
36.600000 ;-19.753217 ;-23.266236 ;
36.700000 ;-19.760778 ;-23.267070 ;
36.800000 ;-19.758583 ;-23.267041 ;
36.900000 ;-19.745629 ;-23.266060 ;
37.000000 ;-19.750354 ;-23.266642 ;
37.100000 ;-19.768530 ;-23.268412 ;
37.200000 ;-19.761571 ;-23.267960 ;
37.300000 ;-19.742626 ;-23.266447 ;
37.400000 ;-19.755875 ;-23.267781 ;
37.500000 ;-19.775942 ;-23.269719 ;
37.600000 ;-19.758368 ;-23.268327 ;
37.700000 ;-19.756463 ;-23.268319 ;
37.800000 ;-19.767657 ;-23.269469 ;
37.900000 ;-19.759668 ;-23.268923 ;
38.000000 ;-19.758722 ;-23.268999 ;
38.100000 ;-19.763191 ;-23.269552 ;
38.200000 ;-19.758152 ;-23.269266 ;
38.300000 ;-19.757457 ;-23.269362 ;
38.400000 ;-19.762866 ;-23.269998 ;
38.500000 ;-19.759496 ;-23.269857 ;
38.600000 ;-19.751854 ;-23.269338 ;
38.700000 ;-19.757348 ;-23.269980 ;
38.800000 ;-19.768916 ;-23.271158 ;
38.900000 ;-19.757893 ;-23.270339 ;
39.000000 ;-19.742880 ;-23.269166 ;
39.100000 ;-19.757911 ;-23.270650 ;
39.200000 ;-19.779930 ;-23.272752 ;
39.300000 ;-19.760068 ;-23.271149 ;
39.400000 ;-19.752717 ;-23.270652 ;
39.500000 ;-19.772236 ;-23.272531 ;
39.600000 ;-19.767048 ;-23.272226 ;
39.700000 ;-19.760364 ;-23.271787 ;
39.800000 ;-19.766767 ;-23.272504 ;
39.900000 ;-19.762999 ;-23.272323 ;
40.000000 ;-19.760607 ;-23.272265 ;
40.100000 ;-19.765063 ;-23.272799 ;
40.200000 ;-19.764459 ;-23.272850 ;
40.300000 ;-19.764265 ;-23.272903 ;
40.400000 ;-19.767066 ;-23.273211 ;
40.500000 ;-19.768799 ;-23.273389 ;
40.600000 ;-19.771471 ;-23.273651 ;
40.700000 ;-19.774808 ;-23.273985 ;
40.800000 ;-19.778600 ;-23.274382 ;
40.900000 ;-19.783456 ;-23.274900 ;
41.000000 ;-19.788560 ;-23.275476 ;
41.100000 ;-19.793654 ;-23.276093 ;
41.200000 ;-19.800744 ;-23.276918 ;
41.300000 ;-19.809094 ;-23.277888 ;
41.400000 ;-19.812757 ;-23.278505 ;
41.500000 ;-19.815313 ;-23.279075 ;
41.600000 ;-19.828823 ;-23.280617 ;
41.700000 ;-19.851007 ;-23.282929 ;
41.800000 ;-19.864725 ;-23.284532 ;
41.900000 ;-19.866706 ;-23.285147 ;
42.000000 ;-19.881884 ;-23.286947 ;
42.100000 ;-19.901106 ;-23.289112 ;
42.200000 ;-19.910588 ;-23.290416 ;
42.300000 ;-19.927810 ;-23.292397 ;
42.400000 ;-19.948607 ;-23.294673 ;
42.500000 ;-19.960891 ;-23.296171 ;
42.600000 ;-19.979890 ;-23.298219 ;
42.700000 ;-20.009044 ;-23.301100 ;
42.800000 ;-20.029829 ;-23.303162 ;
42.900000 ;-20.038824 ;-23.304090 ;
43.000000 ;-20.068392 ;-23.306747 ;
43.100000 ;-20.114494 ;-23.310745 ;
43.200000 ;-20.134517 ;-23.312241 ;
43.300000 ;-20.145811 ;-23.312778 ;
43.400000 ;-20.189802 ;-23.316083 ;
43.500000 ;-20.235823 ;-23.319338 ;
43.600000 ;-20.252771 ;-23.319692 ;
43.700000 ;-20.287930 ;-23.321427 ;
43.800000 ;-20.330822 ;-23.323555 ;
43.900000 ;-20.359767 ;-23.324068 ;
44.000000 ;-20.398480 ;-23.325102 ;
44.100000 ;-20.442000 ;-23.326172 ;
44.200000 ;-20.476104 ;-23.325953 ;
44.300000 ;-20.517431 ;-23.325933 ;
44.400000 ;-20.567729 ;-23.326232 ;
44.500000 ;-20.607696 ;-23.325057 ;
44.600000 ;-20.643239 ;-23.322927 ;
44.700000 ;-20.696707 ;-23.321870 ;
44.800000 ;-20.757392 ;-23.320859 ;
44.900000 ;-20.792609 ;-23.316831 ;
45.000000 ;-20.832086 ;-23.312542 ;
45.100000 ;-20.898384 ;-23.310088 ;
45.200000 ;-20.957703 ;-23.306251 ;
45.300000 ;-20.993411 ;-23.299442 ;
45.400000 ;-21.048483 ;-23.293720 ;
45.500000 ;-21.112992 ;-23.288120 ;
45.600000 ;-21.157308 ;-23.279803 ;
45.700000 ;-21.210402 ;-23.271524 ;
45.800000 ;-21.272398 ;-23.263280 ;
45.900000 ;-21.322193 ;-23.253048 ;
46.000000 ;-21.375074 ;-23.242288 ;
46.100000 ;-21.438057 ;-23.231663 ;
46.200000 ;-21.494280 ;-23.219556 ;
46.300000 ;-21.541707 ;-23.205780 ;
46.400000 ;-21.602163 ;-23.192437 ;
46.500000 ;-21.671354 ;-23.179116 ;
46.600000 ;-21.721149 ;-23.163104 ;
46.700000 ;-21.766809 ;-23.145900 ;
46.800000 ;-21.834704 ;-23.130087 ;
46.900000 ;-21.907213 ;-23.113955 ;
47.000000 ;-21.949739 ;-23.094134 ;
47.100000 ;-22.001371 ;-23.074485 ;
47.200000 ;-22.073387 ;-23.056139 ;
47.300000 ;-22.129657 ;-23.035554 ;
47.400000 ;-22.176764 ;-23.013411 ;
47.500000 ;-22.238852 ;-22.992118 ;
47.600000 ;-22.299701 ;-22.970098 ;
47.700000 ;-22.347557 ;-22.946222 ;
47.800000 ;-22.404159 ;-22.922666 ;
47.900000 ;-22.466890 ;-22.899202 ;
48.000000 ;-22.515786 ;-22.873886 ;
48.100000 ;-22.564907 ;-22.848145 ;
48.200000 ;-22.626419 ;-22.823212 ;
48.300000 ;-22.686864 ;-22.797784 ;
48.400000 ;-22.727166 ;-22.770004 ;
48.500000 ;-22.775438 ;-22.742699 ;
48.600000 ;-22.841892 ;-22.716914 ;
48.700000 ;-22.900317 ;-22.690071 ;
48.800000 ;-22.933992 ;-22.660538 ;
48.900000 ;-22.983520 ;-22.632397 ;
49.000000 ;-23.051369 ;-22.605922 ;
49.100000 ;-23.097541 ;-22.577151 ;
49.200000 ;-23.134695 ;-22.547380 ;
49.300000 ;-23.189657 ;-22.519316 ;
49.400000 ;-23.244430 ;-22.491188 ;
49.500000 ;-23.281666 ;-22.461294 ;
49.600000 ;-23.327681 ;-22.432288 ;
49.700000 ;-23.381458 ;-22.404092 ;
49.800000 ;-23.421549 ;-22.374593 ;
49.900000 ;-23.460417 ;-22.345058 ;
50.000000 ;-23.510266 ;-22.316725 ;
50.100000 ;-23.559589 ;-22.288468 ;
50.200000 ;-23.591159 ;-22.258595 ;
50.300000 ;-23.628750 ;-22.229495 ;
50.400000 ;-23.681838 ;-22.202127 ;
50.500000 ;-23.730185 ;-22.174493 ;
50.600000 ;-23.753430 ;-22.144585 ;
50.700000 ;-23.788305 ;-22.116078 ;
50.800000 ;-23.844642 ;-22.089964 ;
50.900000 ;-23.888538 ;-22.062880 ;
51.000000 ;-23.908933 ;-22.033741 ;
51.100000 ;-23.946868 ;-22.006644 ;
51.200000 ;-23.998503 ;-21.981216 ;
51.300000 ;-24.026996 ;-21.953804 ;
51.400000 ;-24.054918 ;-21.926663 ;
51.500000 ;-24.096753 ;-21.901239 ;
51.600000 ;-24.132767 ;-21.875580 ;
51.700000 ;-24.157810 ;-21.849185 ;
51.800000 ;-24.191952 ;-21.824050 ;
51.900000 ;-24.231968 ;-21.799858 ;
52.000000 ;-24.257722 ;-21.774623 ;
52.100000 ;-24.281459 ;-21.749562 ;
52.200000 ;-24.318205 ;-21.726164 ;
52.300000 ;-24.358425 ;-21.703487 ;
52.400000 ;-24.376946 ;-21.679049 ;
52.500000 ;-24.394987 ;-21.654949 ;
52.600000 ;-24.434102 ;-21.633316 ;
52.700000 ;-24.478529 ;-21.612594 ;
52.800000 ;-24.491566 ;-21.589161 ;
52.900000 ;-24.506584 ;-21.566312 ;
53.000000 ;-24.546666 ;-21.546323 ;
53.100000 ;-24.584229 ;-21.526473 ;
53.200000 ;-24.594228 ;-21.504291 ;
53.300000 ;-24.616865 ;-21.483739 ;
53.400000 ;-24.652791 ;-21.464879 ;
53.500000 ;-24.671771 ;-21.444732 ;
53.600000 ;-24.688680 ;-21.424761 ;
53.700000 ;-24.717006 ;-21.406287 ;
53.800000 ;-24.742949 ;-21.387953 ;
53.900000 ;-24.756357 ;-21.368760 ;
54.000000 ;-24.777071 ;-21.350650 ;
54.100000 ;-24.807104 ;-21.333819 ;
54.200000 ;-24.827580 ;-21.316411 ;
54.300000 ;-24.834910 ;-21.298072 ;
54.400000 ;-24.855466 ;-21.281382 ;
54.500000 ;-24.890429 ;-21.266451 ;
54.600000 ;-24.911537 ;-21.250508 ;
54.700000 ;-24.910498 ;-21.232740 ;
54.800000 ;-24.928550 ;-21.217177 ;
54.900000 ;-24.968092 ;-21.204047 ;
55.000000 ;-24.986435 ;-21.189171 ;
55.100000 ;-24.986092 ;-21.172792 ;
55.200000 ;-25.006978 ;-21.158807 ;
55.300000 ;-25.038194 ;-21.146144 ;
55.400000 ;-25.044443 ;-21.131353 ;
55.500000 ;-25.055111 ;-21.117298 ;
55.600000 ;-25.078455 ;-21.104780 ;
55.700000 ;-25.092940 ;-21.091693 ;
55.800000 ;-25.100544 ;-21.078226 ;
55.900000 ;-25.117751 ;-21.065981 ;
56.000000 ;-25.139086 ;-21.054419 ;
56.100000 ;-25.145842 ;-21.041715 ;
56.200000 ;-25.152565 ;-21.029279 ;
56.300000 ;-25.172941 ;-21.018439 ;
56.400000 ;-25.197018 ;-21.008221 ;
56.500000 ;-25.198499 ;-20.996065 ;
56.600000 ;-25.197742 ;-20.983945 ;
56.700000 ;-25.220528 ;-20.974362 ;
56.800000 ;-25.253090 ;-20.965973 ;
56.900000 ;-25.252822 ;-20.954634 ;
57.000000 ;-25.248146 ;-20.943104 ;
57.100000 ;-25.271310 ;-20.934508 ;
57.200000 ;-25.299017 ;-20.926580 ;
57.300000 ;-25.294833 ;-20.915779 ;
57.400000 ;-25.300644 ;-20.906166 ;
57.500000 ;-25.321642 ;-20.898241 ;
57.600000 ;-25.328715 ;-20.889175 ;
57.700000 ;-25.331801 ;-20.879929 ;
57.800000 ;-25.345615 ;-20.871924 ;
57.900000 ;-25.359247 ;-20.864100 ;
58.000000 ;-25.360355 ;-20.855256 ;
58.100000 ;-25.367326 ;-20.847171 ;
58.200000 ;-25.384324 ;-20.840243 ;
58.300000 ;-25.395732 ;-20.832957 ;
58.400000 ;-25.390114 ;-20.824202 ;
58.500000 ;-25.395012 ;-20.816640 ;
58.600000 ;-25.418175 ;-20.811017 ;
58.700000 ;-25.436717 ;-20.805115 ;
58.800000 ;-25.423633 ;-20.796320 ;
58.900000 ;-25.421878 ;-20.788783 ;
59.000000 ;-25.449430 ;-20.784236 ;
59.100000 ;-25.471244 ;-20.779290 ;
59.200000 ;-25.457984 ;-20.771105 ;
59.300000 ;-25.461082 ;-20.764650 ;
59.400000 ;-25.483439 ;-20.760202 ;
59.500000 ;-25.485755 ;-20.753959 ;
59.600000 ;-25.484101 ;-20.747472 ;
59.700000 ;-25.495507 ;-20.742383 ;
59.800000 ;-25.504263 ;-20.737172 ;
59.900000 ;-25.502850 ;-20.731110 ;
60.000000 ;-25.508966 ;-20.725902 ;
60.100000 ;-25.521794 ;-20.721467 ;
60.200000 ;-25.523881 ;-20.716119 ;
60.300000 ;-25.519912 ;-20.710307 ;
60.400000 ;-25.528535 ;-20.705827 ;
60.500000 ;-25.546648 ;-20.702376 ;
60.600000 ;-25.549074 ;-20.697525 ;
60.700000 ;-25.534317 ;-20.691129 ;
60.800000 ;-25.540558 ;-20.686865 ;
60.900000 ;-25.569289 ;-20.684873 ;
61.000000 ;-25.579007 ;-20.681151 ;
61.100000 ;-25.559419 ;-20.674707 ;
61.200000 ;-25.563872 ;-20.670678 ;
61.300000 ;-25.590871 ;-20.668919 ;
61.400000 ;-25.589613 ;-20.664531 ;
61.500000 ;-25.582319 ;-20.659653 ;
61.600000 ;-25.592887 ;-20.656587 ;
61.700000 ;-25.600244 ;-20.653299 ;
61.800000 ;-25.596148 ;-20.648996 ;
61.900000 ;-25.600689 ;-20.645608 ;
62.000000 ;-25.610326 ;-20.642793 ;
62.100000 ;-25.608310 ;-20.638938 ;
62.200000 ;-25.606770 ;-20.635208 ;
62.300000 ;-25.615671 ;-20.632560 ;
62.400000 ;-25.626567 ;-20.630179 ;
62.500000 ;-25.619084 ;-20.626105 ;
62.600000 ;-25.611179 ;-20.622063 ;
62.700000 ;-25.623735 ;-20.620060 ;
62.800000 ;-25.646245 ;-20.619082 ;
62.900000 ;-25.640461 ;-20.615452 ;
63.000000 ;-25.620401 ;-20.610516 ;
63.100000 ;-25.631425 ;-20.608634 ;
63.200000 ;-25.662529 ;-20.608746 ;
63.300000 ;-25.656162 ;-20.605317 ;
63.400000 ;-25.642850 ;-20.601280 ;
63.500000 ;-25.654940 ;-20.599745 ;
63.600000 ;-25.665014 ;-20.598075 ;
63.700000 ;-25.656785 ;-20.594701 ;
63.800000 ;-25.659216 ;-20.592407 ;
63.900000 ;-25.667588 ;-20.590738 ;
64.000000 ;-25.663950 ;-20.587968 ;
64.100000 ;-25.663108 ;-20.585519 ;
64.200000 ;-25.670709 ;-20.583932 ;
64.300000 ;-25.675223 ;-20.582097 ;
64.400000 ;-25.666825 ;-20.579071 ;
64.500000 ;-25.665924 ;-20.576812 ;
64.600000 ;-25.678980 ;-20.575940 ;
64.700000 ;-25.690187 ;-20.574936 ;
64.800000 ;-25.673579 ;-20.571305 ;
64.900000 ;-25.661748 ;-20.568177 ;
65.000000 ;-25.680639 ;-20.568041 ;
65.100000 ;-25.708429 ;-20.568801 ;
65.200000 ;-25.692949 ;-20.565445 ;
65.300000 ;-25.676367 ;-20.562025 ;
65.400000 ;-25.693600 ;-20.561891 ;
65.500000 ;-25.710496 ;-20.561762 ;
65.600000 ;-25.695987 ;-20.558654 ;
65.700000 ;-25.695469 ;-20.556925 ;
65.800000 ;-25.705436 ;-20.556238 ;
65.900000 ;-25.700570 ;-20.554162 ;
66.000000 ;-25.698694 ;-20.552407 ;
66.100000 ;-25.705032 ;-20.551473 ;
66.200000 ;-25.705918 ;-20.550048 ;
66.300000 ;-25.699989 ;-20.548001 ;
66.400000 ;-25.702262 ;-20.546772 ;
66.500000 ;-25.712160 ;-20.546304 ;
66.600000 ;-25.712290 ;-20.544929 ;
66.700000 ;-25.696728 ;-20.542078 ;
66.800000 ;-25.696255 ;-20.540703 ;
66.900000 ;-25.716816 ;-20.541373 ;
67.000000 ;-25.731326 ;-20.541489 ;
67.100000 ;-25.706560 ;-20.537864 ;
67.200000 ;-25.694246 ;-20.535461 ;
67.300000 ;-25.719745 ;-20.536711 ;
67.400000 ;-25.741411 ;-20.537617 ;
67.500000 ;-25.719405 ;-20.534356 ;
67.600000 ;-25.715452 ;-20.532852 ;
67.700000 ;-25.730983 ;-20.533240 ;
67.800000 ;-25.725731 ;-20.531657 ;
67.900000 ;-25.720777 ;-20.530124 ;
68.000000 ;-25.726454 ;-20.529632 ;
68.100000 ;-25.726433 ;-20.528615 ;
68.200000 ;-25.721669 ;-20.527164 ;
68.300000 ;-25.724408 ;-20.526452 ;
68.400000 ;-25.730946 ;-20.526124 ;
68.500000 ;-25.725525 ;-20.524669 ;
68.600000 ;-25.717309 ;-20.522965 ;
68.700000 ;-25.722970 ;-20.522610 ;
68.800000 ;-25.737889 ;-20.523160 ;
68.900000 ;-25.735804 ;-20.522097 ;
69.000000 ;-25.711177 ;-20.518892 ;
69.100000 ;-25.710961 ;-20.518044 ;
69.200000 ;-25.741363 ;-20.520148 ;
69.300000 ;-25.756141 ;-20.520769 ;
69.400000 ;-25.727239 ;-20.517218 ;
69.500000 ;-25.722776 ;-20.516027 ;
69.600000 ;-25.747991 ;-20.517697 ;
69.700000 ;-25.745033 ;-20.516680 ;
69.800000 ;-25.733932 ;-20.514895 ;
69.900000 ;-25.739560 ;-20.514729 ;
70.000000 ;-25.741016 ;-20.514176 ;
70.100000 ;-25.735272 ;-20.512947 ;
70.200000 ;-25.737277 ;-20.512473 ;
70.300000 ;-25.741812 ;-20.512255 ;
70.400000 ;-25.736046 ;-20.511062 ;
70.500000 ;-25.732728 ;-20.510116 ;
70.600000 ;-25.739076 ;-20.510108 ;
70.700000 ;-25.746443 ;-20.510210 ;
70.800000 ;-25.734510 ;-20.508474 ;
70.900000 ;-25.721169 ;-20.506615 ;
71.000000 ;-25.731300 ;-20.507015 ;
71.100000 ;-25.755986 ;-20.508822 ;
71.200000 ;-25.753231 ;-20.508008 ;
71.300000 ;-25.722319 ;-20.504508 ;
71.400000 ;-25.725195 ;-20.504257 ;
71.500000 ;-25.760449 ;-20.507119 ;
71.600000 ;-25.759428 ;-20.506512 ;
71.700000 ;-25.739321 ;-20.504085 ;
71.800000 ;-25.745762 ;-20.504213 ;
71.900000 ;-25.753752 ;-20.504498 ;
72.000000 ;-25.744359 ;-20.503126 ;
72.100000 ;-25.744470 ;-20.502672 ;
72.200000 ;-25.748894 ;-20.502640 ;
72.300000 ;-25.743663 ;-20.501692 ;
72.400000 ;-25.741851 ;-20.501079 ;
72.500000 ;-25.747076 ;-20.501148 ;
72.600000 ;-25.748723 ;-20.500882 ;
72.700000 ;-25.737970 ;-20.499436 ;
72.800000 ;-25.734902 ;-20.498733 ;
72.900000 ;-25.746593 ;-20.499452 ;
73.000000 ;-25.758617 ;-20.500209 ;
73.100000 ;-25.740548 ;-20.498091 ;
73.200000 ;-25.719321 ;-20.495677 ;
73.300000 ;-25.734500 ;-20.496759 ;
73.400000 ;-25.770311 ;-20.499823 ;
73.500000 ;-25.761944 ;-20.498659 ;
73.600000 ;-25.734755 ;-20.495699 ;
73.700000 ;-25.745256 ;-20.496358 ;
73.800000 ;-25.767198 ;-20.498119 ;
73.900000 ;-25.751826 ;-20.496310 ;
74.000000 ;-25.747706 ;-20.495583 ;
74.100000 ;-25.754557 ;-20.495914 ;
74.200000 ;-25.749182 ;-20.495078 ;
74.300000 ;-25.746555 ;-20.494511 ;
74.400000 ;-25.750811 ;-20.494608 ;
74.500000 ;-25.750016 ;-20.494227 ;
74.600000 ;-25.743403 ;-20.493293 ;
74.700000 ;-25.744439 ;-20.493097 ;
74.800000 ;-25.752866 ;-20.493613 ;
74.900000 ;-25.753195 ;-20.493359 ;
75.000000 ;-25.734252 ;-20.491264 ;
75.100000 ;-25.729156 ;-20.490499 ;
75.200000 ;-25.749401 ;-20.492166 ;
75.300000 ;-25.771123 ;-20.493978 ;
75.400000 ;-25.748219 ;-20.491520 ;
75.500000 ;-25.723471 ;-20.488891 ;
75.600000 ;-25.744139 ;-20.490617 ;
75.700000 ;-25.778006 ;-20.493611 ;
75.800000 ;-25.757212 ;-20.491371 ;
75.900000 ;-25.746015 ;-20.490054 ;
76.000000 ;-25.758739 ;-20.491033 ;
76.100000 ;-25.755124 ;-20.490450 ;
76.200000 ;-25.749020 ;-20.489632 ;
76.300000 ;-25.752577 ;-20.489742 ;
76.400000 ;-25.751893 ;-20.489450 ;
76.500000 ;-25.746980 ;-20.488755 ;
76.600000 ;-25.748614 ;-20.488691 ;
76.700000 ;-25.753899 ;-20.488980 ;
76.800000 ;-25.748392 ;-20.488238 ;
76.900000 ;-25.738492 ;-20.487080 ;
77.000000 ;-25.742189 ;-20.487225 ;
77.100000 ;-25.757252 ;-20.488463 ;
77.200000 ;-25.760143 ;-20.488537 ;
77.300000 ;-25.731020 ;-20.485549 ;
77.400000 ;-25.721537 ;-20.484446 ;
77.500000 ;-25.751654 ;-20.487137 ;
77.600000 ;-25.781559 ;-20.489809 ;
77.700000 ;-25.752673 ;-20.486853 ;
77.800000 ;-25.736677 ;-20.485135 ;
77.900000 ;-25.759558 ;-20.487145 ;
78.000000 ;-25.764526 ;-20.487441 ;
78.100000 ;-25.750677 ;-20.485936 ;
78.200000 ;-25.752989 ;-20.485980 ;
78.300000 ;-25.754781 ;-20.485977 ;
78.400000 ;-25.748953 ;-20.485247 ;
78.500000 ;-25.749769 ;-20.485154 ;
78.600000 ;-25.753513 ;-20.485344 ;
78.700000 ;-25.748049 ;-20.484655 ;
78.800000 ;-25.743926 ;-20.484096 ;
78.900000 ;-25.748973 ;-20.484417 ;
79.000000 ;-25.756516 ;-20.484979 ;
79.100000 ;-25.746298 ;-20.483842 ;
79.200000 ;-25.728663 ;-20.481998 ;
79.300000 ;-25.734682 ;-20.482420 ;
79.400000 ;-25.761485 ;-20.484834 ;
79.500000 ;-25.770248 ;-20.485521 ;
79.600000 ;-25.734415 ;-20.481941 ;
79.700000 ;-25.724979 ;-20.480892 ;
79.800000 ;-25.760592 ;-20.484159 ;
79.900000 ;-25.775787 ;-20.485471 ;
80.000000 ;-25.760647 ;-20.483878 ;
