0.000000 ;-27.500000 ;-20.600000 ;
0.100000 ;-27.508152 ;-20.659061 ;
0.200000 ;-27.465499 ;-20.693961 ;
0.300000 ;-27.394550 ;-20.711411 ;
0.400000 ;-27.337601 ;-20.718989 ;
0.500000 ;-27.285612 ;-20.718750 ;
0.600000 ;-27.240613 ;-20.713137 ;
0.700000 ;-27.207248 ;-20.704361 ;
0.800000 ;-27.176349 ;-20.692807 ;
0.900000 ;-27.148419 ;-20.679540 ;
1.000000 ;-27.133682 ;-20.666373 ;
1.100000 ;-27.125486 ;-20.653221 ;
1.200000 ;-27.108505 ;-20.638989 ;
1.300000 ;-27.084013 ;-20.624097 ;
1.400000 ;-27.070492 ;-20.610537 ;
1.500000 ;-27.076399 ;-20.599262 ;
1.600000 ;-27.071861 ;-20.587598 ;
1.700000 ;-27.056633 ;-20.575581 ;
1.800000 ;-27.057452 ;-20.565653 ;
1.900000 ;-27.060143 ;-20.556549 ;
2.000000 ;-27.052602 ;-20.547172 ;
2.100000 ;-27.048142 ;-20.538706 ;
2.200000 ;-27.055943 ;-20.531952 ;
2.300000 ;-27.055647 ;-20.525055 ;
2.400000 ;-27.044698 ;-20.517755 ;
2.500000 ;-27.043155 ;-20.511818 ;
2.600000 ;-27.060610 ;-20.508071 ;
2.700000 ;-27.061992 ;-20.503342 ;
2.800000 ;-27.041310 ;-20.497064 ;
2.900000 ;-27.032625 ;-20.492251 ;
3.000000 ;-27.059278 ;-20.490962 ;
3.100000 ;-27.064004 ;-20.488050 ;
3.200000 ;-27.037392 ;-20.482650 ;
3.300000 ;-27.035147 ;-20.479711 ;
3.400000 ;-27.054692 ;-20.478980 ;
3.500000 ;-27.050149 ;-20.476339 ;
3.600000 ;-27.039939 ;-20.473413 ;
3.700000 ;-27.051382 ;-20.472622 ;
3.800000 ;-27.053277 ;-20.471163 ;
3.900000 ;-27.046947 ;-20.469138 ;
4.000000 ;-27.053065 ;-20.468379 ;
4.100000 ;-27.058092 ;-20.467662 ;
4.200000 ;-27.052944 ;-20.466164 ;
4.300000 ;-27.049273 ;-20.464915 ;
4.400000 ;-27.061960 ;-20.465232 ;
4.500000 ;-27.067129 ;-20.464973 ;
4.600000 ;-27.054921 ;-20.463249 ;
4.700000 ;-27.044169 ;-20.461734 ;
4.800000 ;-27.065627 ;-20.463165 ;
4.900000 ;-27.079550 ;-20.463987 ;
5.000000 ;-27.059036 ;-20.461795 ;
5.100000 ;-27.035821 ;-20.459412 ;
5.200000 ;-27.060093 ;-20.461314 ;
5.300000 ;-27.071402 ;-20.462101 ;
5.400000 ;-27.051486 ;-20.460140 ;
5.500000 ;-27.050789 ;-20.459927 ;
5.600000 ;-27.063976 ;-20.460982 ;
5.700000 ;-27.060072 ;-20.460538 ;
5.800000 ;-27.057055 ;-20.460197 ;
5.900000 ;-27.065221 ;-20.460874 ;
6.000000 ;-27.064935 ;-20.460816 ;
6.100000 ;-27.059405 ;-20.460306 ;
6.200000 ;-27.066104 ;-20.460901 ;
6.300000 ;-27.072486 ;-20.461480 ;
6.400000 ;-27.066534 ;-20.460969 ;
6.500000 ;-27.057663 ;-20.460207 ;
6.600000 ;-27.070939 ;-20.461430 ;
6.700000 ;-27.085927 ;-20.462813 ;
6.800000 ;-27.074353 ;-20.461830 ;
6.900000 ;-27.049921 ;-20.459705 ;
7.000000 ;-27.062211 ;-20.460860 ;
7.100000 ;-27.087781 ;-20.463205 ;
7.200000 ;-27.074824 ;-20.462115 ;
7.300000 ;-27.046557 ;-20.459660 ;
7.400000 ;-27.064628 ;-20.461342 ;
7.500000 ;-27.074522 ;-20.462294 ;
7.600000 ;-27.062168 ;-20.461262 ;
7.700000 ;-27.065986 ;-20.461674 ;
7.800000 ;-27.073103 ;-20.462380 ;
7.900000 ;-27.068888 ;-20.462074 ;
8.000000 ;-27.068817 ;-20.462137 ;
8.100000 ;-27.075913 ;-20.462840 ;
8.200000 ;-27.074757 ;-20.462805 ;
8.300000 ;-27.067870 ;-20.462258 ;
8.400000 ;-27.073966 ;-20.462869 ;
8.500000 ;-27.086066 ;-20.464015 ;
8.600000 ;-27.081338 ;-20.463658 ;
8.700000 ;-27.064171 ;-20.462189 ;
8.800000 ;-27.067230 ;-20.462525 ;
8.900000 ;-27.095327 ;-20.465095 ;
9.000000 ;-27.093706 ;-20.465012 ;
9.100000 ;-27.060395 ;-20.462099 ;
9.200000 ;-27.056755 ;-20.461832 ;
9.300000 ;-27.084624 ;-20.464377 ;
9.400000 ;-27.080022 ;-20.464023 ;
9.500000 ;-27.059674 ;-20.462264 ;
9.600000 ;-27.073556 ;-20.463557 ;
9.700000 ;-27.078274 ;-20.464032 ;
9.800000 ;-27.071169 ;-20.463450 ;
9.900000 ;-27.073112 ;-20.499427 ;
10.000000 ;-27.033659 ;-20.785147 ;
10.100000 ;-26.912161 ;-21.187294 ;
10.200000 ;-26.695590 ;-21.597036 ;
10.300000 ;-26.402451 ;-21.975804 ;
10.400000 ;-26.052931 ;-22.309338 ;
10.500000 ;-25.670628 ;-22.594588 ;
10.600000 ;-25.275229 ;-22.832907 ;
10.700000 ;-24.880994 ;-23.027614 ;
10.800000 ;-24.502663 ;-23.183413 ;
10.900000 ;-24.144963 ;-23.304774 ;
11.000000 ;-23.806116 ;-23.395918 ;
11.100000 ;-23.511717 ;-23.463355 ;
11.200000 ;-23.240907 ;-23.509437 ;
11.300000 ;-22.980417 ;-23.536956 ;
11.400000 ;-22.770072 ;-23.552655 ;
11.500000 ;-22.586663 ;-23.557601 ;
11.600000 ;-22.399710 ;-23.551950 ;
11.700000 ;-22.251801 ;-23.541447 ;
11.800000 ;-22.127285 ;-23.526632 ;
11.900000 ;-21.998960 ;-23.506849 ;
12.000000 ;-21.898382 ;-23.485927 ;
12.100000 ;-21.813753 ;-23.463900 ;
12.200000 ;-21.724700 ;-23.439956 ;
12.300000 ;-21.656483 ;-23.416758 ;
12.400000 ;-21.602432 ;-23.394246 ;
12.500000 ;-21.537949 ;-23.370842 ;
12.600000 ;-21.488082 ;-23.348851 ;
12.700000 ;-21.456677 ;-23.328775 ;
12.800000 ;-21.412840 ;-23.308274 ;
12.900000 ;-21.370036 ;-23.288559 ;
13.000000 ;-21.350429 ;-23.271486 ;
13.100000 ;-21.328426 ;-23.255006 ;
13.200000 ;-21.290433 ;-23.238040 ;
13.300000 ;-21.272585 ;-23.223537 ;
13.400000 ;-21.264834 ;-23.210658 ;
13.500000 ;-21.235511 ;-23.196802 ;
13.600000 ;-21.217644 ;-23.184641 ;
13.700000 ;-21.214268 ;-23.174389 ;
13.800000 ;-21.194200 ;-23.163470 ;
13.900000 ;-21.177260 ;-23.153468 ;
14.000000 ;-21.175476 ;-23.145323 ;
14.100000 ;-21.163631 ;-23.136947 ;
14.200000 ;-21.146029 ;-23.128660 ;
14.300000 ;-21.144409 ;-23.122191 ;
14.400000 ;-21.142842 ;-23.116213 ;
14.500000 ;-21.123508 ;-23.109249 ;
14.600000 ;-21.117820 ;-23.103819 ;
14.700000 ;-21.125055 ;-23.099836 ;
14.800000 ;-21.111330 ;-23.094520 ;
14.900000 ;-21.098140 ;-23.089592 ;
15.000000 ;-21.105529 ;-23.086656 ;
15.100000 ;-21.103618 ;-23.083261 ;
15.200000 ;-21.087263 ;-23.078971 ;
15.300000 ;-21.089242 ;-23.076425 ;
15.400000 ;-21.094101 ;-23.074349 ;
15.500000 ;-21.079687 ;-23.070931 ;
15.600000 ;-21.077537 ;-23.068711 ;
15.700000 ;-21.084235 ;-23.067396 ;
15.800000 ;-21.073091 ;-23.064811 ;
15.900000 ;-21.067710 ;-23.062853 ;
16.000000 ;-21.075239 ;-23.062090 ;
16.100000 ;-21.069627 ;-23.060401 ;
16.200000 ;-21.059065 ;-23.058438 ;
16.300000 ;-21.065283 ;-23.057951 ;
16.400000 ;-21.070430 ;-23.057485 ;
16.500000 ;-21.055269 ;-23.055475 ;
16.600000 ;-21.054613 ;-23.054732 ;
16.700000 ;-21.067726 ;-23.055187 ;
16.800000 ;-21.057892 ;-23.053863 ;
16.900000 ;-21.049041 ;-23.052691 ;
17.000000 ;-21.060056 ;-23.053192 ;
17.100000 ;-21.059367 ;-23.052808 ;
17.200000 ;-21.048123 ;-23.051625 ;
17.300000 ;-21.053829 ;-23.051865 ;
17.400000 ;-21.057850 ;-23.052015 ;
17.500000 ;-21.047153 ;-23.051020 ;
17.600000 ;-21.049127 ;-23.051088 ;
17.700000 ;-21.056591 ;-23.051636 ;
17.800000 ;-21.046451 ;-23.050795 ;
17.900000 ;-21.043985 ;-23.050605 ;
18.000000 ;-21.054253 ;-23.051473 ;
18.100000 ;-21.049546 ;-23.051156 ;
18.200000 ;-21.039451 ;-23.050427 ;
18.300000 ;-21.048167 ;-23.051240 ;
18.400000 ;-21.056089 ;-23.052009 ;
18.500000 ;-21.041198 ;-23.050952 ;
18.600000 ;-21.041665 ;-23.051153 ;
18.700000 ;-21.056193 ;-23.052505 ;
18.800000 ;-21.046836 ;-23.051941 ;
18.900000 ;-21.040592 ;-23.051641 ;
19.000000 ;-21.051894 ;-23.052770 ;
19.100000 ;-21.049203 ;-23.052779 ;
19.200000 ;-21.041376 ;-23.052382 ;
19.300000 ;-21.048612 ;-23.053211 ;
19.400000 ;-21.050262 ;-23.053597 ;
19.500000 ;-21.041224 ;-23.053126 ;
19.600000 ;-21.045395 ;-23.053729 ;
19.700000 ;-21.052940 ;-23.054610 ;
19.800000 ;-21.042134 ;-23.054014 ;
19.900000 ;-21.040528 ;-23.054166 ;
20.000000 ;-21.053026 ;-23.055461 ;
20.100000 ;-21.048808 ;-23.055411 ;
20.200000 ;-21.037666 ;-23.054804 ;
20.300000 ;-21.047611 ;-23.055904 ;
20.400000 ;-21.056910 ;-23.056954 ;
20.500000 ;-21.042302 ;-23.056076 ;
20.600000 ;-21.043724 ;-23.056495 ;
20.700000 ;-21.057148 ;-23.057885 ;
20.800000 ;-21.047383 ;-23.057404 ;
20.900000 ;-21.044122 ;-23.057450 ;
21.000000 ;-21.054490 ;-23.058598 ;
21.100000 ;-21.049438 ;-23.058502 ;
21.200000 ;-21.044356 ;-23.058404 ;
21.300000 ;-21.052530 ;-23.059378 ;
21.400000 ;-21.052194 ;-23.059665 ;
21.500000 ;-21.043509 ;-23.059278 ;
21.600000 ;-21.049265 ;-23.060059 ;
21.700000 ;-21.057790 ;-23.061063 ;
21.800000 ;-21.045543 ;-23.060390 ;
21.900000 ;-21.043607 ;-23.060550 ;
22.000000 ;-21.058433 ;-23.062063 ;
22.100000 ;-21.054913 ;-23.062096 ;
22.200000 ;-21.042929 ;-23.061444 ;
22.300000 ;-21.053382 ;-23.062605 ;
22.400000 ;-21.061715 ;-23.063595 ;
22.500000 ;-21.048496 ;-23.062843 ;
22.600000 ;-21.051481 ;-23.063400 ;
22.700000 ;-21.061612 ;-23.064534 ;
22.800000 ;-21.051916 ;-23.064067 ;
22.900000 ;-21.051615 ;-23.064358 ;
23.000000 ;-21.060570 ;-23.065396 ;
23.100000 ;-21.053741 ;-23.065159 ;
23.200000 ;-21.050499 ;-23.065211 ;
23.300000 ;-21.059704 ;-23.066268 ;
23.400000 ;-21.058236 ;-23.066463 ;
23.500000 ;-21.048490 ;-23.065988 ;
23.600000 ;-21.055510 ;-23.066867 ;
23.700000 ;-21.066333 ;-23.068054 ;
23.800000 ;-21.052614 ;-23.067257 ;
23.900000 ;-21.049633 ;-23.067327 ;
24.000000 ;-21.066226 ;-23.068978 ;
24.100000 ;-21.062880 ;-23.069017 ;
24.200000 ;-21.051646 ;-23.068419 ;
24.300000 ;-21.062120 ;-23.069574 ;
24.400000 ;-21.066714 ;-23.070253 ;
24.500000 ;-21.056238 ;-23.069715 ;
24.600000 ;-21.061006 ;-23.070407 ;
24.700000 ;-21.066710 ;-23.071174 ;
24.800000 ;-21.058087 ;-23.070783 ;
24.900000 ;-21.060149 ;-23.071255 ;
25.000000 ;-21.068059 ;-23.072199 ;
25.100000 ;-21.059710 ;-23.071828 ;
25.200000 ;-21.057187 ;-23.071928 ;
25.300000 ;-21.068094 ;-23.073112 ;
25.400000 ;-21.066728 ;-23.073303 ;
25.500000 ;-21.054550 ;-23.072621 ;
25.600000 ;-21.062312 ;-23.073549 ;
25.700000 ;-21.076235 ;-23.074974 ;
25.800000 ;-21.061756 ;-23.074104 ;
25.900000 ;-21.058117 ;-23.074109 ;
26.000000 ;-21.074796 ;-23.075755 ;
26.100000 ;-21.070060 ;-23.075671 ;
26.200000 ;-21.061690 ;-23.075292 ;
26.300000 ;-21.071693 ;-23.076396 ;
26.400000 ;-21.071506 ;-23.076677 ;
26.500000 ;-21.064349 ;-23.076394 ;
26.600000 ;-21.070488 ;-23.077184 ;
26.700000 ;-21.072667 ;-23.077654 ;
26.800000 ;-21.064710 ;-23.077305 ;
26.900000 ;-21.068504 ;-23.077904 ;
27.000000 ;-21.076626 ;-23.078851 ;
27.100000 ;-21.066435 ;-23.078319 ;
27.200000 ;-21.063226 ;-23.078350 ;
27.300000 ;-21.076688 ;-23.079728 ;
27.400000 ;-21.077086 ;-23.080049 ;
27.500000 ;-21.062016 ;-23.079120 ;
27.600000 ;-21.069713 ;-23.080030 ;
27.700000 ;-21.085644 ;-23.081605 ;
27.800000 ;-21.071247 ;-23.080728 ;
27.900000 ;-21.068658 ;-23.080804 ;
28.000000 ;-21.083029 ;-23.082251 ;
28.100000 ;-21.075969 ;-23.081965 ;
28.200000 ;-21.071654 ;-23.081900 ;
28.300000 ;-21.080536 ;-23.082901 ;
28.400000 ;-21.076730 ;-23.082875 ;
28.500000 ;-21.072278 ;-23.082797 ;
28.600000 ;-21.079441 ;-23.083657 ;
28.700000 ;-21.079558 ;-23.083947 ;
28.800000 ;-21.070863 ;-23.083524 ;
28.900000 ;-21.075961 ;-23.084214 ;
29.000000 ;-21.086258 ;-23.085325 ;
29.100000 ;-21.074233 ;-23.084630 ;
29.200000 ;-21.068647 ;-23.084455 ;
29.300000 ;-21.084842 ;-23.086041 ;
29.400000 ;-21.088018 ;-23.086573 ;
29.500000 ;-21.071465 ;-23.085510 ;
29.600000 ;-21.078724 ;-23.086370 ;
29.700000 ;-21.092864 ;-23.087787 ;
29.800000 ;-21.079573 ;-23.086986 ;
29.900000 ;-21.079736 ;-23.087271 ;
30.000000 ;-21.089662 ;-23.088344 ;
30.100000 ;-21.081585 ;-23.087962 ;
30.200000 ;-21.080896 ;-23.088176 ;
30.300000 ;-21.088408 ;-23.089052 ;
30.400000 ;-21.082421 ;-23.088837 ;
30.500000 ;-21.079389 ;-23.088859 ;
30.600000 ;-21.087921 ;-23.089816 ;
30.700000 ;-21.087626 ;-23.090058 ;
30.800000 ;-21.076165 ;-23.089397 ;
30.900000 ;-21.081898 ;-23.090125 ;
31.000000 ;-21.096541 ;-23.091573 ;
31.100000 ;-21.083997 ;-23.090822 ;
31.200000 ;-21.075131 ;-23.090368 ;
31.300000 ;-21.092722 ;-23.092053 ;
31.400000 ;-21.096947 ;-23.092656 ;
31.500000 ;-21.081903 ;-23.091700 ;
31.600000 ;-21.089181 ;-23.092548 ;
31.700000 ;-21.096810 ;-23.093425 ;
31.800000 ;-21.086780 ;-23.092873 ;
31.900000 ;-21.089800 ;-23.093374 ;
32.000000 ;-21.094674 ;-23.094026 ;
32.100000 ;-21.087401 ;-23.093694 ;
32.200000 ;-21.089163 ;-23.094092 ;
32.300000 ;-21.096088 ;-23.094907 ;
32.400000 ;-21.088188 ;-23.094522 ;
32.500000 ;-21.084891 ;-23.094509 ;
32.600000 ;-21.095796 ;-23.095644 ;
32.700000 ;-21.097697 ;-23.096049 ;
32.800000 ;-21.081687 ;-23.095006 ;
32.900000 ;-21.086485 ;-23.095645 ;
33.000000 ;-21.106348 ;-23.097502 ;
33.100000 ;-21.094935 ;-23.096828 ;
33.200000 ;-21.084528 ;-23.096235 ;
33.300000 ;-21.101104 ;-23.097823 ;
33.400000 ;-21.102056 ;-23.098148 ;
33.500000 ;-21.091599 ;-23.097549 ;
33.600000 ;-21.099029 ;-23.098396 ;
33.700000 ;-21.099829 ;-23.098706 ;
33.800000 ;-21.093606 ;-23.098447 ;
33.900000 ;-21.098444 ;-23.099082 ;
34.000000 ;-21.100023 ;-23.099453 ;
34.100000 ;-21.092853 ;-23.099115 ;
34.200000 ;-21.096166 ;-23.099625 ;
34.300000 ;-21.104380 ;-23.100530 ;
34.400000 ;-21.094363 ;-23.099960 ;
34.500000 ;-21.088268 ;-23.099707 ;
34.600000 ;-21.102338 ;-23.101083 ;
34.700000 ;-21.109861 ;-23.101930 ;
34.800000 ;-21.089854 ;-23.100549 ;
34.900000 ;-21.092072 ;-23.100965 ;
35.000000 ;-21.114527 ;-23.103019 ;
35.100000 ;-21.103872 ;-23.102393 ;
35.200000 ;-21.095845 ;-23.101978 ;
35.300000 ;-21.109157 ;-23.103289 ;
35.400000 ;-21.104980 ;-23.103185 ;
35.500000 ;-21.100062 ;-23.103020 ;
35.600000 ;-21.106886 ;-23.103804 ;
35.700000 ;-21.103691 ;-23.103777 ;
35.800000 ;-21.099991 ;-23.103708 ;
35.900000 ;-21.106065 ;-23.104429 ;
36.000000 ;-21.106295 ;-23.104677 ;
36.100000 ;-21.097066 ;-23.104160 ;
36.200000 ;-21.101169 ;-23.104719 ;
36.300000 ;-21.113434 ;-23.105939 ;
36.400000 ;-21.102979 ;-23.105320 ;
36.500000 ;-21.090966 ;-23.104573 ;
36.600000 ;-21.107118 ;-23.106106 ;
36.700000 ;-21.121762 ;-23.107516 ;
36.800000 ;-21.100815 ;-23.106045 ;
36.900000 ;-21.101342 ;-23.106311 ;
37.000000 ;-21.120383 ;-23.108075 ;
37.100000 ;-21.109282 ;-23.107399 ;
37.200000 ;-21.106314 ;-23.107380 ;
37.300000 ;-21.114820 ;-23.108289 ;
37.400000 ;-21.108389 ;-23.107989 ;
37.500000 ;-21.107523 ;-23.108139 ;
37.600000 ;-21.113456 ;-23.108837 ;
37.700000 ;-21.108119 ;-23.108624 ;
37.800000 ;-21.105107 ;-23.108597 ;
37.900000 ;-21.112934 ;-23.109447 ;
38.000000 ;-21.114423 ;-23.109784 ;
38.100000 ;-21.100238 ;-23.108851 ;
38.200000 ;-21.103163 ;-23.109303 ;
38.300000 ;-21.122155 ;-23.111054 ;
38.400000 ;-21.115521 ;-23.110731 ;
38.500000 ;-21.097223 ;-23.109462 ;
38.600000 ;-21.112376 ;-23.110902 ;
38.700000 ;-21.129201 ;-23.112476 ;
38.800000 ;-21.110787 ;-23.111197 ;
38.900000 ;-21.112591 ;-23.111553 ;
39.000000 ;-21.122596 ;-23.112573 ;
39.100000 ;-21.113440 ;-23.112042 ;
39.200000 ;-21.114751 ;-23.112356 ;
39.300000 ;-21.118592 ;-23.112875 ;
39.400000 ;-21.112579 ;-23.112596 ;
39.500000 ;-21.113945 ;-23.112913 ;
39.600000 ;-21.120044 ;-23.113612 ;
39.700000 ;-21.117849 ;-23.113640 ;
39.800000 ;-21.117282 ;-23.113799 ;
39.900000 ;-21.117065 ;-23.113986 ;
40.000000 ;-21.117302 ;-23.114203 ;
40.100000 ;-21.118009 ;-23.114424 ;
40.200000 ;-21.119302 ;-23.114657 ;
40.300000 ;-21.121297 ;-23.114918 ;
40.400000 ;-21.123885 ;-23.115220 ;
40.500000 ;-21.127098 ;-23.115577 ;
40.600000 ;-21.130980 ;-23.116009 ;
40.700000 ;-21.135520 ;-23.116528 ;
40.800000 ;-21.140398 ;-23.117118 ;
40.900000 ;-21.146404 ;-23.117847 ;
41.000000 ;-21.153309 ;-23.118701 ;
41.100000 ;-21.158883 ;-23.119518 ;
41.200000 ;-21.166088 ;-23.120525 ;
41.300000 ;-21.177520 ;-23.121919 ;
41.400000 ;-21.189206 ;-23.123391 ;
41.500000 ;-21.193965 ;-23.124385 ;
41.600000 ;-21.203759 ;-23.125842 ;
41.700000 ;-21.224037 ;-23.128189 ;
41.800000 ;-21.238754 ;-23.130138 ;
41.900000 ;-21.238294 ;-23.130911 ;
42.000000 ;-21.256527 ;-23.133240 ;
42.100000 ;-21.292538 ;-23.137040 ;
42.200000 ;-21.302690 ;-23.138756 ;
42.300000 ;-21.304595 ;-23.139814 ;
42.400000 ;-21.340571 ;-23.143667 ;
42.500000 ;-21.374508 ;-23.147337 ;
42.600000 ;-21.380299 ;-23.148671 ;
42.700000 ;-21.408026 ;-23.151771 ;
42.800000 ;-21.440342 ;-23.155188 ;
42.900000 ;-21.458275 ;-23.157345 ;
43.000000 ;-21.488855 ;-23.160447 ;
43.100000 ;-21.521334 ;-23.163585 ;
43.200000 ;-21.545026 ;-23.165863 ;
43.300000 ;-21.579545 ;-23.168866 ;
43.400000 ;-21.620179 ;-23.172178 ;
43.500000 ;-21.645422 ;-23.174001 ;
43.600000 ;-21.677367 ;-23.176139 ;
43.700000 ;-21.728315 ;-23.179579 ;
43.800000 ;-21.770527 ;-23.181977 ;
43.900000 ;-21.792581 ;-23.182350 ;
44.000000 ;-21.839159 ;-23.184432 ;
44.100000 ;-21.902312 ;-23.187511 ;
44.200000 ;-21.933416 ;-23.187437 ;
44.300000 ;-21.971652 ;-23.187514 ;
44.400000 ;-22.032393 ;-23.189021 ;
44.500000 ;-22.075355 ;-23.188478 ;
44.600000 ;-22.117636 ;-23.187326 ;
44.700000 ;-22.174822 ;-23.186872 ;
44.800000 ;-22.222758 ;-23.185009 ;
44.900000 ;-22.268734 ;-23.182346 ;
45.000000 ;-22.327327 ;-23.180105 ;
45.100000 ;-22.382097 ;-23.176846 ;
45.200000 ;-22.425892 ;-23.171934 ;
45.300000 ;-22.483812 ;-23.167524 ;
45.400000 ;-22.551208 ;-23.163188 ;
45.500000 ;-22.597266 ;-23.156225 ;
45.600000 ;-22.644032 ;-23.148558 ;
45.700000 ;-22.714926 ;-23.142235 ;
45.800000 ;-22.781686 ;-23.134748 ;
45.900000 ;-22.822003 ;-23.124120 ;
46.000000 ;-22.881520 ;-23.114405 ;
46.100000 ;-22.956024 ;-23.105224 ;
46.200000 ;-23.004585 ;-23.092921 ;
46.300000 ;-23.058490 ;-23.080306 ;
46.400000 ;-23.127554 ;-23.068261 ;
46.500000 ;-23.182526 ;-23.054168 ;
46.600000 ;-23.235670 ;-23.039147 ;
46.700000 ;-23.301527 ;-23.024514 ;
46.800000 ;-23.361696 ;-23.008627 ;
46.900000 ;-23.411139 ;-22.991055 ;
47.000000 ;-23.473062 ;-22.973911 ;
47.100000 ;-23.542060 ;-22.956723 ;
47.200000 ;-23.590831 ;-22.937043 ;
47.300000 ;-23.640447 ;-22.916811 ;
47.400000 ;-23.710446 ;-22.897830 ;
47.500000 ;-23.777579 ;-22.878003 ;
47.600000 ;-23.817263 ;-22.855116 ;
47.700000 ;-23.872273 ;-22.833114 ;
47.800000 ;-23.946604 ;-22.812390 ;
47.900000 ;-23.997522 ;-22.789051 ;
48.000000 ;-24.041807 ;-22.764673 ;
48.100000 ;-24.105769 ;-22.741704 ;
48.200000 ;-24.164803 ;-22.717911 ;
48.300000 ;-24.208218 ;-22.692342 ;
48.400000 ;-24.263948 ;-22.667601 ;
48.500000 ;-24.324686 ;-22.643044 ;
48.600000 ;-24.368204 ;-22.616656 ;
48.700000 ;-24.416896 ;-22.590532 ;
48.800000 ;-24.477254 ;-22.565298 ;
48.900000 ;-24.527285 ;-22.538956 ;
49.000000 ;-24.565073 ;-22.511362 ;
49.100000 ;-24.617961 ;-22.485065 ;
49.200000 ;-24.681012 ;-22.459637 ;
49.300000 ;-24.720553 ;-22.431993 ;
49.400000 ;-24.754748 ;-22.403842 ;
49.500000 ;-24.812528 ;-22.377883 ;
49.600000 ;-24.873566 ;-22.352258 ;
49.700000 ;-24.902636 ;-22.323732 ;
49.800000 ;-24.942336 ;-22.296273 ;
49.900000 ;-25.001732 ;-22.270739 ;
50.000000 ;-25.042733 ;-22.243624 ;
50.100000 ;-25.075232 ;-22.215867 ;
50.200000 ;-25.123657 ;-22.189745 ;
50.300000 ;-25.170332 ;-22.163640 ;
50.400000 ;-25.201256 ;-22.136276 ;
50.500000 ;-25.241739 ;-22.110008 ;
50.600000 ;-25.290381 ;-22.084720 ;
50.700000 ;-25.323191 ;-22.058212 ;
50.800000 ;-25.353416 ;-22.031721 ;
50.900000 ;-25.398511 ;-22.006869 ;
51.000000 ;-25.445261 ;-21.982447 ;
51.100000 ;-25.467699 ;-21.956072 ;
51.200000 ;-25.496113 ;-21.930547 ;
51.300000 ;-25.546163 ;-21.907325 ;
51.400000 ;-25.590301 ;-21.883873 ;
51.500000 ;-25.605038 ;-21.858033 ;
51.600000 ;-25.635924 ;-21.834013 ;
51.700000 ;-25.687490 ;-21.812234 ;
51.800000 ;-25.716246 ;-21.788694 ;
51.900000 ;-25.735143 ;-21.764591 ;
52.000000 ;-25.773390 ;-21.742620 ;
52.100000 ;-25.811078 ;-21.720951 ;
52.200000 ;-25.829995 ;-21.697910 ;
52.300000 ;-25.859067 ;-21.676162 ;
52.400000 ;-25.896813 ;-21.655571 ;
52.500000 ;-25.918900 ;-21.633903 ;
52.600000 ;-25.940053 ;-21.612511 ;
52.700000 ;-25.974290 ;-21.592683 ;
52.800000 ;-26.007691 ;-21.573141 ;
52.900000 ;-26.020651 ;-21.552087 ;
53.000000 ;-26.041721 ;-21.532138 ;
53.100000 ;-26.080938 ;-21.514213 ;
53.200000 ;-26.112527 ;-21.495948 ;
53.300000 ;-26.117219 ;-21.475577 ;
53.400000 ;-26.138340 ;-21.457067 ;
53.500000 ;-26.182135 ;-21.440986 ;
53.600000 ;-26.205416 ;-21.423377 ;
53.700000 ;-26.210393 ;-21.404443 ;
53.800000 ;-26.237693 ;-21.387896 ;
53.900000 ;-26.273374 ;-21.372458 ;
54.000000 ;-26.282475 ;-21.354929 ;
54.100000 ;-26.299000 ;-21.338415 ;
54.200000 ;-26.328845 ;-21.323449 ;
54.300000 ;-26.345513 ;-21.307608 ;
54.400000 ;-26.357341 ;-21.291651 ;
54.500000 ;-26.381315 ;-21.277123 ;
54.600000 ;-26.406460 ;-21.263018 ;
54.700000 ;-26.413976 ;-21.247620 ;
54.800000 ;-26.427590 ;-21.233086 ;
54.900000 ;-26.456255 ;-21.220227 ;
55.000000 ;-26.479351 ;-21.207161 ;
55.100000 ;-26.478379 ;-21.192200 ;
55.200000 ;-26.490936 ;-21.178762 ;
55.300000 ;-26.526165 ;-21.167675 ;
55.400000 ;-26.548173 ;-21.155667 ;
55.500000 ;-26.542272 ;-21.141399 ;
55.600000 ;-26.557714 ;-21.129347 ;
55.700000 ;-26.593151 ;-21.119381 ;
55.800000 ;-26.600732 ;-21.107149 ;
55.900000 ;-26.603554 ;-21.094745 ;
56.000000 ;-26.625988 ;-21.084379 ;
56.100000 ;-26.643748 ;-21.073840 ;
56.200000 ;-26.646917 ;-21.062224 ;
56.300000 ;-26.661228 ;-21.051863 ;
56.400000 ;-26.681853 ;-21.042313 ;
56.500000 ;-26.686828 ;-21.031579 ;
56.600000 ;-26.693622 ;-21.021240 ;
56.700000 ;-26.713281 ;-21.012294 ;
56.800000 ;-26.731036 ;-21.003396 ;
56.900000 ;-26.728166 ;-20.992849 ;
57.000000 ;-26.734256 ;-20.983327 ;
57.100000 ;-26.760296 ;-20.975821 ;
57.200000 ;-26.780752 ;-20.968015 ;
57.300000 ;-26.769857 ;-20.957573 ;
57.400000 ;-26.774261 ;-20.948714 ;
57.500000 ;-26.806114 ;-20.942533 ;
57.600000 ;-26.821546 ;-20.935056 ;
57.700000 ;-26.811528 ;-20.925464 ;
57.800000 ;-26.823509 ;-20.918044 ;
57.900000 ;-26.848039 ;-20.911939 ;
58.000000 ;-26.846460 ;-20.903648 ;
58.100000 ;-26.850092 ;-20.896000 ;
58.200000 ;-26.867118 ;-20.889732 ;
58.300000 ;-26.873352 ;-20.882653 ;
58.400000 ;-26.874076 ;-20.875239 ;
58.500000 ;-26.886091 ;-20.869003 ;
58.600000 ;-26.900830 ;-20.863169 ;
58.700000 ;-26.898535 ;-20.855948 ;
58.800000 ;-26.900006 ;-20.849217 ;
58.900000 ;-26.917510 ;-20.844079 ;
59.000000 ;-26.934588 ;-20.839044 ;
59.100000 ;-26.924149 ;-20.831668 ;
59.200000 ;-26.921147 ;-20.825099 ;
59.300000 ;-26.945683 ;-20.821149 ;
59.400000 ;-26.968924 ;-20.817213 ;
59.500000 ;-26.953159 ;-20.809887 ;
59.600000 ;-26.951652 ;-20.803973 ;
59.700000 ;-26.978154 ;-20.800709 ;
59.800000 ;-26.985749 ;-20.795859 ;
59.900000 ;-26.977106 ;-20.789664 ;
60.000000 ;-26.987364 ;-20.785288 ;
60.100000 ;-27.000360 ;-20.781271 ;
60.200000 ;-26.996153 ;-20.775815 ;
60.300000 ;-27.000530 ;-20.771241 ;
60.400000 ;-27.013228 ;-20.767522 ;
60.500000 ;-27.013348 ;-20.762773 ;
60.600000 ;-27.011345 ;-20.757935 ;
60.700000 ;-27.021759 ;-20.754314 ;
60.800000 ;-27.035300 ;-20.751072 ;
60.900000 ;-27.028053 ;-20.746053 ;
61.000000 ;-27.021906 ;-20.741227 ;
61.100000 ;-27.038137 ;-20.738505 ;
61.200000 ;-27.060505 ;-20.736425 ;
61.300000 ;-27.048265 ;-20.731317 ;
61.400000 ;-27.035563 ;-20.726253 ;
61.500000 ;-27.056396 ;-20.724290 ;
61.600000 ;-27.081347 ;-20.722779 ;
61.700000 ;-27.065042 ;-20.717635 ;
61.800000 ;-27.062288 ;-20.713788 ;
61.900000 ;-27.081496 ;-20.711994 ;
62.000000 ;-27.081086 ;-20.708509 ;
62.100000 ;-27.076171 ;-20.704692 ;
62.200000 ;-27.085154 ;-20.702196 ;
62.300000 ;-27.090261 ;-20.699421 ;
62.400000 ;-27.085518 ;-20.695829 ;
62.500000 ;-27.089867 ;-20.693121 ;
62.600000 ;-27.100663 ;-20.691057 ;
62.700000 ;-27.097540 ;-20.687807 ;
62.800000 ;-27.090764 ;-20.684290 ;
62.900000 ;-27.099870 ;-20.682263 ;
63.000000 ;-27.117005 ;-20.681016 ;
63.100000 ;-27.110121 ;-20.677669 ;
63.200000 ;-27.093177 ;-20.673476 ;
63.300000 ;-27.105336 ;-20.671954 ;
63.400000 ;-27.135024 ;-20.672062 ;
63.500000 ;-27.127056 ;-20.668839 ;
63.600000 ;-27.108984 ;-20.664761 ;
63.700000 ;-27.124028 ;-20.663710 ;
63.800000 ;-27.143276 ;-20.663086 ;
63.900000 ;-27.129150 ;-20.659513 ;
64.000000 ;-27.128780 ;-20.657223 ;
64.100000 ;-27.140736 ;-20.656087 ;
64.200000 ;-27.136031 ;-20.653501 ;
64.300000 ;-27.133981 ;-20.651197 ;
64.400000 ;-27.141935 ;-20.649835 ;
64.500000 ;-27.143405 ;-20.647934 ;
64.600000 ;-27.136764 ;-20.645347 ;
64.700000 ;-27.140368 ;-20.643720 ;
64.800000 ;-27.152280 ;-20.642879 ;
64.900000 ;-27.149722 ;-20.640779 ;
65.000000 ;-27.134554 ;-20.637585 ;
65.100000 ;-27.139807 ;-20.636261 ;
65.200000 ;-27.163758 ;-20.636652 ;
65.300000 ;-27.166119 ;-20.635141 ;
65.400000 ;-27.140078 ;-20.631117 ;
65.500000 ;-27.143843 ;-20.629802 ;
65.600000 ;-27.175451 ;-20.631019 ;
65.700000 ;-27.171466 ;-20.629074 ;
65.800000 ;-27.155261 ;-20.626064 ;
65.900000 ;-27.165684 ;-20.625476 ;
66.000000 ;-27.173718 ;-20.624704 ;
66.100000 ;-27.164202 ;-20.622387 ;
66.200000 ;-27.166424 ;-20.621152 ;
66.300000 ;-27.173169 ;-20.620351 ;
66.400000 ;-27.167194 ;-20.618437 ;
66.500000 ;-27.166159 ;-20.616994 ;
66.600000 ;-27.174021 ;-20.616376 ;
66.700000 ;-27.175169 ;-20.615181 ;
66.800000 ;-27.163939 ;-20.612902 ;
66.900000 ;-27.164808 ;-20.611733 ;
67.000000 ;-27.180543 ;-20.611922 ;
67.100000 ;-27.186327 ;-20.611243 ;
67.200000 ;-27.162216 ;-20.607906 ;
67.300000 ;-27.157165 ;-20.606302 ;
67.400000 ;-27.185414 ;-20.607707 ;
67.500000 ;-27.202029 ;-20.608089 ;
67.600000 ;-27.174418 ;-20.604526 ;
67.700000 ;-27.171245 ;-20.603177 ;
67.800000 ;-27.196161 ;-20.604369 ;
67.900000 ;-27.190605 ;-20.602846 ;
68.000000 ;-27.180845 ;-20.600966 ;
68.100000 ;-27.188590 ;-20.600675 ;
68.200000 ;-27.188816 ;-20.599728 ;
68.300000 ;-27.182911 ;-20.598250 ;
68.400000 ;-27.186501 ;-20.597641 ;
68.500000 ;-27.191082 ;-20.597138 ;
68.600000 ;-27.183558 ;-20.595568 ;
68.700000 ;-27.181452 ;-20.594500 ;
68.800000 ;-27.190574 ;-20.594454 ;
68.900000 ;-27.196226 ;-20.594114 ;
69.000000 ;-27.178899 ;-20.591730 ;
69.100000 ;-27.171291 ;-20.590233 ;
69.200000 ;-27.190298 ;-20.591136 ;
69.300000 ;-27.211342 ;-20.592237 ;
69.400000 ;-27.188186 ;-20.589389 ;
69.500000 ;-27.169971 ;-20.587000 ;
69.600000 ;-27.193936 ;-20.588406 ;
69.700000 ;-27.217146 ;-20.589757 ;
69.800000 ;-27.193972 ;-20.586962 ;
69.900000 ;-27.190510 ;-20.585948 ;
70.000000 ;-27.205039 ;-20.586559 ;
70.100000 ;-27.197075 ;-20.585166 ;
70.200000 ;-27.193173 ;-20.584149 ;
70.300000 ;-27.199255 ;-20.584039 ;
70.400000 ;-27.196367 ;-20.583136 ;
70.500000 ;-27.191646 ;-20.582080 ;
70.600000 ;-27.195936 ;-20.581843 ;
70.700000 ;-27.201490 ;-20.581730 ;
70.800000 ;-27.191343 ;-20.580220 ;
70.900000 ;-27.184274 ;-20.578997 ;
71.000000 ;-27.194812 ;-20.579362 ;
71.100000 ;-27.210218 ;-20.580172 ;
71.200000 ;-27.195210 ;-20.578267 ;
71.300000 ;-27.172122 ;-20.575648 ;
71.400000 ;-27.186618 ;-20.576407 ;
71.500000 ;-27.221963 ;-20.579042 ;
71.600000 ;-27.209376 ;-20.577390 ;
71.700000 ;-27.185916 ;-20.574773 ;
71.800000 ;-27.201003 ;-20.575621 ;
71.900000 ;-27.215722 ;-20.576443 ;
72.000000 ;-27.200038 ;-20.574547 ;
72.100000 ;-27.199931 ;-20.574056 ;
72.200000 ;-27.205992 ;-20.574125 ;
72.300000 ;-27.198916 ;-20.573025 ;
72.400000 ;-27.198124 ;-20.572495 ;
72.500000 ;-27.203632 ;-20.572536 ;
72.600000 ;-27.199525 ;-20.571724 ;
72.700000 ;-27.193093 ;-20.570710 ;
72.800000 ;-27.197659 ;-20.570688 ;
72.900000 ;-27.207454 ;-20.571141 ;
73.000000 ;-27.198698 ;-20.569939 ;
73.100000 ;-27.179931 ;-20.567847 ;
73.200000 ;-27.186769 ;-20.568056 ;
73.300000 ;-27.214701 ;-20.570159 ;
73.400000 ;-27.216468 ;-20.569925 ;
73.500000 ;-27.182372 ;-20.566484 ;
73.600000 ;-27.184170 ;-20.566266 ;
73.700000 ;-27.220791 ;-20.569173 ;
73.800000 ;-27.215293 ;-20.568310 ;
73.900000 ;-27.197008 ;-20.566308 ;
74.000000 ;-27.206054 ;-20.566760 ;
74.100000 ;-27.208569 ;-20.566632 ;
74.200000 ;-27.200084 ;-20.565523 ;
74.300000 ;-27.202470 ;-20.565393 ;
74.400000 ;-27.204491 ;-20.565234 ;
74.500000 ;-27.198183 ;-20.564335 ;
74.600000 ;-27.198363 ;-20.564021 ;
74.700000 ;-27.204830 ;-20.564275 ;
74.800000 ;-27.201452 ;-20.563652 ;
74.900000 ;-27.188931 ;-20.562215 ;
75.000000 ;-27.191119 ;-20.562099 ;
75.100000 ;-27.208059 ;-20.563308 ;
75.200000 ;-27.212616 ;-20.563413 ;
75.300000 ;-27.181978 ;-20.560369 ;
75.400000 ;-27.173895 ;-20.559351 ;
75.500000 ;-27.207324 ;-20.562055 ;
75.600000 ;-27.230644 ;-20.563855 ;
75.700000 ;-27.197729 ;-20.560622 ;
75.800000 ;-27.191039 ;-20.559743 ;
75.900000 ;-27.216332 ;-20.561734 ;
76.000000 ;-27.208964 ;-20.560801 ;
76.100000 ;-27.199710 ;-20.559702 ;
76.200000 ;-27.205771 ;-20.559978 ;
76.300000 ;-27.202767 ;-20.559446 ;
76.400000 ;-27.198201 ;-20.558776 ;
76.500000 ;-27.201755 ;-20.558837 ;
76.600000 ;-27.203094 ;-20.558703 ;
76.700000 ;-27.194994 ;-20.557726 ;
76.800000 ;-27.194071 ;-20.557395 ;
76.900000 ;-27.203196 ;-20.557967 ;
77.000000 ;-27.206720 ;-20.558040 ;
77.100000 ;-27.185499 ;-20.555900 ;
77.200000 ;-27.176655 ;-20.554872 ;
77.300000 ;-27.198500 ;-20.556595 ;
77.400000 ;-27.224203 ;-20.558665 ;
77.500000 ;-27.198928 ;-20.556172 ;
77.600000 ;-27.173883 ;-20.553704 ;
77.700000 ;-27.198880 ;-20.555721 ;
77.800000 ;-27.228170 ;-20.558124 ;
77.900000 ;-27.202937 ;-20.555644 ;
78.000000 ;-27.197715 ;-20.554960 ;
78.100000 ;-27.209903 ;-20.555838 ;
78.200000 ;-27.201176 ;-20.554844 ;
78.300000 ;-27.198212 ;-20.554368 ;
78.400000 ;-27.202780 ;-20.554569 ;
78.500000 ;-27.198350 ;-20.553967 ;
78.600000 ;-27.194730 ;-20.553439 ;
78.700000 ;-27.199135 ;-20.553631 ;
78.800000 ;-27.202791 ;-20.553758 ;
78.900000 ;-27.190782 ;-20.552485 ;
79.000000 ;-27.183980 ;-20.551680 ;
79.100000 ;-27.195648 ;-20.552531 ;
79.200000 ;-27.212086 ;-20.553811 ;
79.300000 ;-27.195661 ;-20.552150 ;
79.400000 ;-27.166790 ;-20.549377 ;
79.500000 ;-27.181006 ;-20.550465 ;
79.600000 ;-27.223532 ;-20.554088 ;
79.700000 ;-27.214421 ;-20.553088 ;
79.800000 ;-27.184435 ;-20.550221 ;
79.900000 ;-27.197983 ;-20.551256 ;
80.000000 ;-27.216140 ;-20.552706 ;
