0.000000 ;-27.500000 ;-20.600000 ;
0.100000 ;-27.508709 ;-20.653381 ;
0.200000 ;-27.471111 ;-20.684727 ;
0.300000 ;-27.406329 ;-20.700099 ;
0.400000 ;-27.354748 ;-20.706569 ;
0.500000 ;-27.308677 ;-20.706101 ;
0.600000 ;-27.268077 ;-20.700751 ;
0.700000 ;-27.239058 ;-20.692708 ;
0.800000 ;-27.212471 ;-20.682250 ;
0.900000 ;-27.187580 ;-20.670208 ;
1.000000 ;-27.173840 ;-20.658222 ;
1.100000 ;-27.169280 ;-20.646611 ;
1.200000 ;-27.156792 ;-20.634088 ;
1.300000 ;-27.134552 ;-20.620734 ;
1.400000 ;-27.117786 ;-20.608172 ;
1.500000 ;-27.123896 ;-20.598157 ;
1.600000 ;-27.124484 ;-20.588169 ;
1.700000 ;-27.111081 ;-20.577499 ;
1.800000 ;-27.108210 ;-20.568343 ;
1.900000 ;-27.113125 ;-20.560466 ;
2.000000 ;-27.108490 ;-20.552327 ;
2.100000 ;-27.101822 ;-20.544575 ;
2.200000 ;-27.108649 ;-20.538558 ;
2.300000 ;-27.111628 ;-20.532722 ;
2.400000 ;-27.103107 ;-20.526362 ;
2.500000 ;-27.096334 ;-20.520619 ;
2.600000 ;-27.111734 ;-20.517260 ;
2.700000 ;-27.120636 ;-20.513733 ;
2.800000 ;-27.105301 ;-20.508451 ;
2.900000 ;-27.085964 ;-20.503165 ;
3.000000 ;-27.105535 ;-20.501619 ;
3.100000 ;-27.124287 ;-20.500300 ;
3.200000 ;-27.105943 ;-20.495998 ;
3.300000 ;-27.082682 ;-20.491517 ;
3.400000 ;-27.103833 ;-20.491166 ;
3.500000 ;-27.111263 ;-20.489824 ;
3.600000 ;-27.097266 ;-20.486796 ;
3.700000 ;-27.102136 ;-20.485603 ;
3.800000 ;-27.109829 ;-20.484821 ;
3.900000 ;-27.105342 ;-20.483119 ;
4.000000 ;-27.105060 ;-20.481923 ;
4.100000 ;-27.112608 ;-20.481539 ;
4.200000 ;-27.111862 ;-20.480540 ;
4.300000 ;-27.105198 ;-20.479125 ;
4.400000 ;-27.111091 ;-20.478906 ;
4.500000 ;-27.122422 ;-20.479249 ;
4.600000 ;-27.118261 ;-20.478311 ;
4.700000 ;-27.102974 ;-20.476466 ;
4.800000 ;-27.106783 ;-20.476360 ;
4.900000 ;-27.132395 ;-20.478225 ;
5.000000 ;-27.131009 ;-20.477773 ;
5.100000 ;-27.100980 ;-20.474856 ;
5.200000 ;-27.096547 ;-20.474225 ;
5.300000 ;-27.124368 ;-20.476462 ;
5.400000 ;-27.122168 ;-20.476099 ;
5.500000 ;-27.099611 ;-20.473982 ;
5.600000 ;-27.111409 ;-20.474905 ;
5.700000 ;-27.119410 ;-20.475519 ;
5.800000 ;-27.111959 ;-20.474798 ;
5.900000 ;-27.115144 ;-20.475030 ;
6.000000 ;-27.121170 ;-20.475527 ;
6.100000 ;-27.117863 ;-20.475221 ;
6.200000 ;-27.115303 ;-20.474993 ;
6.300000 ;-27.124085 ;-20.475773 ;
6.400000 ;-27.126551 ;-20.476008 ;
6.500000 ;-27.118087 ;-20.475293 ;
6.600000 ;-27.113699 ;-20.474943 ;
6.700000 ;-27.132228 ;-20.476611 ;
6.800000 ;-27.140963 ;-20.477425 ;
6.900000 ;-27.123054 ;-20.475906 ;
7.000000 ;-27.101971 ;-20.474112 ;
7.100000 ;-27.124374 ;-20.476137 ;
7.200000 ;-27.144999 ;-20.478009 ;
7.300000 ;-27.124230 ;-20.476254 ;
7.400000 ;-27.099385 ;-20.474142 ;
7.500000 ;-27.121930 ;-20.476188 ;
7.600000 ;-27.128349 ;-20.476819 ;
7.700000 ;-27.115037 ;-20.475721 ;
7.800000 ;-27.121760 ;-20.476381 ;
7.900000 ;-27.127460 ;-20.476950 ;
8.000000 ;-27.122659 ;-20.476598 ;
8.100000 ;-27.124415 ;-20.476821 ;
8.200000 ;-27.130611 ;-20.477434 ;
8.300000 ;-27.128378 ;-20.477306 ;
8.400000 ;-27.122254 ;-20.476836 ;
8.500000 ;-27.130127 ;-20.477593 ;
8.600000 ;-27.140732 ;-20.478591 ;
8.700000 ;-27.134543 ;-20.478113 ;
8.800000 ;-27.117943 ;-20.476720 ;
8.900000 ;-27.123192 ;-20.477244 ;
9.000000 ;-27.151473 ;-20.479789 ;
9.100000 ;-27.149019 ;-20.479636 ;
9.200000 ;-27.114659 ;-20.476684 ;
9.300000 ;-27.109122 ;-20.476258 ;
9.400000 ;-27.138839 ;-20.478924 ;
9.500000 ;-27.136087 ;-20.478742 ;
9.600000 ;-27.113403 ;-20.476812 ;
9.700000 ;-27.122213 ;-20.477642 ;
9.800000 ;-27.127599 ;-20.478170 ;
9.900000 ;-27.126912 ;-20.527231 ;
10.000000 ;-27.064258 ;-20.822715 ;
10.100000 ;-26.899256 ;-21.216172 ;
10.200000 ;-26.631119 ;-21.607747 ;
10.300000 ;-26.287675 ;-21.962719 ;
10.400000 ;-25.896501 ;-22.270177 ;
10.500000 ;-25.482005 ;-22.528710 ;
10.600000 ;-25.064036 ;-22.740995 ;
10.700000 ;-24.656924 ;-22.911325 ;
10.800000 ;-24.272361 ;-23.044783 ;
10.900000 ;-23.908697 ;-23.145809 ;
11.000000 ;-23.584436 ;-23.220494 ;
11.100000 ;-23.289149 ;-23.272419 ;
11.200000 ;-23.009342 ;-23.304704 ;
11.300000 ;-22.779788 ;-23.323738 ;
11.400000 ;-22.582487 ;-23.331340 ;
11.500000 ;-22.380577 ;-23.327518 ;
11.600000 ;-22.217948 ;-23.318108 ;
11.700000 ;-22.087706 ;-23.304531 ;
11.800000 ;-21.949943 ;-23.285351 ;
11.900000 ;-21.838195 ;-23.264544 ;
12.000000 ;-21.749532 ;-23.242939 ;
12.100000 ;-21.655368 ;-23.219211 ;
12.200000 ;-21.579401 ;-23.195866 ;
12.300000 ;-21.521331 ;-23.173382 ;
12.400000 ;-21.455371 ;-23.150207 ;
12.500000 ;-21.400171 ;-23.128078 ;
12.600000 ;-21.364255 ;-23.107847 ;
12.700000 ;-21.321368 ;-23.087665 ;
12.800000 ;-21.274932 ;-23.067923 ;
12.900000 ;-21.250296 ;-23.050634 ;
13.000000 ;-21.230873 ;-23.034548 ;
13.100000 ;-21.191238 ;-23.017726 ;
13.200000 ;-21.167190 ;-23.002948 ;
13.300000 ;-21.160574 ;-22.990340 ;
13.400000 ;-21.134564 ;-22.977015 ;
13.500000 ;-21.110141 ;-22.964586 ;
13.600000 ;-21.105056 ;-22.954396 ;
13.700000 ;-21.091037 ;-22.944212 ;
13.800000 ;-21.069225 ;-22.934090 ;
13.900000 ;-21.063396 ;-22.925838 ;
14.000000 ;-21.057591 ;-22.918179 ;
14.100000 ;-21.038004 ;-22.910009 ;
14.200000 ;-21.030799 ;-22.903321 ;
14.300000 ;-21.032168 ;-22.897784 ;
14.400000 ;-21.016028 ;-22.891346 ;
14.500000 ;-21.004065 ;-22.885658 ;
14.600000 ;-21.008750 ;-22.881654 ;
14.700000 ;-21.004182 ;-22.877300 ;
14.800000 ;-20.985825 ;-22.872221 ;
14.900000 ;-20.986071 ;-22.868900 ;
15.000000 ;-20.994257 ;-22.866487 ;
15.100000 ;-20.977713 ;-22.862433 ;
15.200000 ;-20.970047 ;-22.859318 ;
15.300000 ;-20.979379 ;-22.857751 ;
15.400000 ;-20.971593 ;-22.855077 ;
15.500000 ;-20.960664 ;-22.852359 ;
15.600000 ;-20.966043 ;-22.851085 ;
15.700000 ;-20.964734 ;-22.849465 ;
15.800000 ;-20.953202 ;-22.847212 ;
15.900000 ;-20.955228 ;-22.846151 ;
16.000000 ;-20.959798 ;-22.845420 ;
16.100000 ;-20.947566 ;-22.843514 ;
16.200000 ;-20.944896 ;-22.842460 ;
16.300000 ;-20.954223 ;-22.842435 ;
16.400000 ;-20.947371 ;-22.841258 ;
16.500000 ;-20.936386 ;-22.839849 ;
16.600000 ;-20.944421 ;-22.839989 ;
16.700000 ;-20.951305 ;-22.840115 ;
16.800000 ;-20.935666 ;-22.838571 ;
16.900000 ;-20.935059 ;-22.838249 ;
17.000000 ;-20.948385 ;-22.839060 ;
17.100000 ;-20.938917 ;-22.838165 ;
17.200000 ;-20.931818 ;-22.837500 ;
17.300000 ;-20.941641 ;-22.838185 ;
17.400000 ;-20.939250 ;-22.837968 ;
17.500000 ;-20.930571 ;-22.837304 ;
17.600000 ;-20.936338 ;-22.837786 ;
17.700000 ;-20.939030 ;-22.838063 ;
17.800000 ;-20.929052 ;-22.837391 ;
17.900000 ;-20.931153 ;-22.837675 ;
18.000000 ;-20.939810 ;-22.838489 ;
18.100000 ;-20.930020 ;-22.837902 ;
18.200000 ;-20.925037 ;-22.837704 ;
18.300000 ;-20.936397 ;-22.838784 ;
18.400000 ;-20.937180 ;-22.839065 ;
18.500000 ;-20.923382 ;-22.838237 ;
18.600000 ;-20.928773 ;-22.838900 ;
18.700000 ;-20.942069 ;-22.840186 ;
18.800000 ;-20.929282 ;-22.839472 ;
18.900000 ;-20.925523 ;-22.839463 ;
19.000000 ;-20.938497 ;-22.840752 ;
19.100000 ;-20.933502 ;-22.840665 ;
19.200000 ;-20.926439 ;-22.840426 ;
19.300000 ;-20.934722 ;-22.841375 ;
19.400000 ;-20.934840 ;-22.841702 ;
19.500000 ;-20.926758 ;-22.841401 ;
19.600000 ;-20.931746 ;-22.842112 ;
19.700000 ;-20.937351 ;-22.842875 ;
19.800000 ;-20.927185 ;-22.842427 ;
19.900000 ;-20.927319 ;-22.842775 ;
20.000000 ;-20.938701 ;-22.843992 ;
20.100000 ;-20.932804 ;-22.843881 ;
20.200000 ;-20.923239 ;-22.843490 ;
20.300000 ;-20.933618 ;-22.844637 ;
20.400000 ;-20.942538 ;-22.845673 ;
20.500000 ;-20.927535 ;-22.844868 ;
20.600000 ;-20.928268 ;-22.845275 ;
20.700000 ;-20.943354 ;-22.846790 ;
20.800000 ;-20.934714 ;-22.846478 ;
20.900000 ;-20.929162 ;-22.846405 ;
21.000000 ;-20.939884 ;-22.847585 ;
21.100000 ;-20.937420 ;-22.847750 ;
21.200000 ;-20.930756 ;-22.847592 ;
21.300000 ;-20.937659 ;-22.848479 ;
21.400000 ;-20.939596 ;-22.848983 ;
21.500000 ;-20.931082 ;-22.848683 ;
21.600000 ;-20.934843 ;-22.849327 ;
21.700000 ;-20.943582 ;-22.850355 ;
21.800000 ;-20.933624 ;-22.849943 ;
21.900000 ;-20.929821 ;-22.850004 ;
22.000000 ;-20.942662 ;-22.851347 ;
22.100000 ;-20.943756 ;-22.851785 ;
22.200000 ;-20.929644 ;-22.851051 ;
22.300000 ;-20.936071 ;-22.851898 ;
22.400000 ;-20.950788 ;-22.853384 ;
22.500000 ;-20.937944 ;-22.852746 ;
22.600000 ;-20.934772 ;-22.852853 ;
22.700000 ;-20.948197 ;-22.854237 ;
22.800000 ;-20.942873 ;-22.854177 ;
22.900000 ;-20.937186 ;-22.854088 ;
23.000000 ;-20.945739 ;-22.855095 ;
23.100000 ;-20.944659 ;-22.855359 ;
23.200000 ;-20.938064 ;-22.855198 ;
23.300000 ;-20.943986 ;-22.856000 ;
23.400000 ;-20.948353 ;-22.856682 ;
23.500000 ;-20.938472 ;-22.856265 ;
23.600000 ;-20.939920 ;-22.856721 ;
23.700000 ;-20.951817 ;-22.857980 ;
23.800000 ;-20.945070 ;-22.857803 ;
23.900000 ;-20.935417 ;-22.857401 ;
24.000000 ;-20.947117 ;-22.858643 ;
24.100000 ;-20.956966 ;-22.859743 ;
24.200000 ;-20.941190 ;-22.858866 ;
24.300000 ;-20.942213 ;-22.859284 ;
24.400000 ;-20.958033 ;-22.860841 ;
24.500000 ;-20.949067 ;-22.860487 ;
24.600000 ;-20.944331 ;-22.860459 ;
24.700000 ;-20.954894 ;-22.861608 ;
24.800000 ;-20.951351 ;-22.861670 ;
24.900000 ;-20.946148 ;-22.861603 ;
25.000000 ;-20.953333 ;-22.862489 ;
25.100000 ;-20.953590 ;-22.862842 ;
25.200000 ;-20.946049 ;-22.862592 ;
25.300000 ;-20.950907 ;-22.863297 ;
25.400000 ;-20.958954 ;-22.864247 ;
25.500000 ;-20.948083 ;-22.863739 ;
25.600000 ;-20.944972 ;-22.863827 ;
25.700000 ;-20.959042 ;-22.865239 ;
25.800000 ;-20.959986 ;-22.865639 ;
25.900000 ;-20.944777 ;-22.864792 ;
26.000000 ;-20.951867 ;-22.865664 ;
26.100000 ;-20.967819 ;-22.867219 ;
26.200000 ;-20.954419 ;-22.866510 ;
26.300000 ;-20.951503 ;-22.866608 ;
26.400000 ;-20.964820 ;-22.867956 ;
26.500000 ;-20.958741 ;-22.867809 ;
26.600000 ;-20.954292 ;-22.867787 ;
26.700000 ;-20.962576 ;-22.868745 ;
26.800000 ;-20.959982 ;-22.868864 ;
26.900000 ;-20.954767 ;-22.868780 ;
27.000000 ;-20.961244 ;-22.869597 ;
27.100000 ;-20.963942 ;-22.870121 ;
27.200000 ;-20.954139 ;-22.869681 ;
27.300000 ;-20.956743 ;-22.870197 ;
27.400000 ;-20.969020 ;-22.871457 ;
27.500000 ;-20.961080 ;-22.871158 ;
27.600000 ;-20.950851 ;-22.870682 ;
27.700000 ;-20.963888 ;-22.871999 ;
27.800000 ;-20.974909 ;-22.873160 ;
27.900000 ;-20.957962 ;-22.872164 ;
28.000000 ;-20.958979 ;-22.872552 ;
28.100000 ;-20.975341 ;-22.874122 ;
28.200000 ;-20.965900 ;-22.873702 ;
28.300000 ;-20.961930 ;-22.873703 ;
28.400000 ;-20.971890 ;-22.874777 ;
28.500000 ;-20.967241 ;-22.874725 ;
28.600000 ;-20.963483 ;-22.874740 ;
28.700000 ;-20.970588 ;-22.875591 ;
28.800000 ;-20.969079 ;-22.875777 ;
28.900000 ;-20.962521 ;-22.875574 ;
29.000000 ;-20.968314 ;-22.876322 ;
29.100000 ;-20.975490 ;-22.877176 ;
29.200000 ;-20.963480 ;-22.876550 ;
29.300000 ;-20.960870 ;-22.876647 ;
29.400000 ;-20.976363 ;-22.878140 ;
29.500000 ;-20.977398 ;-22.878518 ;
29.600000 ;-20.960562 ;-22.877516 ;
29.700000 ;-20.968105 ;-22.878393 ;
29.800000 ;-20.985584 ;-22.880037 ;
29.900000 ;-20.971579 ;-22.879252 ;
30.000000 ;-20.968767 ;-22.879328 ;
30.100000 ;-20.981619 ;-22.880612 ;
30.200000 ;-20.974857 ;-22.880383 ;
30.300000 ;-20.971641 ;-22.880426 ;
30.400000 ;-20.979282 ;-22.881305 ;
30.500000 ;-20.975378 ;-22.881294 ;
30.600000 ;-20.971543 ;-22.881287 ;
30.700000 ;-20.978318 ;-22.882097 ;
30.800000 ;-20.979292 ;-22.882459 ;
30.900000 ;-20.969520 ;-22.881992 ;
31.000000 ;-20.973210 ;-22.882562 ;
31.100000 ;-20.985995 ;-22.883832 ;
31.200000 ;-20.976846 ;-22.883410 ;
31.300000 ;-20.965508 ;-22.882819 ;
31.400000 ;-20.979957 ;-22.884216 ;
31.500000 ;-20.992874 ;-22.885495 ;
31.600000 ;-20.974513 ;-22.884359 ;
31.700000 ;-20.975173 ;-22.884689 ;
31.800000 ;-20.991989 ;-22.886266 ;
31.900000 ;-20.982179 ;-22.885789 ;
32.000000 ;-20.978929 ;-22.885816 ;
32.100000 ;-20.987912 ;-22.886785 ;
32.200000 ;-20.982474 ;-22.886642 ;
32.300000 ;-20.980093 ;-22.886733 ;
32.400000 ;-20.986810 ;-22.887526 ;
32.500000 ;-20.983750 ;-22.887563 ;
32.600000 ;-20.978180 ;-22.887407 ;
32.700000 ;-20.984755 ;-22.888186 ;
32.800000 ;-20.991108 ;-22.888947 ;
32.900000 ;-20.977788 ;-22.888190 ;
33.000000 ;-20.975410 ;-22.888276 ;
33.100000 ;-20.992615 ;-22.889873 ;
33.200000 ;-20.994385 ;-22.890278 ;
33.300000 ;-20.975350 ;-22.889076 ;
33.400000 ;-20.982963 ;-22.889930 ;
33.500000 ;-21.002431 ;-22.891699 ;
33.600000 ;-20.987937 ;-22.890847 ;
33.700000 ;-20.985015 ;-22.890885 ;
33.800000 ;-20.997078 ;-22.892079 ;
33.900000 ;-20.989906 ;-22.891789 ;
34.000000 ;-20.987814 ;-22.891890 ;
34.100000 ;-20.994511 ;-22.892668 ;
34.200000 ;-20.989728 ;-22.892559 ;
34.300000 ;-20.987172 ;-22.892622 ;
34.400000 ;-20.994004 ;-22.893408 ;
34.500000 ;-20.993396 ;-22.893619 ;
34.600000 ;-20.983565 ;-22.893118 ;
34.700000 ;-20.988223 ;-22.893734 ;
34.800000 ;-21.001765 ;-22.895035 ;
34.900000 ;-20.991614 ;-22.894506 ;
35.000000 ;-20.978458 ;-22.893745 ;
35.100000 ;-20.994253 ;-22.895218 ;
35.200000 ;-21.010096 ;-22.896695 ;
35.300000 ;-20.990210 ;-22.895412 ;
35.400000 ;-20.990002 ;-22.895647 ;
35.500000 ;-21.007188 ;-22.897225 ;
35.600000 ;-20.997223 ;-22.896707 ;
35.700000 ;-20.994550 ;-22.896749 ;
35.800000 ;-21.002277 ;-22.897594 ;
35.900000 ;-20.996511 ;-22.897397 ;
36.000000 ;-20.995302 ;-22.897551 ;
36.100000 ;-21.001403 ;-22.898267 ;
36.200000 ;-20.997154 ;-22.898185 ;
36.300000 ;-20.992475 ;-22.898069 ;
36.400000 ;-20.999662 ;-22.898867 ;
36.500000 ;-21.005416 ;-22.899554 ;
36.600000 ;-20.990610 ;-22.898654 ;
36.700000 ;-20.988047 ;-22.898698 ;
36.800000 ;-21.007220 ;-22.900419 ;
36.900000 ;-21.010719 ;-22.900930 ;
37.000000 ;-20.988937 ;-22.899487 ;
37.100000 ;-20.995967 ;-22.900269 ;
37.200000 ;-21.017905 ;-22.902203 ;
37.300000 ;-21.003178 ;-22.901304 ;
37.400000 ;-20.999849 ;-22.901283 ;
37.500000 ;-21.010883 ;-22.902371 ;
37.600000 ;-21.003632 ;-22.902047 ;
37.700000 ;-21.002433 ;-22.902189 ;
37.800000 ;-21.008034 ;-22.902855 ;
37.900000 ;-21.002851 ;-22.902688 ;
38.000000 ;-21.001350 ;-22.902805 ;
38.100000 ;-21.008054 ;-22.903554 ;
38.200000 ;-21.006135 ;-22.903637 ;
38.300000 ;-20.996084 ;-22.903091 ;
38.400000 ;-21.001514 ;-22.903740 ;
38.500000 ;-21.016103 ;-22.905095 ;
38.600000 ;-21.005412 ;-22.904498 ;
38.700000 ;-20.989616 ;-22.903505 ;
38.800000 ;-21.006414 ;-22.905030 ;
38.900000 ;-21.026291 ;-22.906793 ;
39.000000 ;-21.005036 ;-22.905376 ;
39.100000 ;-21.003324 ;-22.905469 ;
39.200000 ;-21.020787 ;-22.907042 ;
39.300000 ;-21.010910 ;-22.906504 ;
39.400000 ;-21.008582 ;-22.906547 ;
39.500000 ;-21.014972 ;-22.907262 ;
39.600000 ;-21.009294 ;-22.907045 ;
39.700000 ;-21.008954 ;-22.907239 ;
39.800000 ;-21.014354 ;-22.907876 ;
39.900000 ;-21.009228 ;-22.907702 ;
40.000000 ;-21.005154 ;-22.907612 ;
40.100000 ;-21.012969 ;-22.908426 ;
40.200000 ;-21.018958 ;-22.909070 ;
40.300000 ;-21.015601 ;-22.908951 ;
40.400000 ;-21.017448 ;-22.909211 ;
40.500000 ;-21.019438 ;-22.909463 ;
40.600000 ;-21.022545 ;-22.909806 ;
40.700000 ;-21.026580 ;-22.910240 ;
40.800000 ;-21.031004 ;-22.910737 ;
40.900000 ;-21.036736 ;-22.911376 ;
41.000000 ;-21.042815 ;-22.912091 ;
41.100000 ;-21.048689 ;-22.912850 ;
41.200000 ;-21.056986 ;-22.913844 ;
41.300000 ;-21.066856 ;-22.915013 ;
41.400000 ;-21.070806 ;-22.915805 ;
41.500000 ;-21.073416 ;-22.916565 ;
41.600000 ;-21.089785 ;-22.918414 ;
41.700000 ;-21.116359 ;-22.921075 ;
41.800000 ;-21.130551 ;-22.922845 ;
41.900000 ;-21.133204 ;-22.923792 ;
42.000000 ;-21.152037 ;-22.926033 ;
42.100000 ;-21.171032 ;-22.928317 ;
42.200000 ;-21.182965 ;-22.930080 ;
42.300000 ;-21.203968 ;-22.932560 ;
42.400000 ;-21.224380 ;-22.934999 ;
42.500000 ;-21.238955 ;-22.936989 ;
42.600000 ;-21.263891 ;-22.939757 ;
42.700000 ;-21.295567 ;-22.943005 ;
42.800000 ;-21.310791 ;-22.944931 ;
42.900000 ;-21.326165 ;-22.946809 ;
43.000000 ;-21.367735 ;-22.950651 ;
43.100000 ;-21.414229 ;-22.954763 ;
43.200000 ;-21.423292 ;-22.955800 ;
43.300000 ;-21.447008 ;-22.957855 ;
43.400000 ;-21.505046 ;-22.962468 ;
43.500000 ;-21.538516 ;-22.964917 ;
43.600000 ;-21.561399 ;-22.966297 ;
43.700000 ;-21.607673 ;-22.969298 ;
43.800000 ;-21.645403 ;-22.971332 ;
43.900000 ;-21.679905 ;-22.972799 ;
44.000000 ;-21.726175 ;-22.974871 ;
44.100000 ;-21.767047 ;-22.976142 ;
44.200000 ;-21.805988 ;-22.976868 ;
44.300000 ;-21.856379 ;-22.978082 ;
44.400000 ;-21.906723 ;-22.978831 ;
44.500000 ;-21.942400 ;-22.977920 ;
44.600000 ;-21.990503 ;-22.977509 ;
44.700000 ;-22.055539 ;-22.977928 ;
44.800000 ;-22.105443 ;-22.976538 ;
44.900000 ;-22.138619 ;-22.973188 ;
45.000000 ;-22.198946 ;-22.971477 ;
45.100000 ;-22.273804 ;-22.970329 ;
45.200000 ;-22.314066 ;-22.965640 ;
45.300000 ;-22.362220 ;-22.960941 ;
45.400000 ;-22.432446 ;-22.957403 ;
45.500000 ;-22.485001 ;-22.951669 ;
45.600000 ;-22.535831 ;-22.945075 ;
45.700000 ;-22.600427 ;-22.938912 ;
45.800000 ;-22.657113 ;-22.931345 ;
45.900000 ;-22.710138 ;-22.922732 ;
46.000000 ;-22.774328 ;-22.914317 ;
46.100000 ;-22.837510 ;-22.905068 ;
46.200000 ;-22.887125 ;-22.893930 ;
46.300000 ;-22.947108 ;-22.882940 ;
46.400000 ;-23.019774 ;-22.872295 ;
46.500000 ;-23.077689 ;-22.859660 ;
46.600000 ;-23.122522 ;-22.845192 ;
46.700000 ;-23.189704 ;-22.831962 ;
46.800000 ;-23.269614 ;-22.819146 ;
46.900000 ;-23.318188 ;-22.802937 ;
47.000000 ;-23.367434 ;-22.786143 ;
47.100000 ;-23.442028 ;-22.770940 ;
47.200000 ;-23.506864 ;-22.754271 ;
47.300000 ;-23.554212 ;-22.735487 ;
47.400000 ;-23.617517 ;-22.717547 ;
47.500000 ;-23.683705 ;-22.699325 ;
47.600000 ;-23.733907 ;-22.679190 ;
47.700000 ;-23.792407 ;-22.659307 ;
47.800000 ;-23.858273 ;-22.639617 ;
47.900000 ;-23.910267 ;-22.618280 ;
48.000000 ;-23.961915 ;-22.596521 ;
48.100000 ;-24.026358 ;-22.575523 ;
48.200000 ;-24.089442 ;-22.554063 ;
48.300000 ;-24.131508 ;-22.530436 ;
48.400000 ;-24.182804 ;-22.507353 ;
48.500000 ;-24.253444 ;-22.485737 ;
48.600000 ;-24.313872 ;-22.462988 ;
48.700000 ;-24.348056 ;-22.437709 ;
48.800000 ;-24.401391 ;-22.413978 ;
48.900000 ;-24.474440 ;-22.391871 ;
49.000000 ;-24.520762 ;-22.367262 ;
49.100000 ;-24.559890 ;-22.341927 ;
49.200000 ;-24.619522 ;-22.318371 ;
49.300000 ;-24.674944 ;-22.294403 ;
49.400000 ;-24.713997 ;-22.268961 ;
49.500000 ;-24.764274 ;-22.244538 ;
49.600000 ;-24.819807 ;-22.220623 ;
49.700000 ;-24.859570 ;-22.195353 ;
49.800000 ;-24.902929 ;-22.170487 ;
49.900000 ;-24.956953 ;-22.146673 ;
50.000000 ;-25.003837 ;-22.122336 ;
50.100000 ;-25.036258 ;-22.096842 ;
50.200000 ;-25.080908 ;-22.072598 ;
50.300000 ;-25.138858 ;-22.049715 ;
50.400000 ;-25.180530 ;-22.025555 ;
50.500000 ;-25.204050 ;-21.999967 ;
50.600000 ;-25.249195 ;-21.976536 ;
50.700000 ;-25.311727 ;-21.954892 ;
50.800000 ;-25.345101 ;-21.930865 ;
50.900000 ;-25.368751 ;-21.906215 ;
51.000000 ;-25.417352 ;-21.884067 ;
51.100000 ;-25.467506 ;-21.862328 ;
51.200000 ;-25.491411 ;-21.838507 ;
51.300000 ;-25.526729 ;-21.815997 ;
51.400000 ;-25.572621 ;-21.794731 ;
51.500000 ;-25.602042 ;-21.772284 ;
51.600000 ;-25.631900 ;-21.750184 ;
51.700000 ;-25.672629 ;-21.729369 ;
51.800000 ;-25.708507 ;-21.708434 ;
51.900000 ;-25.731420 ;-21.686657 ;
52.000000 ;-25.763934 ;-21.666065 ;
52.100000 ;-25.807253 ;-21.646767 ;
52.200000 ;-25.837362 ;-21.626612 ;
52.300000 ;-25.851529 ;-21.605361 ;
52.400000 ;-25.883999 ;-21.586083 ;
52.500000 ;-25.933829 ;-21.568694 ;
52.600000 ;-25.961137 ;-21.549620 ;
52.700000 ;-25.968826 ;-21.529122 ;
52.800000 ;-26.002362 ;-21.511276 ;
52.900000 ;-26.051635 ;-21.495175 ;
53.000000 ;-26.067328 ;-21.476397 ;
53.100000 ;-26.083630 ;-21.458006 ;
53.200000 ;-26.120170 ;-21.441759 ;
53.300000 ;-26.147298 ;-21.424998 ;
53.400000 ;-26.162692 ;-21.407514 ;
53.500000 ;-26.189847 ;-21.391408 ;
53.600000 ;-26.219980 ;-21.375891 ;
53.700000 ;-26.235158 ;-21.359357 ;
53.800000 ;-26.255249 ;-21.343580 ;
53.900000 ;-26.285879 ;-21.329061 ;
54.000000 ;-26.309777 ;-21.314251 ;
54.100000 ;-26.317806 ;-21.298333 ;
54.200000 ;-26.337917 ;-21.283800 ;
54.300000 ;-26.374199 ;-21.271012 ;
54.400000 ;-26.398882 ;-21.257487 ;
54.500000 ;-26.396813 ;-21.241870 ;
54.600000 ;-26.414049 ;-21.228267 ;
54.700000 ;-26.457048 ;-21.217252 ;
54.800000 ;-26.479322 ;-21.204670 ;
54.900000 ;-26.476723 ;-21.190148 ;
55.000000 ;-26.498218 ;-21.178053 ;
55.100000 ;-26.533001 ;-21.167415 ;
55.200000 ;-26.539112 ;-21.154487 ;
55.300000 ;-26.550340 ;-21.142280 ;
55.400000 ;-26.575355 ;-21.131561 ;
55.500000 ;-26.589204 ;-21.120103 ;
55.600000 ;-26.598179 ;-21.108463 ;
55.700000 ;-26.617608 ;-21.098002 ;
55.800000 ;-26.638338 ;-21.087900 ;
55.900000 ;-26.643722 ;-21.076671 ;
56.000000 ;-26.653865 ;-21.066102 ;
56.100000 ;-26.677704 ;-21.056984 ;
56.200000 ;-26.699259 ;-21.047889 ;
56.300000 ;-26.695648 ;-21.036780 ;
56.400000 ;-26.700338 ;-21.026629 ;
56.500000 ;-26.730929 ;-21.018997 ;
56.600000 ;-26.760954 ;-21.011526 ;
56.700000 ;-26.751233 ;-21.000729 ;
56.800000 ;-26.752714 ;-20.991133 ;
56.900000 ;-26.785662 ;-20.984535 ;
57.000000 ;-26.805463 ;-20.976965 ;
57.100000 ;-26.799304 ;-20.967280 ;
57.200000 ;-26.812132 ;-20.959471 ;
57.300000 ;-26.833855 ;-20.952639 ;
57.400000 ;-26.835287 ;-20.944186 ;
57.500000 ;-26.842831 ;-20.936454 ;
57.600000 ;-26.859964 ;-20.929749 ;
57.700000 ;-26.866987 ;-20.922317 ;
57.800000 ;-26.869867 ;-20.914687 ;
57.900000 ;-26.883318 ;-20.908159 ;
58.000000 ;-26.900810 ;-20.902152 ;
58.100000 ;-26.900660 ;-20.894738 ;
58.200000 ;-26.898713 ;-20.887320 ;
58.300000 ;-26.916254 ;-20.881782 ;
58.400000 ;-26.942555 ;-20.877171 ;
58.500000 ;-26.939788 ;-20.870127 ;
58.600000 ;-26.926652 ;-20.862308 ;
58.700000 ;-26.945856 ;-20.857497 ;
58.800000 ;-26.981634 ;-20.854292 ;
58.900000 ;-26.975656 ;-20.847519 ;
59.000000 ;-26.967449 ;-20.840680 ;
59.100000 ;-26.988081 ;-20.836527 ;
59.200000 ;-27.002165 ;-20.831919 ;
59.300000 ;-26.996605 ;-20.825694 ;
59.400000 ;-27.004688 ;-20.820799 ;
59.500000 ;-27.017772 ;-20.816465 ;
59.600000 ;-27.016692 ;-20.810992 ;
59.700000 ;-27.020984 ;-20.806108 ;
59.800000 ;-27.033788 ;-20.802090 ;
59.900000 ;-27.038530 ;-20.797466 ;
60.000000 ;-27.034394 ;-20.792163 ;
60.100000 ;-27.041858 ;-20.787991 ;
60.200000 ;-27.060087 ;-20.784873 ;
60.300000 ;-27.064695 ;-20.780650 ;
60.400000 ;-27.048650 ;-20.774697 ;
60.500000 ;-27.053542 ;-20.770693 ;
60.600000 ;-27.084144 ;-20.769057 ;
60.700000 ;-27.097732 ;-20.766007 ;
60.800000 ;-27.074604 ;-20.759797 ;
60.900000 ;-27.077409 ;-20.755971 ;
61.000000 ;-27.108805 ;-20.754760 ;
61.100000 ;-27.108994 ;-20.750872 ;
61.200000 ;-27.099455 ;-20.746204 ;
61.300000 ;-27.110952 ;-20.743478 ;
61.400000 ;-27.118485 ;-20.740480 ;
61.500000 ;-27.114151 ;-20.736509 ;
61.600000 ;-27.119670 ;-20.733484 ;
61.700000 ;-27.128831 ;-20.730855 ;
61.800000 ;-27.125663 ;-20.727208 ;
61.900000 ;-27.126115 ;-20.723951 ;
62.000000 ;-27.136751 ;-20.721663 ;
62.100000 ;-27.144814 ;-20.719215 ;
62.200000 ;-27.133708 ;-20.715139 ;
62.300000 ;-27.130604 ;-20.711835 ;
62.400000 ;-27.148857 ;-20.710481 ;
62.500000 ;-27.168591 ;-20.709320 ;
62.600000 ;-27.150912 ;-20.704913 ;
62.700000 ;-27.135468 ;-20.700763 ;
62.800000 ;-27.158775 ;-20.700096 ;
62.900000 ;-27.189420 ;-20.700133 ;
63.000000 ;-27.170148 ;-20.695813 ;
63.100000 ;-27.162300 ;-20.692557 ;
63.200000 ;-27.182052 ;-20.691794 ;
63.300000 ;-27.183106 ;-20.689430 ;
63.400000 ;-27.176231 ;-20.686415 ;
63.500000 ;-27.183178 ;-20.684671 ;
63.600000 ;-27.187049 ;-20.682703 ;
63.700000 ;-27.182713 ;-20.680058 ;
63.800000 ;-27.186291 ;-20.678158 ;
63.900000 ;-27.194717 ;-20.676731 ;
64.000000 ;-27.190808 ;-20.674260 ;
64.100000 ;-27.184881 ;-20.671653 ;
64.200000 ;-27.192794 ;-20.670311 ;
64.300000 ;-27.207807 ;-20.669637 ;
64.400000 ;-27.201673 ;-20.667136 ;
64.500000 ;-27.181230 ;-20.663412 ;
64.600000 ;-27.189210 ;-20.662237 ;
64.700000 ;-27.221771 ;-20.663270 ;
64.800000 ;-27.225001 ;-20.661749 ;
64.900000 ;-27.196602 ;-20.657472 ;
65.000000 ;-27.202419 ;-20.656253 ;
65.100000 ;-27.232720 ;-20.657231 ;
65.200000 ;-27.222704 ;-20.654682 ;
65.300000 ;-27.213888 ;-20.652271 ;
65.400000 ;-27.224342 ;-20.651595 ;
65.500000 ;-27.223710 ;-20.649971 ;
65.600000 ;-27.219072 ;-20.648024 ;
65.700000 ;-27.224076 ;-20.646959 ;
65.800000 ;-27.227336 ;-20.645769 ;
65.900000 ;-27.221346 ;-20.643793 ;
66.000000 ;-27.222237 ;-20.642451 ;
66.100000 ;-27.231543 ;-20.641880 ;
66.200000 ;-27.233013 ;-20.640645 ;
66.300000 ;-27.217479 ;-20.637936 ;
66.400000 ;-27.216008 ;-20.636495 ;
66.500000 ;-27.236294 ;-20.636998 ;
66.600000 ;-27.251947 ;-20.637117 ;
66.700000 ;-27.225548 ;-20.633549 ;
66.800000 ;-27.210422 ;-20.631002 ;
66.900000 ;-27.238582 ;-20.632298 ;
67.000000 ;-27.265905 ;-20.633542 ;
67.100000 ;-27.240250 ;-20.630132 ;
67.200000 ;-27.234215 ;-20.628476 ;
67.300000 ;-27.252884 ;-20.629022 ;
67.400000 ;-27.247045 ;-20.627425 ;
67.500000 ;-27.241230 ;-20.625851 ;
67.600000 ;-27.247404 ;-20.625354 ;
67.700000 ;-27.246132 ;-20.624220 ;
67.800000 ;-27.241813 ;-20.622835 ;
67.900000 ;-27.245667 ;-20.622191 ;
68.000000 ;-27.250935 ;-20.621689 ;
68.100000 ;-27.242828 ;-20.620025 ;
68.200000 ;-27.237607 ;-20.618634 ;
68.300000 ;-27.246835 ;-20.618534 ;
68.400000 ;-27.259826 ;-20.618782 ;
68.500000 ;-27.246547 ;-20.616730 ;
68.600000 ;-27.224641 ;-20.613934 ;
68.700000 ;-27.236602 ;-20.614141 ;
68.800000 ;-27.271901 ;-20.616420 ;
68.900000 ;-27.268253 ;-20.615279 ;
69.000000 ;-27.237414 ;-20.611754 ;
69.100000 ;-27.246554 ;-20.611772 ;
69.200000 ;-27.275802 ;-20.613579 ;
69.300000 ;-27.260393 ;-20.611457 ;
69.400000 ;-27.253263 ;-20.610080 ;
69.500000 ;-27.262533 ;-20.610162 ;
69.600000 ;-27.257822 ;-20.609023 ;
69.700000 ;-27.254184 ;-20.607992 ;
69.800000 ;-27.258943 ;-20.607713 ;
69.900000 ;-27.258461 ;-20.606984 ;
70.000000 ;-27.252232 ;-20.605760 ;
70.100000 ;-27.254218 ;-20.605272 ;
70.200000 ;-27.262694 ;-20.605367 ;
70.300000 ;-27.259411 ;-20.604437 ;
70.400000 ;-27.242279 ;-20.602296 ;
70.500000 ;-27.243295 ;-20.601767 ;
70.600000 ;-27.265837 ;-20.603145 ;
70.700000 ;-27.278443 ;-20.603657 ;
70.800000 ;-27.246262 ;-20.600230 ;
70.900000 ;-27.232595 ;-20.598447 ;
71.000000 ;-27.265570 ;-20.600787 ;
71.100000 ;-27.289994 ;-20.602381 ;
71.200000 ;-27.261180 ;-20.599288 ;
71.300000 ;-27.257256 ;-20.598399 ;
71.400000 ;-27.274566 ;-20.599393 ;
71.500000 ;-27.265227 ;-20.598044 ;
71.600000 ;-27.260868 ;-20.597142 ;
71.700000 ;-27.266252 ;-20.597107 ;
71.800000 ;-27.262388 ;-20.596265 ;
71.900000 ;-27.258924 ;-20.595466 ;
72.000000 ;-27.263157 ;-20.595353 ;
72.100000 ;-27.265949 ;-20.595120 ;
72.200000 ;-27.255988 ;-20.593771 ;
72.300000 ;-27.252207 ;-20.592973 ;
72.400000 ;-27.262784 ;-20.593448 ;
72.500000 ;-27.274168 ;-20.594001 ;
72.600000 ;-27.255634 ;-20.591924 ;
72.700000 ;-27.233769 ;-20.589560 ;
72.800000 ;-27.249879 ;-20.590551 ;
72.900000 ;-27.287620 ;-20.593454 ;
73.000000 ;-27.278476 ;-20.592229 ;
73.100000 ;-27.246693 ;-20.589015 ;
73.200000 ;-27.259177 ;-20.589711 ;
73.300000 ;-27.286995 ;-20.591766 ;
73.400000 ;-27.268670 ;-20.589756 ;
73.500000 ;-27.263267 ;-20.588891 ;
73.600000 ;-27.271242 ;-20.589210 ;
73.700000 ;-27.264712 ;-20.588256 ;
73.800000 ;-27.262206 ;-20.587662 ;
73.900000 ;-27.266699 ;-20.587689 ;
74.000000 ;-27.263947 ;-20.587083 ;
74.100000 ;-27.258285 ;-20.586226 ;
74.200000 ;-27.261344 ;-20.586141 ;
74.300000 ;-27.269125 ;-20.586478 ;
74.400000 ;-27.262233 ;-20.585526 ;
74.500000 ;-27.244904 ;-20.583659 ;
74.600000 ;-27.248592 ;-20.583649 ;
74.700000 ;-27.273024 ;-20.585471 ;
74.800000 ;-27.282623 ;-20.585990 ;
74.900000 ;-27.263582 ;-20.583988 ;
75.000000 ;-27.262282 ;-20.583555 ;
75.100000 ;-27.272278 ;-20.584122 ;
75.200000 ;-27.264744 ;-20.583147 ;
75.300000 ;-27.262302 ;-20.582625 ;
75.400000 ;-27.266802 ;-20.582719 ;
75.500000 ;-27.263158 ;-20.582098 ;
75.600000 ;-27.258427 ;-20.581385 ;
75.700000 ;-27.262191 ;-20.581424 ;
75.800000 ;-27.268509 ;-20.581692 ;
75.900000 ;-27.258617 ;-20.580535 ;
76.000000 ;-27.245365 ;-20.579085 ;
76.100000 ;-27.252946 ;-20.579474 ;
76.200000 ;-27.275208 ;-20.581160 ;
76.300000 ;-27.276084 ;-20.580964 ;
76.400000 ;-27.259796 ;-20.579259 ;
76.500000 ;-27.262510 ;-20.579232 ;
76.600000 ;-27.270942 ;-20.579711 ;
76.700000 ;-27.262490 ;-20.578706 ;
76.800000 ;-27.261083 ;-20.578324 ;
76.900000 ;-27.266196 ;-20.578519 ;
77.000000 ;-27.261554 ;-20.577858 ;
77.100000 ;-27.256665 ;-20.577177 ;
77.200000 ;-27.261245 ;-20.577333 ;
77.300000 ;-27.267834 ;-20.577669 ;
77.400000 ;-27.256573 ;-20.576435 ;
77.500000 ;-27.244328 ;-20.575117 ;
77.600000 ;-27.253840 ;-20.575718 ;
77.700000 ;-27.275600 ;-20.577400 ;
77.800000 ;-27.268884 ;-20.576575 ;
77.900000 ;-27.237174 ;-20.573552 ;
78.000000 ;-27.242745 ;-20.573816 ;
78.100000 ;-27.281225 ;-20.576983 ;
78.200000 ;-27.278452 ;-20.576515 ;
78.300000 ;-27.253817 ;-20.574122 ;
78.400000 ;-27.262198 ;-20.574642 ;
78.500000 ;-27.273625 ;-20.575433 ;
78.600000 ;-27.261113 ;-20.574115 ;
78.700000 ;-27.260608 ;-20.573857 ;
78.800000 ;-27.265068 ;-20.574038 ;
78.900000 ;-27.258680 ;-20.573265 ;
79.000000 ;-27.257218 ;-20.572928 ;
79.100000 ;-27.262514 ;-20.573188 ;
79.200000 ;-27.260526 ;-20.572808 ;
79.300000 ;-27.250689 ;-20.571739 ;
79.400000 ;-27.251856 ;-20.571641 ;
79.500000 ;-27.264313 ;-20.572539 ;
79.600000 ;-27.267180 ;-20.572593 ;
79.700000 ;-27.246256 ;-20.570554 ;
79.800000 ;-27.241713 ;-20.569960 ;
79.900000 ;-27.264165 ;-20.571746 ;
80.000000 ;-27.276760 ;-20.572664 ;
