0.000000 ;-27.500000 ;-20.600000 ;
0.100000 ;-27.497741 ;-20.559043 ;
0.200000 ;-27.500628 ;-20.522647 ;
0.300000 ;-27.498340 ;-20.489452 ;
0.400000 ;-27.483191 ;-20.458393 ;
0.500000 ;-27.474828 ;-20.430751 ;
0.600000 ;-27.491466 ;-20.407771 ;
0.700000 ;-27.495395 ;-20.385928 ;
0.800000 ;-27.475174 ;-20.363981 ;
0.900000 ;-27.464064 ;-20.344636 ;
1.000000 ;-27.487878 ;-20.329970 ;
1.100000 ;-27.492579 ;-20.315080 ;
1.200000 ;-27.470505 ;-20.299152 ;
1.300000 ;-27.471658 ;-20.286451 ;
1.400000 ;-27.487829 ;-20.276143 ;
1.500000 ;-27.483053 ;-20.264971 ;
1.600000 ;-27.475402 ;-20.254434 ;
1.700000 ;-27.486821 ;-20.246377 ;
1.800000 ;-27.488921 ;-20.238239 ;
1.900000 ;-27.481983 ;-20.229981 ;
2.000000 ;-27.487954 ;-20.223470 ;
2.100000 ;-27.495493 ;-20.217659 ;
2.200000 ;-27.490795 ;-20.211293 ;
2.300000 ;-27.483809 ;-20.205200 ;
2.400000 ;-27.496606 ;-20.201273 ;
2.500000 ;-27.506257 ;-20.197471 ;
2.600000 ;-27.495205 ;-20.192225 ;
2.700000 ;-27.480298 ;-20.186980 ;
2.800000 ;-27.498446 ;-20.184938 ;
2.900000 ;-27.514530 ;-20.183002 ;
3.000000 ;-27.497910 ;-20.178471 ;
3.100000 ;-27.477269 ;-20.173831 ;
3.200000 ;-27.498557 ;-20.173082 ;
3.300000 ;-27.507296 ;-20.171442 ;
3.400000 ;-27.490965 ;-20.167802 ;
3.500000 ;-27.492919 ;-20.165936 ;
3.600000 ;-27.504078 ;-20.165037 ;
3.700000 ;-27.499758 ;-20.162934 ;
3.800000 ;-27.496319 ;-20.161046 ;
3.900000 ;-27.505317 ;-20.160373 ;
4.000000 ;-27.505774 ;-20.159071 ;
4.100000 ;-27.498561 ;-20.157207 ;
4.200000 ;-27.503776 ;-20.156529 ;
4.300000 ;-27.513647 ;-20.156350 ;
4.400000 ;-27.509022 ;-20.154990 ;
4.500000 ;-27.496301 ;-20.153000 ;
4.600000 ;-27.504999 ;-20.152955 ;
4.700000 ;-27.524032 ;-20.153880 ;
4.800000 ;-27.516485 ;-20.152545 ;
4.900000 ;-27.491059 ;-20.149705 ;
5.000000 ;-27.498901 ;-20.149822 ;
5.100000 ;-27.521938 ;-20.151316 ;
5.200000 ;-27.511980 ;-20.149973 ;
5.300000 ;-27.490049 ;-20.147627 ;
5.400000 ;-27.506212 ;-20.148644 ;
5.500000 ;-27.513045 ;-20.148881 ;
5.600000 ;-27.502166 ;-20.147604 ;
5.700000 ;-27.506375 ;-20.147674 ;
5.800000 ;-27.513167 ;-20.147997 ;
5.900000 ;-27.508523 ;-20.147347 ;
6.000000 ;-27.506557 ;-20.146954 ;
6.100000 ;-27.515388 ;-20.147526 ;
6.200000 ;-27.515774 ;-20.147380 ;
6.300000 ;-27.506775 ;-20.146432 ;
6.400000 ;-27.508482 ;-20.146437 ;
6.500000 ;-27.524582 ;-20.147715 ;
6.600000 ;-27.523913 ;-20.147542 ;
6.700000 ;-27.504540 ;-20.145749 ;
6.800000 ;-27.500005 ;-20.145264 ;
6.900000 ;-27.527213 ;-20.147563 ;
7.000000 ;-27.530109 ;-20.147750 ;
7.100000 ;-27.501242 ;-20.145174 ;
7.200000 ;-27.497569 ;-20.144806 ;
7.300000 ;-27.520120 ;-20.146736 ;
7.400000 ;-27.515736 ;-20.146321 ;
7.500000 ;-27.501046 ;-20.145015 ;
7.600000 ;-27.513353 ;-20.146071 ;
7.700000 ;-27.516480 ;-20.146332 ;
7.800000 ;-27.509237 ;-20.145692 ;
7.900000 ;-27.514517 ;-20.146152 ;
8.000000 ;-27.519308 ;-20.146573 ;
8.100000 ;-27.514219 ;-20.146136 ;
8.200000 ;-27.511113 ;-20.145876 ;
8.300000 ;-27.522288 ;-20.146868 ;
8.400000 ;-27.525488 ;-20.147166 ;
8.500000 ;-27.513799 ;-20.146167 ;
8.600000 ;-27.505882 ;-20.145501 ;
8.700000 ;-27.527319 ;-20.147401 ;
8.800000 ;-27.538210 ;-20.148384 ;
8.900000 ;-27.516634 ;-20.146533 ;
9.000000 ;-27.494043 ;-20.144596 ;
9.100000 ;-27.519381 ;-20.146846 ;
9.200000 ;-27.532353 ;-20.148019 ;
9.300000 ;-27.509564 ;-20.146072 ;
9.400000 ;-27.503544 ;-20.145590 ;
9.500000 ;-27.520083 ;-20.147079 ;
9.600000 ;-27.517125 ;-20.146867 ;
9.700000 ;-27.510877 ;-20.146369 ;
9.800000 ;-27.515396 ;-20.146812 ;
9.900000 ;-27.517484 ;-20.159287 ;
10.000000 ;-27.488365 ;-20.410120 ;
10.100000 ;-27.374286 ;-20.807201 ;
10.200000 ;-27.167720 ;-21.225808 ;
10.300000 ;-26.877007 ;-21.616502 ;
10.400000 ;-26.527612 ;-21.963393 ;
10.500000 ;-26.142286 ;-22.262033 ;
10.600000 ;-25.741985 ;-22.513423 ;
10.700000 ;-25.344429 ;-22.721006 ;
10.800000 ;-24.958778 ;-22.888884 ;
10.900000 ;-24.596693 ;-23.022129 ;
11.000000 ;-24.266136 ;-23.125740 ;
11.100000 ;-23.947542 ;-23.202459 ;
11.200000 ;-23.672420 ;-23.259035 ;
11.300000 ;-23.445507 ;-23.299621 ;
11.400000 ;-23.214420 ;-23.323371 ;
11.500000 ;-23.009890 ;-23.335908 ;
11.600000 ;-22.855522 ;-23.341721 ;
11.700000 ;-22.699611 ;-23.338777 ;
11.800000 ;-22.558221 ;-23.330307 ;
11.900000 ;-22.450603 ;-23.319388 ;
12.000000 ;-22.342785 ;-23.304531 ;
12.100000 ;-22.248026 ;-23.287853 ;
12.200000 ;-22.176121 ;-23.270931 ;
12.300000 ;-22.101336 ;-23.252378 ;
12.400000 ;-22.034109 ;-23.233562 ;
12.500000 ;-21.988078 ;-23.215937 ;
12.600000 ;-21.939977 ;-23.197966 ;
12.700000 ;-21.885587 ;-23.179572 ;
12.800000 ;-21.853526 ;-23.163211 ;
12.900000 ;-21.831153 ;-23.147986 ;
13.000000 ;-21.786932 ;-23.131459 ;
13.100000 ;-21.756665 ;-23.116593 ;
13.200000 ;-21.747856 ;-23.104028 ;
13.300000 ;-21.720588 ;-23.090544 ;
13.400000 ;-21.691431 ;-23.077507 ;
13.500000 ;-21.684027 ;-23.066832 ;
13.600000 ;-21.669137 ;-23.056131 ;
13.700000 ;-21.644860 ;-23.045243 ;
13.800000 ;-21.637316 ;-23.036266 ;
13.900000 ;-21.629573 ;-23.027803 ;
14.000000 ;-21.608896 ;-23.018805 ;
14.100000 ;-21.601341 ;-23.011356 ;
14.200000 ;-21.600823 ;-23.004937 ;
14.300000 ;-21.582553 ;-22.997520 ;
14.400000 ;-21.571455 ;-22.991098 ;
14.500000 ;-21.576310 ;-22.986356 ;
14.600000 ;-21.567980 ;-22.980914 ;
14.700000 ;-21.549385 ;-22.974988 ;
14.800000 ;-21.551944 ;-22.971097 ;
14.900000 ;-21.558647 ;-22.967845 ;
15.000000 ;-21.539165 ;-22.962759 ;
15.100000 ;-21.533601 ;-22.959065 ;
15.200000 ;-21.543978 ;-22.956908 ;
15.300000 ;-21.532139 ;-22.953187 ;
15.400000 ;-21.522921 ;-22.949896 ;
15.500000 ;-21.529860 ;-22.948110 ;
15.600000 ;-21.523893 ;-22.945471 ;
15.700000 ;-21.514152 ;-22.942703 ;
15.800000 ;-21.518680 ;-22.941249 ;
15.900000 ;-21.518021 ;-22.939529 ;
16.000000 ;-21.506062 ;-22.937039 ;
16.100000 ;-21.507904 ;-22.935793 ;
16.200000 ;-21.515501 ;-22.935133 ;
16.300000 ;-21.502335 ;-22.932913 ;
16.400000 ;-21.496436 ;-22.931384 ;
16.500000 ;-21.508779 ;-22.931423 ;
16.600000 ;-21.506604 ;-22.930383 ;
16.700000 ;-21.491338 ;-22.928372 ;
16.800000 ;-21.498246 ;-22.928226 ;
16.900000 ;-21.508525 ;-22.928425 ;
17.000000 ;-21.493353 ;-22.926640 ;
17.100000 ;-21.492572 ;-22.926076 ;
17.200000 ;-21.503383 ;-22.926504 ;
17.300000 ;-21.493379 ;-22.925309 ;
17.400000 ;-21.489796 ;-22.924681 ;
17.500000 ;-21.498207 ;-22.925063 ;
17.600000 ;-21.492161 ;-22.924325 ;
17.700000 ;-21.486211 ;-22.923634 ;
17.800000 ;-21.493751 ;-22.924065 ;
17.900000 ;-21.493951 ;-22.923939 ;
18.000000 ;-21.482496 ;-22.922906 ;
18.100000 ;-21.486748 ;-22.923166 ;
18.200000 ;-21.498140 ;-22.924027 ;
18.300000 ;-21.485368 ;-22.922968 ;
18.400000 ;-21.479131 ;-22.922459 ;
18.500000 ;-21.494254 ;-22.923689 ;
18.600000 ;-21.494139 ;-22.923713 ;
18.700000 ;-21.480150 ;-22.922638 ;
18.800000 ;-21.488052 ;-22.923341 ;
18.900000 ;-21.496084 ;-22.924071 ;
19.000000 ;-21.483817 ;-22.923181 ;
19.100000 ;-21.485941 ;-22.923462 ;
19.200000 ;-21.493871 ;-22.924223 ;
19.300000 ;-21.484555 ;-22.923607 ;
19.400000 ;-21.484184 ;-22.923722 ;
19.500000 ;-21.492576 ;-22.924550 ;
19.600000 ;-21.485432 ;-22.924139 ;
19.700000 ;-21.480614 ;-22.923922 ;
19.800000 ;-21.490225 ;-22.924873 ;
19.900000 ;-21.491496 ;-22.925161 ;
20.000000 ;-21.478087 ;-22.924274 ;
20.100000 ;-21.482962 ;-22.924864 ;
20.200000 ;-21.498019 ;-22.926279 ;
20.300000 ;-21.485464 ;-22.925477 ;
20.400000 ;-21.478368 ;-22.925119 ;
20.500000 ;-21.494168 ;-22.926608 ;
20.600000 ;-21.493382 ;-22.926766 ;
20.700000 ;-21.482107 ;-22.926084 ;
20.800000 ;-21.490423 ;-22.926981 ;
20.900000 ;-21.493725 ;-22.927478 ;
21.000000 ;-21.484636 ;-22.926982 ;
21.100000 ;-21.488959 ;-22.927566 ;
21.200000 ;-21.493659 ;-22.928183 ;
21.300000 ;-21.484911 ;-22.927721 ;
21.400000 ;-21.486558 ;-22.928097 ;
21.500000 ;-21.495512 ;-22.929062 ;
21.600000 ;-21.487023 ;-22.928627 ;
21.700000 ;-21.481438 ;-22.928426 ;
21.800000 ;-21.493352 ;-22.929634 ;
21.900000 ;-21.497234 ;-22.930197 ;
22.000000 ;-21.481100 ;-22.929152 ;
22.100000 ;-21.485424 ;-22.929753 ;
22.200000 ;-21.503169 ;-22.931435 ;
22.300000 ;-21.491009 ;-22.930712 ;
22.400000 ;-21.484698 ;-22.930461 ;
22.500000 ;-21.499180 ;-22.931882 ;
22.600000 ;-21.495471 ;-22.931842 ;
22.700000 ;-21.488275 ;-22.931521 ;
22.800000 ;-21.496539 ;-22.932444 ;
22.900000 ;-21.495503 ;-22.932619 ;
23.000000 ;-21.489118 ;-22.932365 ;
23.100000 ;-21.495004 ;-22.933097 ;
23.200000 ;-21.497774 ;-22.933580 ;
23.300000 ;-21.488337 ;-22.933081 ;
23.400000 ;-21.491133 ;-22.933566 ;
23.500000 ;-21.502195 ;-22.934715 ;
23.600000 ;-21.492726 ;-22.934214 ;
23.700000 ;-21.484423 ;-22.933807 ;
23.800000 ;-21.498516 ;-22.935201 ;
23.900000 ;-21.506209 ;-22.936080 ;
24.000000 ;-21.488433 ;-22.934911 ;
24.100000 ;-21.491931 ;-22.935452 ;
24.200000 ;-21.509195 ;-22.937101 ;
24.300000 ;-21.497194 ;-22.936397 ;
24.400000 ;-21.493850 ;-22.936388 ;
24.500000 ;-21.505280 ;-22.937566 ;
24.600000 ;-21.498830 ;-22.937308 ;
24.700000 ;-21.495630 ;-22.937310 ;
24.800000 ;-21.503410 ;-22.938194 ;
24.900000 ;-21.499538 ;-22.938142 ;
25.000000 ;-21.494583 ;-22.938002 ;
25.100000 ;-21.501934 ;-22.938851 ;
25.200000 ;-21.504596 ;-22.939324 ;
25.300000 ;-21.492629 ;-22.938619 ;
25.400000 ;-21.495492 ;-22.939107 ;
25.500000 ;-21.510540 ;-22.940574 ;
25.600000 ;-21.501723 ;-22.940122 ;
25.700000 ;-21.489606 ;-22.939404 ;
25.800000 ;-21.504617 ;-22.940868 ;
25.900000 ;-21.514650 ;-22.941931 ;
26.000000 ;-21.497681 ;-22.940822 ;
26.100000 ;-21.501441 ;-22.941379 ;
26.200000 ;-21.513789 ;-22.942627 ;
26.300000 ;-21.502841 ;-22.942001 ;
26.400000 ;-21.503180 ;-22.942282 ;
26.500000 ;-21.510667 ;-22.943137 ;
26.600000 ;-21.503344 ;-22.942802 ;
26.700000 ;-21.502965 ;-22.943024 ;
26.800000 ;-21.510572 ;-22.943887 ;
26.900000 ;-21.504759 ;-22.943671 ;
27.000000 ;-21.499405 ;-22.943492 ;
27.100000 ;-21.508704 ;-22.944490 ;
27.200000 ;-21.513966 ;-22.945164 ;
27.300000 ;-21.498006 ;-22.944130 ;
27.400000 ;-21.499041 ;-22.944462 ;
27.500000 ;-21.518923 ;-22.946311 ;
27.600000 ;-21.512543 ;-22.946046 ;
27.700000 ;-21.498209 ;-22.945140 ;
27.800000 ;-21.512368 ;-22.946527 ;
27.900000 ;-21.519682 ;-22.947363 ;
28.000000 ;-21.506451 ;-22.946545 ;
28.100000 ;-21.511519 ;-22.947198 ;
28.200000 ;-21.516425 ;-22.947839 ;
28.300000 ;-21.508561 ;-22.947451 ;
28.400000 ;-21.511643 ;-22.947943 ;
28.500000 ;-21.515860 ;-22.948526 ;
28.600000 ;-21.508289 ;-22.948160 ;
28.700000 ;-21.509486 ;-22.948499 ;
28.800000 ;-21.518283 ;-22.949448 ;
28.900000 ;-21.511109 ;-22.949113 ;
29.000000 ;-21.502698 ;-22.948677 ;
29.100000 ;-21.514205 ;-22.949843 ;
29.200000 ;-21.525440 ;-22.950987 ;
29.300000 ;-21.506367 ;-22.949691 ;
29.400000 ;-21.503791 ;-22.949723 ;
29.500000 ;-21.526435 ;-22.951784 ;
29.600000 ;-21.521558 ;-22.951630 ;
29.700000 ;-21.509090 ;-22.950864 ;
29.800000 ;-21.521257 ;-22.952079 ;
29.900000 ;-21.521949 ;-22.952371 ;
30.000000 ;-21.514164 ;-22.951981 ;
30.100000 ;-21.520123 ;-22.952695 ;
30.200000 ;-21.519788 ;-22.952902 ;
30.300000 ;-21.514388 ;-22.952701 ;
30.400000 ;-21.519190 ;-22.953321 ;
30.500000 ;-21.522134 ;-22.953790 ;
30.600000 ;-21.512686 ;-22.953262 ;
30.700000 ;-21.514208 ;-22.953616 ;
30.800000 ;-21.526437 ;-22.954830 ;
30.900000 ;-21.520186 ;-22.954557 ;
31.000000 ;-21.505609 ;-22.953614 ;
31.100000 ;-21.517889 ;-22.954831 ;
31.200000 ;-21.536772 ;-22.956580 ;
31.300000 ;-21.517595 ;-22.955265 ;
31.400000 ;-21.512614 ;-22.955091 ;
31.500000 ;-21.533200 ;-22.956975 ;
31.600000 ;-21.526459 ;-22.956660 ;
31.700000 ;-21.519413 ;-22.956318 ;
31.800000 ;-21.528730 ;-22.957293 ;
31.900000 ;-21.524448 ;-22.957173 ;
32.000000 ;-21.521227 ;-22.957138 ;
32.100000 ;-21.527288 ;-22.957848 ;
32.200000 ;-21.524162 ;-22.957820 ;
32.300000 ;-21.519425 ;-22.957660 ;
32.400000 ;-21.525815 ;-22.958396 ;
32.500000 ;-21.530198 ;-22.958969 ;
32.600000 ;-21.516626 ;-22.958097 ;
32.700000 ;-21.516048 ;-22.958270 ;
32.800000 ;-21.533858 ;-22.959923 ;
32.900000 ;-21.533163 ;-22.960086 ;
33.000000 ;-21.512080 ;-22.958606 ;
33.100000 ;-21.522189 ;-22.959637 ;
33.200000 ;-21.544952 ;-22.961688 ;
33.300000 ;-21.527514 ;-22.960501 ;
33.400000 ;-21.524213 ;-22.960450 ;
33.500000 ;-21.538116 ;-22.961785 ;
33.600000 ;-21.529490 ;-22.961305 ;
33.700000 ;-21.527965 ;-22.961396 ;
33.800000 ;-21.533968 ;-22.962092 ;
33.900000 ;-21.528151 ;-22.961837 ;
34.000000 ;-21.527538 ;-22.962000 ;
34.100000 ;-21.534010 ;-22.962732 ;
34.200000 ;-21.529161 ;-22.962552 ;
34.300000 ;-21.522421 ;-22.962220 ;
34.400000 ;-21.530724 ;-22.963098 ;
34.500000 ;-21.540490 ;-22.964093 ;
34.600000 ;-21.523125 ;-22.962904 ;
34.700000 ;-21.516190 ;-22.962553 ;
34.800000 ;-21.538981 ;-22.964596 ;
34.900000 ;-21.546595 ;-22.965417 ;
35.000000 ;-21.523524 ;-22.963765 ;
35.100000 ;-21.530712 ;-22.964549 ;
35.200000 ;-21.547984 ;-22.966146 ;
35.300000 ;-21.533721 ;-22.965203 ;
35.400000 ;-21.534480 ;-22.965468 ;
35.500000 ;-21.539932 ;-22.966110 ;
35.600000 ;-21.533264 ;-22.965776 ;
35.700000 ;-21.535086 ;-22.966125 ;
35.800000 ;-21.538750 ;-22.966621 ;
35.900000 ;-21.532023 ;-22.966281 ;
36.000000 ;-21.532366 ;-22.966509 ;
36.100000 ;-21.540849 ;-22.967391 ;
36.200000 ;-21.536012 ;-22.967201 ;
36.300000 ;-21.523081 ;-22.966358 ;
36.400000 ;-21.532138 ;-22.967286 ;
36.500000 ;-21.551458 ;-22.969039 ;
36.600000 ;-21.535706 ;-22.967967 ;
36.700000 ;-21.520551 ;-22.966943 ;
36.800000 ;-21.543435 ;-22.968983 ;
36.900000 ;-21.553994 ;-22.970030 ;
37.000000 ;-21.534922 ;-22.968689 ;
37.100000 ;-21.541260 ;-22.969393 ;
37.200000 ;-21.546604 ;-22.970018 ;
37.300000 ;-21.538493 ;-22.969558 ;
37.400000 ;-21.542001 ;-22.970033 ;
37.500000 ;-21.542334 ;-22.970251 ;
37.600000 ;-21.537569 ;-22.970059 ;
37.700000 ;-21.541166 ;-22.970539 ;
37.800000 ;-21.544673 ;-22.971012 ;
37.900000 ;-21.535038 ;-22.970426 ;
38.000000 ;-21.534220 ;-22.970549 ;
38.100000 ;-21.547078 ;-22.971773 ;
38.200000 ;-21.547843 ;-22.972022 ;
38.300000 ;-21.525467 ;-22.970407 ;
38.400000 ;-21.530516 ;-22.971001 ;
38.500000 ;-21.559828 ;-22.973550 ;
38.600000 ;-21.550142 ;-22.972956 ;
38.700000 ;-21.532204 ;-22.971695 ;
38.800000 ;-21.550454 ;-22.973351 ;
38.900000 ;-21.553704 ;-22.973798 ;
39.000000 ;-21.542905 ;-22.973113 ;
39.100000 ;-21.548951 ;-22.973782 ;
39.200000 ;-21.546922 ;-22.973802 ;
39.300000 ;-21.543435 ;-22.973703 ;
39.400000 ;-21.547980 ;-22.974250 ;
39.500000 ;-21.545982 ;-22.974270 ;
39.600000 ;-21.540904 ;-22.974042 ;
39.700000 ;-21.545925 ;-22.974626 ;
39.800000 ;-21.552377 ;-22.975325 ;
39.900000 ;-21.545854 ;-22.974980 ;
40.000000 ;-21.545479 ;-22.975130 ;
40.100000 ;-21.551512 ;-22.975779 ;
40.200000 ;-21.549936 ;-22.975776 ;
40.300000 ;-21.550758 ;-22.975937 ;
40.400000 ;-21.552601 ;-22.976155 ;
40.500000 ;-21.555051 ;-22.976414 ;
40.600000 ;-21.558380 ;-22.976753 ;
40.700000 ;-21.562102 ;-22.977143 ;
40.800000 ;-21.566805 ;-22.977642 ;
40.900000 ;-21.572010 ;-22.978219 ;
41.000000 ;-21.577186 ;-22.978842 ;
41.100000 ;-21.584154 ;-22.979649 ;
41.200000 ;-21.592349 ;-22.980600 ;
41.300000 ;-21.596600 ;-22.981301 ;
41.400000 ;-21.601143 ;-22.982083 ;
41.500000 ;-21.615276 ;-22.983657 ;
41.600000 ;-21.634895 ;-22.985696 ;
41.700000 ;-21.643535 ;-22.986918 ;
41.800000 ;-21.648242 ;-22.987876 ;
41.900000 ;-21.667441 ;-22.990034 ;
42.000000 ;-21.684438 ;-22.992040 ;
42.100000 ;-21.692729 ;-22.993369 ;
42.200000 ;-21.712538 ;-22.995639 ;
42.300000 ;-21.734613 ;-22.998092 ;
42.400000 ;-21.744031 ;-22.999522 ;
42.500000 ;-21.764567 ;-23.001832 ;
42.600000 ;-21.797523 ;-23.005108 ;
42.700000 ;-21.813763 ;-23.006982 ;
42.800000 ;-21.825136 ;-23.008403 ;
42.900000 ;-21.862653 ;-23.011875 ;
43.000000 ;-21.903428 ;-23.015505 ;
43.100000 ;-21.912586 ;-23.016425 ;
43.200000 ;-21.940657 ;-23.018761 ;
43.300000 ;-21.989876 ;-23.022671 ;
43.400000 ;-22.012448 ;-23.024185 ;
43.500000 ;-22.040420 ;-23.025930 ;
43.600000 ;-22.085425 ;-23.028839 ;
43.700000 ;-22.116114 ;-23.030284 ;
43.800000 ;-22.149752 ;-23.031674 ;
43.900000 ;-22.195912 ;-23.033766 ;
44.000000 ;-22.232511 ;-23.034698 ;
44.100000 ;-22.267682 ;-23.035122 ;
44.200000 ;-22.317826 ;-23.036362 ;
44.300000 ;-22.366163 ;-23.036987 ;
44.400000 ;-22.397600 ;-23.035710 ;
44.500000 ;-22.445267 ;-23.035282 ;
44.600000 ;-22.509000 ;-23.035653 ;
44.700000 ;-22.549758 ;-23.033491 ;
44.800000 ;-22.586800 ;-23.030407 ;
44.900000 ;-22.650568 ;-23.028973 ;
45.000000 ;-22.709864 ;-23.026484 ;
45.100000 ;-22.747248 ;-23.021423 ;
45.200000 ;-22.803844 ;-23.017309 ;
45.300000 ;-22.867484 ;-23.013066 ;
45.400000 ;-22.911572 ;-23.006378 ;
45.500000 ;-22.966733 ;-22.999881 ;
45.600000 ;-23.030839 ;-22.993372 ;
45.700000 ;-23.079493 ;-22.984722 ;
45.800000 ;-23.133276 ;-22.975714 ;
45.900000 ;-23.199761 ;-22.966994 ;
46.000000 ;-23.255529 ;-22.956513 ;
46.100000 ;-23.302753 ;-22.944465 ;
46.200000 ;-23.367467 ;-22.933131 ;
46.300000 ;-23.438473 ;-22.921524 ;
46.400000 ;-23.483751 ;-22.906827 ;
46.500000 ;-23.535879 ;-22.891933 ;
46.600000 ;-23.610759 ;-22.878264 ;
46.700000 ;-23.672553 ;-22.862635 ;
46.800000 ;-23.716326 ;-22.844628 ;
46.900000 ;-23.780725 ;-22.827713 ;
47.000000 ;-23.851420 ;-22.810622 ;
47.100000 ;-23.898123 ;-22.790660 ;
47.200000 ;-23.955044 ;-22.770924 ;
47.300000 ;-24.023477 ;-22.751549 ;
47.400000 ;-24.075091 ;-22.730013 ;
47.500000 ;-24.127530 ;-22.707935 ;
47.600000 ;-24.193046 ;-22.686441 ;
47.700000 ;-24.251377 ;-22.663733 ;
47.800000 ;-24.297101 ;-22.639358 ;
47.900000 ;-24.356353 ;-22.615702 ;
48.000000 ;-24.424558 ;-22.592380 ;
48.100000 ;-24.471096 ;-22.566655 ;
48.200000 ;-24.515511 ;-22.540333 ;
48.300000 ;-24.581439 ;-22.515587 ;
48.400000 ;-24.647090 ;-22.490469 ;
48.500000 ;-24.683624 ;-22.462390 ;
48.600000 ;-24.733286 ;-22.435230 ;
48.700000 ;-24.802190 ;-22.409573 ;
48.800000 ;-24.850143 ;-22.381788 ;
48.900000 ;-24.890145 ;-22.353094 ;
49.000000 ;-24.948368 ;-22.325907 ;
49.100000 ;-25.003929 ;-22.298349 ;
49.200000 ;-25.042326 ;-22.269132 ;
49.300000 ;-25.091890 ;-22.240865 ;
49.400000 ;-25.149204 ;-22.213263 ;
49.500000 ;-25.188935 ;-22.184046 ;
49.600000 ;-25.229647 ;-22.154933 ;
49.700000 ;-25.284420 ;-22.127137 ;
49.800000 ;-25.334836 ;-22.099006 ;
49.900000 ;-25.365484 ;-22.069161 ;
50.000000 ;-25.408265 ;-22.040530 ;
50.100000 ;-25.467209 ;-22.013500 ;
50.200000 ;-25.509161 ;-21.985071 ;
50.300000 ;-25.534416 ;-21.955291 ;
50.400000 ;-25.581085 ;-21.927650 ;
50.500000 ;-25.639927 ;-21.901323 ;
50.600000 ;-25.668715 ;-21.872478 ;
50.700000 ;-25.698776 ;-21.843989 ;
50.800000 ;-25.749657 ;-21.817645 ;
50.900000 ;-25.791218 ;-21.790718 ;
51.000000 ;-25.816942 ;-21.762630 ;
51.100000 ;-25.856683 ;-21.736105 ;
51.200000 ;-25.902062 ;-21.710392 ;
51.300000 ;-25.928475 ;-21.683268 ;
51.400000 ;-25.959690 ;-21.656901 ;
51.500000 ;-26.003327 ;-21.631988 ;
51.600000 ;-26.037824 ;-21.606582 ;
51.700000 ;-26.058866 ;-21.580301 ;
51.800000 ;-26.093665 ;-21.555615 ;
51.900000 ;-26.139720 ;-21.532303 ;
52.000000 ;-26.165343 ;-21.507500 ;
52.100000 ;-26.181441 ;-21.482201 ;
52.200000 ;-26.219803 ;-21.459284 ;
52.300000 ;-26.267542 ;-21.437584 ;
52.400000 ;-26.283473 ;-21.413381 ;
52.500000 ;-26.301292 ;-21.389726 ;
52.600000 ;-26.343313 ;-21.368633 ;
52.700000 ;-26.378055 ;-21.347260 ;
52.800000 ;-26.390524 ;-21.324255 ;
52.900000 ;-26.418199 ;-21.303000 ;
53.000000 ;-26.455708 ;-21.283009 ;
53.100000 ;-26.472826 ;-21.261559 ;
53.200000 ;-26.492674 ;-21.240731 ;
53.300000 ;-26.525514 ;-21.221447 ;
53.400000 ;-26.550818 ;-21.201858 ;
53.500000 ;-26.563714 ;-21.181526 ;
53.600000 ;-26.588610 ;-21.162640 ;
53.700000 ;-26.623077 ;-21.144982 ;
53.800000 ;-26.639435 ;-21.126061 ;
53.900000 ;-26.648059 ;-21.106808 ;
54.000000 ;-26.676681 ;-21.089707 ;
54.100000 ;-26.714692 ;-21.073802 ;
54.200000 ;-26.723358 ;-21.055618 ;
54.300000 ;-26.729625 ;-21.037567 ;
54.400000 ;-26.762363 ;-21.022232 ;
54.500000 ;-26.796659 ;-21.007376 ;
54.600000 ;-26.798392 ;-20.989940 ;
54.700000 ;-26.812691 ;-20.973961 ;
54.800000 ;-26.845328 ;-20.959951 ;
54.900000 ;-26.859411 ;-20.944605 ;
55.000000 ;-26.867498 ;-20.929042 ;
55.100000 ;-26.890593 ;-20.915135 ;
55.200000 ;-26.912431 ;-20.901426 ;
55.300000 ;-26.918648 ;-20.886629 ;
55.400000 ;-26.933882 ;-20.872937 ;
55.500000 ;-26.959423 ;-20.860462 ;
55.600000 ;-26.971562 ;-20.847084 ;
55.700000 ;-26.974709 ;-20.833193 ;
55.800000 ;-26.993987 ;-20.821023 ;
55.900000 ;-27.023261 ;-20.810021 ;
56.000000 ;-27.029045 ;-20.797201 ;
56.100000 ;-27.026934 ;-20.783948 ;
56.200000 ;-27.049971 ;-20.773199 ;
56.300000 ;-27.083377 ;-20.763633 ;
56.400000 ;-27.082124 ;-20.751239 ;
56.500000 ;-27.082576 ;-20.739248 ;
56.600000 ;-27.109205 ;-20.729832 ;
56.700000 ;-27.129209 ;-20.720070 ;
56.800000 ;-27.126375 ;-20.708516 ;
56.900000 ;-27.138732 ;-20.698545 ;
57.000000 ;-27.160800 ;-20.689666 ;
57.100000 ;-27.163685 ;-20.679310 ;
57.200000 ;-27.169711 ;-20.669453 ;
57.300000 ;-27.188063 ;-20.660907 ;
57.400000 ;-27.199585 ;-20.651968 ;
57.500000 ;-27.199046 ;-20.642168 ;
57.600000 ;-27.210160 ;-20.633606 ;
57.700000 ;-27.231861 ;-20.626183 ;
57.800000 ;-27.237425 ;-20.617526 ;
57.900000 ;-27.231083 ;-20.608008 ;
58.000000 ;-27.245122 ;-20.600485 ;
58.100000 ;-27.273890 ;-20.594452 ;
58.200000 ;-27.275818 ;-20.586223 ;
58.300000 ;-27.265255 ;-20.577067 ;
58.400000 ;-27.282731 ;-20.570568 ;
58.500000 ;-27.311724 ;-20.565259 ;
58.600000 ;-27.305118 ;-20.556966 ;
58.700000 ;-27.304093 ;-20.549332 ;
58.800000 ;-27.324442 ;-20.543749 ;
58.900000 ;-27.332389 ;-20.537227 ;
59.000000 ;-27.329426 ;-20.529894 ;
59.100000 ;-27.340223 ;-20.523929 ;
59.200000 ;-27.353759 ;-20.518353 ;
59.300000 ;-27.351339 ;-20.511513 ;
59.400000 ;-27.355401 ;-20.505386 ;
59.500000 ;-27.370784 ;-20.500399 ;
59.600000 ;-27.377595 ;-20.494790 ;
59.700000 ;-27.370312 ;-20.488071 ;
59.800000 ;-27.377103 ;-20.482724 ;
59.900000 ;-27.398888 ;-20.478828 ;
60.000000 ;-27.404679 ;-20.473644 ;
60.100000 ;-27.389205 ;-20.466707 ;
60.200000 ;-27.396707 ;-20.461918 ;
60.300000 ;-27.426375 ;-20.459200 ;
60.400000 ;-27.428691 ;-20.454184 ;
60.500000 ;-27.414253 ;-20.447802 ;
60.600000 ;-27.426794 ;-20.443910 ;
60.700000 ;-27.448199 ;-20.440907 ;
60.800000 ;-27.439346 ;-20.435340 ;
60.900000 ;-27.439695 ;-20.430687 ;
61.000000 ;-27.454319 ;-20.427393 ;
61.100000 ;-27.454799 ;-20.422951 ;
61.200000 ;-27.452373 ;-20.418349 ;
61.300000 ;-27.461848 ;-20.414889 ;
61.400000 ;-27.470749 ;-20.411471 ;
61.500000 ;-27.464432 ;-20.406803 ;
61.600000 ;-27.465762 ;-20.402896 ;
61.700000 ;-27.480569 ;-20.400263 ;
61.800000 ;-27.488361 ;-20.397096 ;
61.900000 ;-27.473814 ;-20.392045 ;
62.000000 ;-27.473959 ;-20.388368 ;
62.100000 ;-27.497595 ;-20.386838 ;
62.200000 ;-27.510073 ;-20.384403 ;
62.300000 ;-27.489007 ;-20.379091 ;
62.400000 ;-27.489207 ;-20.375725 ;
62.500000 ;-27.516653 ;-20.374830 ;
62.600000 ;-27.518474 ;-20.371749 ;
62.700000 ;-27.505457 ;-20.367432 ;
62.800000 ;-27.514915 ;-20.365160 ;
62.900000 ;-27.526415 ;-20.363134 ;
63.000000 ;-27.518403 ;-20.359455 ;
63.100000 ;-27.520488 ;-20.356728 ;
63.200000 ;-27.530939 ;-20.354799 ;
63.300000 ;-27.527668 ;-20.351724 ;
63.400000 ;-27.524703 ;-20.348734 ;
63.500000 ;-27.533496 ;-20.346836 ;
63.600000 ;-27.542025 ;-20.344972 ;
63.700000 ;-27.531528 ;-20.341490 ;
63.800000 ;-27.527724 ;-20.338651 ;
63.900000 ;-27.543343 ;-20.337572 ;
64.000000 ;-27.558209 ;-20.336479 ;
64.100000 ;-27.539858 ;-20.332517 ;
64.200000 ;-27.529958 ;-20.329347 ;
64.300000 ;-27.552803 ;-20.329104 ;
64.400000 ;-27.573463 ;-20.328717 ;
64.500000 ;-27.552164 ;-20.324686 ;
64.600000 ;-27.548205 ;-20.322226 ;
64.700000 ;-27.569287 ;-20.322012 ;
64.800000 ;-27.567304 ;-20.319813 ;
64.900000 ;-27.558811 ;-20.317084 ;
65.000000 ;-27.566670 ;-20.315833 ;
65.100000 ;-27.570702 ;-20.314287 ;
65.200000 ;-27.564182 ;-20.311853 ;
65.300000 ;-27.567175 ;-20.310293 ;
65.400000 ;-27.575802 ;-20.309266 ;
65.500000 ;-27.570369 ;-20.307041 ;
65.600000 ;-27.564692 ;-20.304831 ;
65.700000 ;-27.573300 ;-20.303910 ;
65.800000 ;-27.585723 ;-20.303360 ;
65.900000 ;-27.573815 ;-20.300706 ;
66.000000 ;-27.560318 ;-20.297947 ;
66.100000 ;-27.574561 ;-20.297656 ;
66.200000 ;-27.599965 ;-20.298376 ;
66.300000 ;-27.586011 ;-20.295671 ;
66.400000 ;-27.567226 ;-20.292572 ;
66.500000 ;-27.584470 ;-20.292668 ;
66.600000 ;-27.606053 ;-20.293173 ;
66.700000 ;-27.588059 ;-20.290231 ;
66.800000 ;-27.584963 ;-20.288624 ;
66.900000 ;-27.598476 ;-20.288503 ;
67.000000 ;-27.592985 ;-20.286740 ;
67.100000 ;-27.588682 ;-20.285106 ;
67.200000 ;-27.595603 ;-20.284483 ;
67.300000 ;-27.596123 ;-20.283323 ;
67.400000 ;-27.589406 ;-20.281552 ;
67.500000 ;-27.592468 ;-20.280663 ;
67.600000 ;-27.601959 ;-20.280361 ;
67.700000 ;-27.596314 ;-20.278754 ;
67.800000 ;-27.584053 ;-20.276588 ;
67.900000 ;-27.590878 ;-20.276119 ;
68.000000 ;-27.610869 ;-20.276826 ;
68.100000 ;-27.606563 ;-20.275421 ;
68.200000 ;-27.581379 ;-20.272206 ;
68.300000 ;-27.587947 ;-20.271797 ;
68.400000 ;-27.620305 ;-20.273670 ;
68.500000 ;-27.614872 ;-20.272245 ;
68.600000 ;-27.594471 ;-20.269525 ;
68.700000 ;-27.605322 ;-20.269567 ;
68.800000 ;-27.618387 ;-20.269820 ;
68.900000 ;-27.605392 ;-20.267804 ;
69.000000 ;-27.605301 ;-20.266936 ;
69.100000 ;-27.612956 ;-20.266764 ;
69.200000 ;-27.606517 ;-20.265373 ;
69.300000 ;-27.604386 ;-20.264374 ;
69.400000 ;-27.611113 ;-20.264168 ;
69.500000 ;-27.610959 ;-20.263374 ;
69.600000 ;-27.601330 ;-20.261764 ;
69.700000 ;-27.602985 ;-20.261158 ;
69.800000 ;-27.615982 ;-20.261560 ;
69.900000 ;-27.616556 ;-20.260887 ;
70.000000 ;-27.594314 ;-20.258227 ;
70.100000 ;-27.593015 ;-20.257417 ;
70.200000 ;-27.620040 ;-20.259104 ;
70.300000 ;-27.632382 ;-20.259516 ;
70.400000 ;-27.602493 ;-20.256235 ;
70.500000 ;-27.598695 ;-20.255257 ;
70.600000 ;-27.627830 ;-20.257180 ;
70.700000 ;-27.625427 ;-20.256347 ;
70.800000 ;-27.610419 ;-20.254419 ;
70.900000 ;-27.617750 ;-20.254462 ;
71.000000 ;-27.621115 ;-20.254168 ;
71.100000 ;-27.613049 ;-20.252881 ;
71.200000 ;-27.615137 ;-20.252496 ;
71.300000 ;-27.619889 ;-20.252354 ;
71.400000 ;-27.612895 ;-20.251192 ;
71.500000 ;-27.610786 ;-20.250468 ;
71.600000 ;-27.618404 ;-20.250606 ;
71.700000 ;-27.621373 ;-20.250346 ;
71.800000 ;-27.605988 ;-20.248486 ;
71.900000 ;-27.601670 ;-20.247606 ;
72.000000 ;-27.618871 ;-20.248621 ;
72.100000 ;-27.634021 ;-20.249464 ;
72.200000 ;-27.609054 ;-20.246798 ;
72.300000 ;-27.592547 ;-20.244883 ;
72.400000 ;-27.618004 ;-20.246657 ;
72.500000 ;-27.644908 ;-20.248564 ;
72.600000 ;-27.618824 ;-20.245831 ;
72.700000 ;-27.610957 ;-20.244704 ;
72.800000 ;-27.630175 ;-20.245961 ;
72.900000 ;-27.624668 ;-20.245056 ;
73.000000 ;-27.616835 ;-20.243953 ;
73.100000 ;-27.622628 ;-20.244051 ;
73.200000 ;-27.621316 ;-20.243534 ;
73.300000 ;-27.615728 ;-20.242648 ;
73.400000 ;-27.618862 ;-20.242533 ;
73.500000 ;-27.623672 ;-20.242571 ;
73.600000 ;-27.614885 ;-20.241423 ;
73.700000 ;-27.609661 ;-20.240594 ;
73.800000 ;-27.618726 ;-20.241023 ;
73.900000 ;-27.629795 ;-20.241634 ;
74.000000 ;-27.613351 ;-20.239838 ;
74.100000 ;-27.594705 ;-20.237856 ;
74.200000 ;-27.610012 ;-20.238856 ;
74.300000 ;-27.642148 ;-20.241336 ;
74.400000 ;-27.629051 ;-20.239854 ;
74.500000 ;-27.601727 ;-20.237131 ;
74.600000 ;-27.617143 ;-20.238162 ;
74.700000 ;-27.642834 ;-20.240099 ;
74.800000 ;-27.623293 ;-20.238073 ;
74.900000 ;-27.618575 ;-20.237351 ;
75.000000 ;-27.628511 ;-20.237919 ;
75.100000 ;-27.621368 ;-20.236993 ;
75.200000 ;-27.618266 ;-20.236426 ;
75.300000 ;-27.623436 ;-20.236589 ;
75.400000 ;-27.620618 ;-20.236055 ;
75.500000 ;-27.614720 ;-20.235255 ;
75.600000 ;-27.618227 ;-20.235284 ;
75.700000 ;-27.625881 ;-20.235680 ;
75.800000 ;-27.617022 ;-20.234632 ;
75.900000 ;-27.602684 ;-20.233109 ;
76.000000 ;-27.609959 ;-20.233483 ;
76.100000 ;-27.632760 ;-20.235222 ;
76.200000 ;-27.630890 ;-20.234801 ;
76.300000 ;-27.597312 ;-20.231606 ;
76.400000 ;-27.599183 ;-20.231522 ;
76.500000 ;-27.638329 ;-20.234710 ;
76.600000 ;-27.639676 ;-20.234585 ;
76.700000 ;-27.613600 ;-20.232059 ;
76.800000 ;-27.620940 ;-20.232467 ;
76.900000 ;-27.633253 ;-20.233314 ;
77.000000 ;-27.620656 ;-20.231979 ;
77.100000 ;-27.620184 ;-20.231710 ;
77.200000 ;-27.624640 ;-20.231876 ;
77.300000 ;-27.618235 ;-20.231093 ;
77.400000 ;-27.617062 ;-20.230770 ;
77.500000 ;-27.622600 ;-20.231039 ;
77.600000 ;-27.620046 ;-20.230601 ;
77.700000 ;-27.610198 ;-20.229526 ;
77.800000 ;-27.612278 ;-20.229500 ;
77.900000 ;-27.625456 ;-20.230448 ;
78.000000 ;-27.626417 ;-20.230328 ;
78.100000 ;-27.599119 ;-20.227735 ;
78.200000 ;-27.593755 ;-20.227066 ;
78.300000 ;-27.624494 ;-20.229564 ;
78.400000 ;-27.647523 ;-20.231388 ;
78.500000 ;-27.613433 ;-20.228206 ;
78.600000 ;-27.601275 ;-20.226952 ;
78.700000 ;-27.631843 ;-20.229446 ;
78.800000 ;-27.634529 ;-20.229497 ;
78.900000 ;-27.617594 ;-20.227828 ;
79.000000 ;-27.622421 ;-20.228069 ;
79.100000 ;-27.624016 ;-20.228029 ;
79.200000 ;-27.616989 ;-20.227235 ;
79.300000 ;-27.618872 ;-20.227223 ;
79.400000 ;-27.621569 ;-20.227285 ;
79.500000 ;-27.614741 ;-20.226514 ;
79.600000 ;-27.613272 ;-20.226214 ;
79.700000 ;-27.620373 ;-20.226666 ;
79.800000 ;-27.622773 ;-20.226709 ;
79.900000 ;-27.619597 ;-20.226264 ;
80.000000 ;-27.618713 ;-20.226023 ;
