0.000000 ;-27.500000 ;-20.600000 ;
0.100000 ;-27.518925 ;-20.617168 ;
0.200000 ;-27.526992 ;-20.628643 ;
0.300000 ;-27.517692 ;-20.634852 ;
0.400000 ;-27.502609 ;-20.637654 ;
0.500000 ;-27.502618 ;-20.639582 ;
0.600000 ;-27.496752 ;-20.639296 ;
0.700000 ;-27.487330 ;-20.637433 ;
0.800000 ;-27.488209 ;-20.635590 ;
0.900000 ;-27.488126 ;-20.633013 ;
1.000000 ;-27.479726 ;-20.629242 ;
1.100000 ;-27.471491 ;-20.625206 ;
1.200000 ;-27.483074 ;-20.622809 ;
1.300000 ;-27.493932 ;-20.620291 ;
1.400000 ;-27.480649 ;-20.615618 ;
1.500000 ;-27.454559 ;-20.609859 ;
1.600000 ;-27.457784 ;-20.606833 ;
1.700000 ;-27.472695 ;-20.604986 ;
1.800000 ;-27.466566 ;-20.601405 ;
1.900000 ;-27.461737 ;-20.598099 ;
2.000000 ;-27.469144 ;-20.596051 ;
2.100000 ;-27.468056 ;-20.593407 ;
2.200000 ;-27.464544 ;-20.590711 ;
2.300000 ;-27.470731 ;-20.589041 ;
2.400000 ;-27.472760 ;-20.587155 ;
2.500000 ;-27.466481 ;-20.584674 ;
2.600000 ;-27.463736 ;-20.582650 ;
2.700000 ;-27.479633 ;-20.582427 ;
2.800000 ;-27.486611 ;-20.581534 ;
2.900000 ;-27.470794 ;-20.578724 ;
3.000000 ;-27.450900 ;-20.575662 ;
3.100000 ;-27.463645 ;-20.575619 ;
3.200000 ;-27.474015 ;-20.575462 ;
3.300000 ;-27.464815 ;-20.573648 ;
3.400000 ;-27.465271 ;-20.572781 ;
3.500000 ;-27.472332 ;-20.572583 ;
3.600000 ;-27.469721 ;-20.571593 ;
3.700000 ;-27.467754 ;-20.570728 ;
3.800000 ;-27.475080 ;-20.570755 ;
3.900000 ;-27.475987 ;-20.570266 ;
4.000000 ;-27.468657 ;-20.569095 ;
4.100000 ;-27.468758 ;-20.568636 ;
4.200000 ;-27.485595 ;-20.569717 ;
4.300000 ;-27.488502 ;-20.569596 ;
4.400000 ;-27.469723 ;-20.567577 ;
4.500000 ;-27.455239 ;-20.565976 ;
4.600000 ;-27.483750 ;-20.568245 ;
4.700000 ;-27.501647 ;-20.569597 ;
4.800000 ;-27.473675 ;-20.566886 ;
4.900000 ;-27.444441 ;-20.564086 ;
5.000000 ;-27.472612 ;-20.566429 ;
5.100000 ;-27.481247 ;-20.567050 ;
5.200000 ;-27.462611 ;-20.565258 ;
5.300000 ;-27.469551 ;-20.565766 ;
5.400000 ;-27.476755 ;-20.566312 ;
5.500000 ;-27.471682 ;-20.565778 ;
5.600000 ;-27.474508 ;-20.565962 ;
5.700000 ;-27.479418 ;-20.566344 ;
5.800000 ;-27.476209 ;-20.566012 ;
5.900000 ;-27.472836 ;-20.565677 ;
6.000000 ;-27.482372 ;-20.566503 ;
6.100000 ;-27.487038 ;-20.566903 ;
6.200000 ;-27.477721 ;-20.566062 ;
6.300000 ;-27.467148 ;-20.565117 ;
6.400000 ;-27.485058 ;-20.566720 ;
6.500000 ;-27.505652 ;-20.568569 ;
6.600000 ;-27.490127 ;-20.567200 ;
6.700000 ;-27.454995 ;-20.564087 ;
6.800000 ;-27.465954 ;-20.565090 ;
6.900000 ;-27.497093 ;-20.567897 ;
7.000000 ;-27.483549 ;-20.566724 ;
7.100000 ;-27.455240 ;-20.564239 ;
7.200000 ;-27.474622 ;-20.566008 ;
7.300000 ;-27.480528 ;-20.566577 ;
7.400000 ;-27.471727 ;-20.565836 ;
7.500000 ;-27.478768 ;-20.566511 ;
7.600000 ;-27.481756 ;-20.566826 ;
7.700000 ;-27.477244 ;-20.566474 ;
7.800000 ;-27.480425 ;-20.566810 ;
7.900000 ;-27.486081 ;-20.567368 ;
8.000000 ;-27.482790 ;-20.567129 ;
8.100000 ;-27.475593 ;-20.566542 ;
8.200000 ;-27.484468 ;-20.567391 ;
8.300000 ;-27.499867 ;-20.568824 ;
8.400000 ;-27.493552 ;-20.568320 ;
8.500000 ;-27.469940 ;-20.566272 ;
8.600000 ;-27.467851 ;-20.566146 ;
8.700000 ;-27.504273 ;-20.569456 ;
8.800000 ;-27.507571 ;-20.569814 ;
8.900000 ;-27.467269 ;-20.566284 ;
9.000000 ;-27.457701 ;-20.565494 ;
9.100000 ;-27.486866 ;-20.568159 ;
9.200000 ;-27.483345 ;-20.567909 ;
9.300000 ;-27.469017 ;-20.566696 ;
9.400000 ;-27.481571 ;-20.567880 ;
9.500000 ;-27.483179 ;-20.568088 ;
9.600000 ;-27.478970 ;-20.567776 ;
9.700000 ;-27.482262 ;-20.568135 ;
9.800000 ;-27.483068 ;-20.568271 ;
9.900000 ;-27.481037 ;-20.612107 ;
10.000000 ;-27.431563 ;-20.915481 ;
10.100000 ;-27.296548 ;-21.320386 ;
10.200000 ;-27.066462 ;-21.727150 ;
10.300000 ;-26.761005 ;-22.100643 ;
10.400000 ;-26.401739 ;-22.428334 ;
10.500000 ;-26.012879 ;-22.708016 ;
10.600000 ;-25.613986 ;-22.941491 ;
10.700000 ;-25.219432 ;-23.132398 ;
10.800000 ;-24.842194 ;-23.285476 ;
10.900000 ;-24.490405 ;-23.405594 ;
11.000000 ;-24.154489 ;-23.496341 ;
11.100000 ;-23.863016 ;-23.564430 ;
11.200000 ;-23.606858 ;-23.613117 ;
11.300000 ;-23.351793 ;-23.643316 ;
11.400000 ;-23.140101 ;-23.661878 ;
11.500000 ;-22.969305 ;-23.671436 ;
11.600000 ;-22.790721 ;-23.670474 ;
11.700000 ;-22.641491 ;-23.664196 ;
11.800000 ;-22.524951 ;-23.654584 ;
11.900000 ;-22.402863 ;-23.639952 ;
12.000000 ;-22.301583 ;-23.623647 ;
12.100000 ;-22.222875 ;-23.606727 ;
12.200000 ;-22.138161 ;-23.587646 ;
12.300000 ;-22.068043 ;-23.568673 ;
12.400000 ;-22.017615 ;-23.550657 ;
12.500000 ;-21.959018 ;-23.531717 ;
12.600000 ;-21.905239 ;-23.513194 ;
12.700000 ;-21.873563 ;-23.496673 ;
12.800000 ;-21.839308 ;-23.480294 ;
12.900000 ;-21.792940 ;-23.463403 ;
13.000000 ;-21.768249 ;-23.448832 ;
13.100000 ;-21.754717 ;-23.435757 ;
13.200000 ;-21.718182 ;-23.421404 ;
13.300000 ;-21.693496 ;-23.408655 ;
13.400000 ;-21.687810 ;-23.398093 ;
13.500000 ;-21.664587 ;-23.386699 ;
13.600000 ;-21.641449 ;-23.375914 ;
13.700000 ;-21.636645 ;-23.367217 ;
13.800000 ;-21.623256 ;-23.358369 ;
13.900000 ;-21.602595 ;-23.349457 ;
14.000000 ;-21.597829 ;-23.342357 ;
14.100000 ;-21.592816 ;-23.335714 ;
14.200000 ;-21.572966 ;-23.328307 ;
14.300000 ;-21.566451 ;-23.322422 ;
14.400000 ;-21.569758 ;-23.317743 ;
14.500000 ;-21.553373 ;-23.311825 ;
14.600000 ;-21.540790 ;-23.306573 ;
14.700000 ;-21.547247 ;-23.303212 ;
14.800000 ;-21.543150 ;-23.299292 ;
14.900000 ;-21.524577 ;-23.294474 ;
15.000000 ;-21.526195 ;-23.291579 ;
15.100000 ;-21.533304 ;-23.289385 ;
15.200000 ;-21.516202 ;-23.285437 ;
15.300000 ;-21.511588 ;-23.282729 ;
15.400000 ;-21.520093 ;-23.281296 ;
15.500000 ;-21.508864 ;-23.278433 ;
15.600000 ;-21.501394 ;-23.276051 ;
15.700000 ;-21.508186 ;-23.274996 ;
15.800000 ;-21.502502 ;-23.273068 ;
15.900000 ;-21.492535 ;-23.270927 ;
16.000000 ;-21.497632 ;-23.270146 ;
16.100000 ;-21.499659 ;-23.269231 ;
16.200000 ;-21.485897 ;-23.267133 ;
16.300000 ;-21.486415 ;-23.266304 ;
16.400000 ;-21.497254 ;-23.266411 ;
16.500000 ;-21.485770 ;-23.264779 ;
16.600000 ;-21.477154 ;-23.263460 ;
16.700000 ;-21.489067 ;-23.263893 ;
16.800000 ;-21.489468 ;-23.263451 ;
16.900000 ;-21.475125 ;-23.261867 ;
17.000000 ;-21.480555 ;-23.261955 ;
17.100000 ;-21.488682 ;-23.262317 ;
17.200000 ;-21.475693 ;-23.261001 ;
17.300000 ;-21.475709 ;-23.260792 ;
17.400000 ;-21.484661 ;-23.261355 ;
17.500000 ;-21.475008 ;-23.260435 ;
17.600000 ;-21.471815 ;-23.260077 ;
17.700000 ;-21.480680 ;-23.260736 ;
17.800000 ;-21.475410 ;-23.260269 ;
17.900000 ;-21.467476 ;-23.259612 ;
18.000000 ;-21.475442 ;-23.260277 ;
18.100000 ;-21.479755 ;-23.260667 ;
18.200000 ;-21.465887 ;-23.259593 ;
18.300000 ;-21.467656 ;-23.259814 ;
18.400000 ;-21.481798 ;-23.261063 ;
18.500000 ;-21.471569 ;-23.260338 ;
18.600000 ;-21.463476 ;-23.259802 ;
18.700000 ;-21.476619 ;-23.261012 ;
18.800000 ;-21.477034 ;-23.261196 ;
18.900000 ;-21.465345 ;-23.260403 ;
19.000000 ;-21.472104 ;-23.261125 ;
19.100000 ;-21.477425 ;-23.261739 ;
19.200000 ;-21.466942 ;-23.261071 ;
19.300000 ;-21.469535 ;-23.261479 ;
19.400000 ;-21.477091 ;-23.262298 ;
19.500000 ;-21.467522 ;-23.261725 ;
19.600000 ;-21.466370 ;-23.261846 ;
19.700000 ;-21.476435 ;-23.262886 ;
19.800000 ;-21.470736 ;-23.262645 ;
19.900000 ;-21.462407 ;-23.262194 ;
20.000000 ;-21.472155 ;-23.263221 ;
20.100000 ;-21.478833 ;-23.264002 ;
20.200000 ;-21.463756 ;-23.263010 ;
20.300000 ;-21.465394 ;-23.263385 ;
20.400000 ;-21.481309 ;-23.264928 ;
20.500000 ;-21.471489 ;-23.264373 ;
20.600000 ;-21.464511 ;-23.264051 ;
20.700000 ;-21.477275 ;-23.265342 ;
20.800000 ;-21.475467 ;-23.265446 ;
20.900000 ;-21.466887 ;-23.264999 ;
21.000000 ;-21.474418 ;-23.265867 ;
21.100000 ;-21.476345 ;-23.266279 ;
21.200000 ;-21.467732 ;-23.265833 ;
21.300000 ;-21.472157 ;-23.266450 ;
21.400000 ;-21.478668 ;-23.267238 ;
21.500000 ;-21.468383 ;-23.266657 ;
21.600000 ;-21.468084 ;-23.266891 ;
21.700000 ;-21.479943 ;-23.268117 ;
21.800000 ;-21.474219 ;-23.267909 ;
21.900000 ;-21.464060 ;-23.267339 ;
22.000000 ;-21.475036 ;-23.268494 ;
22.100000 ;-21.484245 ;-23.269506 ;
22.200000 ;-21.468462 ;-23.268477 ;
22.300000 ;-21.469921 ;-23.268856 ;
22.400000 ;-21.485464 ;-23.270384 ;
22.500000 ;-21.475416 ;-23.269824 ;
22.600000 ;-21.470914 ;-23.269715 ;
22.700000 ;-21.482237 ;-23.270899 ;
22.800000 ;-21.477679 ;-23.270786 ;
22.900000 ;-21.472216 ;-23.270599 ;
23.000000 ;-21.480206 ;-23.271509 ;
23.100000 ;-21.479484 ;-23.271708 ;
23.200000 ;-21.471737 ;-23.271334 ;
23.300000 ;-21.477630 ;-23.272072 ;
23.400000 ;-21.484443 ;-23.272886 ;
23.500000 ;-21.472485 ;-23.272167 ;
23.600000 ;-21.471871 ;-23.272373 ;
23.700000 ;-21.486358 ;-23.273812 ;
23.800000 ;-21.481617 ;-23.273681 ;
23.900000 ;-21.469224 ;-23.272925 ;
24.000000 ;-21.480618 ;-23.274110 ;
24.100000 ;-21.490874 ;-23.275202 ;
24.200000 ;-21.475761 ;-23.274223 ;
24.300000 ;-21.477944 ;-23.274655 ;
24.400000 ;-21.490471 ;-23.275931 ;
24.500000 ;-21.480322 ;-23.275356 ;
24.600000 ;-21.478957 ;-23.275497 ;
24.700000 ;-21.488240 ;-23.276506 ;
24.800000 ;-21.481728 ;-23.276227 ;
24.900000 ;-21.478631 ;-23.276225 ;
25.000000 ;-21.487168 ;-23.277172 ;
25.100000 ;-21.484818 ;-23.277231 ;
25.200000 ;-21.476443 ;-23.276797 ;
25.300000 ;-21.483671 ;-23.277636 ;
25.400000 ;-21.492688 ;-23.278621 ;
25.500000 ;-21.478616 ;-23.277720 ;
25.600000 ;-21.476388 ;-23.277786 ;
25.700000 ;-21.493612 ;-23.279440 ;
25.800000 ;-21.490446 ;-23.279428 ;
25.900000 ;-21.477123 ;-23.278587 ;
26.000000 ;-21.488175 ;-23.279735 ;
26.100000 ;-21.496032 ;-23.280622 ;
26.200000 ;-21.483381 ;-23.279835 ;
26.300000 ;-21.487155 ;-23.280387 ;
26.400000 ;-21.494680 ;-23.281245 ;
26.500000 ;-21.485686 ;-23.280754 ;
26.600000 ;-21.487039 ;-23.281108 ;
26.700000 ;-21.494497 ;-23.281958 ;
26.800000 ;-21.486663 ;-23.281561 ;
26.900000 ;-21.484786 ;-23.281649 ;
27.000000 ;-21.494600 ;-23.282690 ;
27.100000 ;-21.491858 ;-23.282707 ;
27.200000 ;-21.480964 ;-23.282057 ;
27.300000 ;-21.489150 ;-23.282964 ;
27.400000 ;-21.502228 ;-23.284271 ;
27.500000 ;-21.486880 ;-23.283256 ;
27.600000 ;-21.482415 ;-23.283129 ;
27.700000 ;-21.500936 ;-23.284878 ;
27.800000 ;-21.498111 ;-23.284885 ;
27.900000 ;-21.486537 ;-23.284176 ;
28.000000 ;-21.496850 ;-23.285253 ;
28.100000 ;-21.499502 ;-23.285705 ;
28.200000 ;-21.490603 ;-23.285213 ;
28.300000 ;-21.495895 ;-23.285878 ;
28.400000 ;-21.498856 ;-23.286353 ;
28.500000 ;-21.491247 ;-23.285965 ;
28.600000 ;-21.494526 ;-23.286465 ;
28.700000 ;-21.501377 ;-23.287256 ;
28.800000 ;-21.491855 ;-23.286709 ;
28.900000 ;-21.489738 ;-23.286767 ;
29.000000 ;-21.502026 ;-23.288000 ;
29.100000 ;-21.501007 ;-23.288146 ;
29.200000 ;-21.486025 ;-23.287152 ;
29.300000 ;-21.494007 ;-23.288032 ;
29.400000 ;-21.511546 ;-23.289692 ;
29.500000 ;-21.496388 ;-23.288682 ;
29.600000 ;-21.491044 ;-23.288472 ;
29.700000 ;-21.508152 ;-23.290095 ;
29.800000 ;-21.503244 ;-23.289921 ;
29.900000 ;-21.495817 ;-23.289539 ;
30.000000 ;-21.504960 ;-23.290510 ;
30.100000 ;-21.502797 ;-23.290558 ;
30.200000 ;-21.497428 ;-23.290343 ;
30.300000 ;-21.503695 ;-23.291077 ;
30.400000 ;-21.503875 ;-23.291314 ;
30.500000 ;-21.496332 ;-23.290920 ;
30.600000 ;-21.501009 ;-23.291522 ;
30.700000 ;-21.509347 ;-23.292423 ;
30.800000 ;-21.497589 ;-23.291684 ;
30.900000 ;-21.493070 ;-23.291534 ;
31.000000 ;-21.508672 ;-23.293027 ;
31.100000 ;-21.512059 ;-23.293522 ;
31.200000 ;-21.493459 ;-23.292220 ;
31.300000 ;-21.499907 ;-23.292964 ;
31.400000 ;-21.518998 ;-23.294740 ;
31.500000 ;-21.504717 ;-23.293790 ;
31.600000 ;-21.501320 ;-23.293728 ;
31.700000 ;-21.514323 ;-23.295005 ;
31.800000 ;-21.507009 ;-23.294623 ;
31.900000 ;-21.504128 ;-23.294601 ;
32.000000 ;-21.511670 ;-23.295430 ;
32.100000 ;-21.506760 ;-23.295242 ;
32.200000 ;-21.503584 ;-23.295194 ;
32.300000 ;-21.510829 ;-23.295997 ;
32.400000 ;-21.509918 ;-23.296133 ;
32.500000 ;-21.500235 ;-23.295553 ;
32.600000 ;-21.505781 ;-23.296216 ;
32.700000 ;-21.518340 ;-23.297450 ;
32.800000 ;-21.505564 ;-23.296616 ;
32.900000 ;-21.496162 ;-23.296055 ;
33.000000 ;-21.514140 ;-23.297732 ;
33.100000 ;-21.522542 ;-23.298626 ;
33.200000 ;-21.503313 ;-23.297261 ;
33.300000 ;-21.508506 ;-23.297891 ;
33.400000 ;-21.523304 ;-23.299306 ;
33.500000 ;-21.510758 ;-23.298486 ;
33.600000 ;-21.510951 ;-23.298706 ;
33.700000 ;-21.518423 ;-23.299520 ;
33.800000 ;-21.511014 ;-23.299118 ;
33.900000 ;-21.511380 ;-23.299350 ;
34.000000 ;-21.517711 ;-23.300069 ;
34.100000 ;-21.511048 ;-23.299726 ;
34.200000 ;-21.508340 ;-23.299705 ;
34.300000 ;-21.517439 ;-23.300648 ;
34.400000 ;-21.517930 ;-23.300888 ;
34.500000 ;-21.503369 ;-23.299898 ;
34.600000 ;-21.508105 ;-23.300483 ;
34.700000 ;-21.527230 ;-23.302244 ;
34.800000 ;-21.516744 ;-23.301584 ;
34.900000 ;-21.502421 ;-23.300611 ;
35.000000 ;-21.519905 ;-23.302236 ;
35.100000 ;-21.528730 ;-23.303154 ;
35.200000 ;-21.512793 ;-23.302047 ;
35.300000 ;-21.518236 ;-23.302686 ;
35.400000 ;-21.524293 ;-23.303375 ;
35.500000 ;-21.515815 ;-23.302877 ;
35.600000 ;-21.518859 ;-23.303318 ;
35.700000 ;-21.521811 ;-23.303751 ;
35.800000 ;-21.515261 ;-23.303409 ;
35.900000 ;-21.517502 ;-23.303783 ;
36.000000 ;-21.524166 ;-23.304517 ;
36.100000 ;-21.515424 ;-23.303994 ;
36.200000 ;-21.510684 ;-23.303796 ;
36.300000 ;-21.522791 ;-23.304974 ;
36.400000 ;-21.529039 ;-23.305673 ;
36.500000 ;-21.508770 ;-23.304205 ;
36.600000 ;-21.509456 ;-23.304448 ;
36.700000 ;-21.534349 ;-23.306670 ;
36.800000 ;-21.527742 ;-23.306318 ;
36.900000 ;-21.512762 ;-23.305279 ;
37.000000 ;-21.527344 ;-23.306656 ;
37.100000 ;-21.529998 ;-23.307059 ;
37.200000 ;-21.520259 ;-23.306448 ;
37.300000 ;-21.526184 ;-23.307115 ;
37.400000 ;-21.525751 ;-23.307263 ;
37.500000 ;-21.520818 ;-23.307043 ;
37.600000 ;-21.525418 ;-23.307601 ;
37.700000 ;-21.526231 ;-23.307848 ;
37.800000 ;-21.518724 ;-23.307417 ;
37.900000 ;-21.521936 ;-23.307859 ;
38.000000 ;-21.531493 ;-23.308820 ;
38.100000 ;-21.521582 ;-23.308189 ;
38.200000 ;-21.510719 ;-23.307481 ;
38.300000 ;-21.525365 ;-23.308856 ;
38.400000 ;-21.541545 ;-23.310357 ;
38.500000 ;-21.519305 ;-23.308716 ;
38.600000 ;-21.514721 ;-23.308518 ;
38.700000 ;-21.539756 ;-23.310742 ;
38.800000 ;-21.533603 ;-23.310416 ;
38.900000 ;-21.523415 ;-23.309759 ;
39.000000 ;-21.534128 ;-23.310809 ;
39.100000 ;-21.530414 ;-23.310680 ;
39.200000 ;-21.526439 ;-23.310529 ;
39.300000 ;-21.532023 ;-23.311159 ;
39.400000 ;-21.528571 ;-23.311050 ;
39.500000 ;-21.525255 ;-23.310951 ;
39.600000 ;-21.531163 ;-23.311605 ;
39.700000 ;-21.532128 ;-23.311855 ;
39.800000 ;-21.520555 ;-23.311087 ;
39.900000 ;-21.523127 ;-23.311468 ;
40.000000 ;-21.539060 ;-23.312921 ;
40.100000 ;-21.537662 ;-23.312926 ;
40.200000 ;-21.534410 ;-23.312743 ;
40.300000 ;-21.537105 ;-23.313029 ;
40.400000 ;-21.538223 ;-23.313172 ;
40.500000 ;-21.541579 ;-23.313508 ;
40.600000 ;-21.545069 ;-23.313876 ;
40.700000 ;-21.549398 ;-23.314343 ;
40.800000 ;-21.555160 ;-23.314965 ;
40.900000 ;-21.560220 ;-23.315577 ;
41.000000 ;-21.565920 ;-23.316291 ;
41.100000 ;-21.574686 ;-23.317294 ;
41.200000 ;-21.583724 ;-23.318368 ;
41.300000 ;-21.581814 ;-23.318629 ;
41.400000 ;-21.585199 ;-23.319369 ;
41.500000 ;-21.607367 ;-23.321655 ;
41.600000 ;-21.637283 ;-23.324594 ;
41.700000 ;-21.643690 ;-23.325679 ;
41.800000 ;-21.646937 ;-23.326556 ;
41.900000 ;-21.668141 ;-23.328936 ;
42.000000 ;-21.680593 ;-23.330617 ;
42.100000 ;-21.694820 ;-23.332459 ;
42.200000 ;-21.715694 ;-23.334848 ;
42.300000 ;-21.730039 ;-23.336703 ;
42.400000 ;-21.748031 ;-23.338841 ;
42.500000 ;-21.776120 ;-23.341763 ;
42.600000 ;-21.799283 ;-23.344237 ;
42.700000 ;-21.806184 ;-23.345325 ;
42.800000 ;-21.833380 ;-23.348009 ;
42.900000 ;-21.883529 ;-23.352483 ;
43.000000 ;-21.910996 ;-23.354953 ;
43.100000 ;-21.911663 ;-23.355052 ;
43.200000 ;-21.954132 ;-23.358502 ;
43.300000 ;-22.016045 ;-23.363392 ;
43.400000 ;-22.029517 ;-23.363987 ;
43.500000 ;-22.060649 ;-23.365835 ;
43.600000 ;-22.107286 ;-23.368723 ;
43.700000 ;-22.135992 ;-23.369796 ;
43.800000 ;-22.175289 ;-23.371438 ;
43.900000 ;-22.217986 ;-23.373009 ;
44.000000 ;-22.253400 ;-23.373583 ;
44.100000 ;-22.297808 ;-23.374495 ;
44.200000 ;-22.347809 ;-23.375423 ;
44.300000 ;-22.383792 ;-23.374688 ;
44.400000 ;-22.424261 ;-23.373831 ;
44.500000 ;-22.484244 ;-23.374092 ;
44.600000 ;-22.541304 ;-23.373523 ;
44.700000 ;-22.569157 ;-23.369840 ;
44.800000 ;-22.617289 ;-23.367300 ;
44.900000 ;-22.694366 ;-23.366626 ;
45.000000 ;-22.743571 ;-23.362833 ;
45.100000 ;-22.779916 ;-23.357217 ;
45.200000 ;-22.845286 ;-23.353439 ;
45.300000 ;-22.904273 ;-23.348354 ;
45.400000 ;-22.949296 ;-23.341282 ;
45.500000 ;-23.009382 ;-23.334770 ;
45.600000 ;-23.066993 ;-23.327254 ;
45.700000 ;-23.117300 ;-23.318303 ;
45.800000 ;-23.177950 ;-23.309465 ;
45.900000 ;-23.239999 ;-23.299941 ;
46.000000 ;-23.288358 ;-23.288399 ;
46.100000 ;-23.345529 ;-23.276835 ;
46.200000 ;-23.415853 ;-23.265633 ;
46.300000 ;-23.473298 ;-23.252473 ;
46.400000 ;-23.515000 ;-23.237111 ;
46.500000 ;-23.579629 ;-23.223038 ;
46.600000 ;-23.659994 ;-23.209610 ;
46.700000 ;-23.707848 ;-23.192475 ;
46.800000 ;-23.752786 ;-23.174338 ;
46.900000 ;-23.826676 ;-23.158120 ;
47.000000 ;-23.892145 ;-23.140426 ;
47.100000 ;-23.936712 ;-23.120142 ;
47.200000 ;-23.998538 ;-23.100781 ;
47.300000 ;-24.062836 ;-23.081012 ;
47.400000 ;-24.111688 ;-23.059222 ;
47.500000 ;-24.169741 ;-23.037696 ;
47.600000 ;-24.233380 ;-23.016129 ;
47.700000 ;-24.282604 ;-22.992719 ;
47.800000 ;-24.335054 ;-22.969115 ;
47.900000 ;-24.399441 ;-22.946143 ;
48.000000 ;-24.457325 ;-22.922140 ;
48.100000 ;-24.497246 ;-22.896088 ;
48.200000 ;-24.551764 ;-22.871016 ;
48.300000 ;-24.623445 ;-22.847189 ;
48.400000 ;-24.675556 ;-22.821247 ;
48.500000 ;-24.708282 ;-22.793241 ;
48.600000 ;-24.766983 ;-22.767403 ;
48.700000 ;-24.840095 ;-22.742688 ;
48.800000 ;-24.877894 ;-22.714516 ;
48.900000 ;-24.919458 ;-22.686545 ;
49.000000 ;-24.982027 ;-22.660402 ;
49.100000 ;-25.029876 ;-22.632800 ;
49.200000 ;-25.069712 ;-22.604391 ;
49.300000 ;-25.122696 ;-22.577164 ;
49.400000 ;-25.172697 ;-22.549649 ;
49.500000 ;-25.210834 ;-22.521050 ;
49.600000 ;-25.257894 ;-22.493317 ;
49.700000 ;-25.311417 ;-22.466244 ;
49.800000 ;-25.349239 ;-22.437803 ;
49.900000 ;-25.384135 ;-22.409201 ;
50.000000 ;-25.435427 ;-22.382245 ;
50.100000 ;-25.490896 ;-22.355822 ;
50.200000 ;-25.518429 ;-22.326979 ;
50.300000 ;-25.547349 ;-22.298452 ;
50.400000 ;-25.603865 ;-22.272686 ;
50.500000 ;-25.660951 ;-22.247189 ;
50.600000 ;-25.679875 ;-22.218389 ;
50.700000 ;-25.712558 ;-22.191114 ;
50.800000 ;-25.769200 ;-22.166320 ;
50.900000 ;-25.803995 ;-22.139775 ;
51.000000 ;-25.829761 ;-22.112680 ;
51.100000 ;-25.872358 ;-22.087438 ;
51.200000 ;-25.911152 ;-22.062150 ;
51.300000 ;-25.937380 ;-22.036015 ;
51.400000 ;-25.973219 ;-22.011091 ;
51.500000 ;-26.013929 ;-21.986947 ;
51.600000 ;-26.039425 ;-21.961735 ;
51.700000 ;-26.066539 ;-21.937017 ;
51.800000 ;-26.106658 ;-21.913846 ;
51.900000 ;-26.145198 ;-21.890881 ;
52.000000 ;-26.160326 ;-21.866118 ;
52.100000 ;-26.183685 ;-21.842474 ;
52.200000 ;-26.230114 ;-21.821318 ;
52.300000 ;-26.272181 ;-21.800125 ;
52.400000 ;-26.278093 ;-21.775972 ;
52.500000 ;-26.299349 ;-21.753602 ;
52.600000 ;-26.349522 ;-21.734263 ;
52.700000 ;-26.379844 ;-21.713467 ;
52.800000 ;-26.388891 ;-21.691087 ;
52.900000 ;-26.419485 ;-21.671057 ;
53.000000 ;-26.455351 ;-21.651882 ;
53.100000 ;-26.469510 ;-21.631081 ;
53.200000 ;-26.492505 ;-21.611459 ;
53.300000 ;-26.524060 ;-21.592988 ;
53.400000 ;-26.542088 ;-21.573641 ;
53.500000 ;-26.559863 ;-21.554632 ;
53.600000 ;-26.588511 ;-21.536978 ;
53.700000 ;-26.615720 ;-21.519548 ;
53.800000 ;-26.624880 ;-21.500821 ;
53.900000 ;-26.641605 ;-21.483136 ;
54.000000 ;-26.675892 ;-21.467404 ;
54.100000 ;-26.706000 ;-21.451633 ;
54.200000 ;-26.704593 ;-21.433324 ;
54.300000 ;-26.715721 ;-21.416497 ;
54.400000 ;-26.757403 ;-21.402793 ;
54.500000 ;-26.789887 ;-21.388577 ;
54.600000 ;-26.784471 ;-21.371226 ;
54.700000 ;-26.800176 ;-21.356123 ;
54.800000 ;-26.837879 ;-21.343345 ;
54.900000 ;-26.847931 ;-21.328356 ;
55.000000 ;-26.856092 ;-21.313503 ;
55.100000 ;-26.880201 ;-21.300406 ;
55.200000 ;-26.896356 ;-21.286884 ;
55.300000 ;-26.904870 ;-21.272962 ;
55.400000 ;-26.923389 ;-21.260239 ;
55.500000 ;-26.944353 ;-21.248025 ;
55.600000 ;-26.950562 ;-21.234751 ;
55.700000 ;-26.960706 ;-21.222112 ;
55.800000 ;-26.984030 ;-21.210942 ;
55.900000 ;-27.005408 ;-21.199863 ;
56.000000 ;-27.001890 ;-21.186787 ;
56.100000 ;-27.006438 ;-21.174703 ;
56.200000 ;-27.037437 ;-21.165274 ;
56.300000 ;-27.068599 ;-21.156109 ;
56.400000 ;-27.057964 ;-21.143397 ;
56.500000 ;-27.057890 ;-21.131886 ;
56.600000 ;-27.092646 ;-21.123772 ;
56.700000 ;-27.114930 ;-21.114758 ;
56.800000 ;-27.107018 ;-21.103235 ;
56.900000 ;-27.119678 ;-21.093800 ;
57.000000 ;-27.142126 ;-21.085474 ;
57.100000 ;-27.143171 ;-21.075423 ;
57.200000 ;-27.151197 ;-21.066217 ;
57.300000 ;-27.168282 ;-21.058039 ;
57.400000 ;-27.174163 ;-21.049050 ;
57.500000 ;-27.178315 ;-21.040105 ;
57.600000 ;-27.192878 ;-21.032298 ;
57.700000 ;-27.208784 ;-21.024805 ;
57.800000 ;-27.206463 ;-21.015852 ;
57.900000 ;-27.207421 ;-21.007381 ;
58.000000 ;-27.227853 ;-21.000850 ;
58.100000 ;-27.252191 ;-20.994850 ;
58.200000 ;-27.243277 ;-20.986019 ;
58.300000 ;-27.232867 ;-20.977225 ;
58.400000 ;-27.258402 ;-20.971845 ;
58.500000 ;-27.294034 ;-20.967540 ;
58.600000 ;-27.281422 ;-20.959037 ;
58.700000 ;-27.275825 ;-20.951325 ;
58.800000 ;-27.301007 ;-20.946547 ;
58.900000 ;-27.310497 ;-20.940503 ;
59.000000 ;-27.305514 ;-20.933299 ;
59.100000 ;-27.316182 ;-20.927651 ;
59.200000 ;-27.326418 ;-20.922107 ;
59.300000 ;-27.325409 ;-20.915686 ;
59.400000 ;-27.332339 ;-20.910117 ;
59.500000 ;-27.344977 ;-20.905195 ;
59.600000 ;-27.345292 ;-20.899292 ;
59.700000 ;-27.343970 ;-20.893369 ;
59.800000 ;-27.355821 ;-20.888758 ;
59.900000 ;-27.372805 ;-20.884730 ;
60.000000 ;-27.367378 ;-20.878804 ;
60.100000 ;-27.354741 ;-20.872345 ;
60.200000 ;-27.370122 ;-20.868524 ;
60.300000 ;-27.403034 ;-20.866393 ;
60.400000 ;-27.400251 ;-20.861157 ;
60.500000 ;-27.378282 ;-20.854301 ;
60.600000 ;-27.394057 ;-20.850949 ;
60.700000 ;-27.426898 ;-20.849237 ;
60.800000 ;-27.414916 ;-20.843588 ;
60.900000 ;-27.410706 ;-20.838737 ;
61.000000 ;-27.426687 ;-20.835799 ;
61.100000 ;-27.426940 ;-20.831540 ;
61.200000 ;-27.425145 ;-20.827189 ;
61.300000 ;-27.433980 ;-20.823883 ;
61.400000 ;-27.438261 ;-20.820256 ;
61.500000 ;-27.435118 ;-20.816047 ;
61.600000 ;-27.440436 ;-20.812684 ;
61.700000 ;-27.452116 ;-20.809974 ;
61.800000 ;-27.450588 ;-20.806158 ;
61.900000 ;-27.440335 ;-20.801637 ;
62.000000 ;-27.448059 ;-20.798809 ;
62.100000 ;-27.471065 ;-20.797429 ;
62.200000 ;-27.474830 ;-20.794394 ;
62.300000 ;-27.448289 ;-20.788708 ;
62.400000 ;-27.451042 ;-20.785726 ;
62.500000 ;-27.488482 ;-20.785931 ;
62.600000 ;-27.496689 ;-20.783574 ;
62.700000 ;-27.472878 ;-20.778406 ;
62.800000 ;-27.480556 ;-20.776134 ;
62.900000 ;-27.501261 ;-20.775095 ;
63.000000 ;-27.490700 ;-20.771308 ;
63.100000 ;-27.490266 ;-20.768492 ;
63.200000 ;-27.499654 ;-20.766616 ;
63.300000 ;-27.496415 ;-20.763664 ;
63.400000 ;-27.495831 ;-20.761007 ;
63.500000 ;-27.503530 ;-20.759149 ;
63.600000 ;-27.505963 ;-20.756872 ;
63.700000 ;-27.498623 ;-20.753771 ;
63.800000 ;-27.501110 ;-20.751604 ;
63.900000 ;-27.515012 ;-20.750511 ;
64.000000 ;-27.519846 ;-20.748655 ;
64.100000 ;-27.498386 ;-20.744487 ;
64.200000 ;-27.494344 ;-20.741930 ;
64.300000 ;-27.522286 ;-20.742290 ;
64.400000 ;-27.545493 ;-20.742269 ;
64.500000 ;-27.516882 ;-20.737641 ;
64.600000 ;-27.505467 ;-20.734602 ;
64.700000 ;-27.535975 ;-20.735369 ;
64.800000 ;-27.545871 ;-20.734326 ;
64.900000 ;-27.528196 ;-20.730848 ;
65.000000 ;-27.533166 ;-20.729442 ;
65.100000 ;-27.540777 ;-20.728312 ;
65.200000 ;-27.533789 ;-20.725909 ;
65.300000 ;-27.535718 ;-20.724343 ;
65.400000 ;-27.541776 ;-20.723184 ;
65.500000 ;-27.536989 ;-20.721087 ;
65.600000 ;-27.535590 ;-20.719329 ;
65.700000 ;-27.543301 ;-20.718421 ;
65.800000 ;-27.548318 ;-20.717305 ;
65.900000 ;-27.534830 ;-20.714562 ;
66.000000 ;-27.529518 ;-20.712584 ;
66.100000 ;-27.546001 ;-20.712591 ;
66.200000 ;-27.565365 ;-20.712886 ;
66.300000 ;-27.545446 ;-20.709688 ;
66.400000 ;-27.522097 ;-20.706213 ;
66.500000 ;-27.543803 ;-20.706808 ;
66.600000 ;-27.581916 ;-20.708900 ;
66.700000 ;-27.561700 ;-20.705787 ;
66.800000 ;-27.546089 ;-20.703114 ;
66.900000 ;-27.564779 ;-20.703545 ;
67.000000 ;-27.566620 ;-20.702489 ;
67.100000 ;-27.557097 ;-20.700438 ;
67.200000 ;-27.561765 ;-20.699684 ;
67.300000 ;-27.563056 ;-20.698650 ;
67.400000 ;-27.558085 ;-20.697078 ;
67.500000 ;-27.560809 ;-20.696218 ;
67.600000 ;-27.566463 ;-20.695643 ;
67.700000 ;-27.559846 ;-20.693990 ;
67.800000 ;-27.554558 ;-20.692477 ;
67.900000 ;-27.562611 ;-20.692180 ;
68.000000 ;-27.574866 ;-20.692280 ;
68.100000 ;-27.562833 ;-20.690223 ;
68.200000 ;-27.540920 ;-20.687301 ;
68.300000 ;-27.551823 ;-20.687339 ;
68.400000 ;-27.587193 ;-20.689588 ;
68.500000 ;-27.586629 ;-20.688633 ;
68.600000 ;-27.552222 ;-20.684663 ;
68.700000 ;-27.559452 ;-20.684444 ;
68.800000 ;-27.594156 ;-20.686706 ;
68.900000 ;-27.580150 ;-20.684616 ;
69.000000 ;-27.569951 ;-20.682883 ;
69.100000 ;-27.580004 ;-20.682981 ;
69.200000 ;-27.576081 ;-20.681842 ;
69.300000 ;-27.571836 ;-20.680689 ;
69.400000 ;-27.576478 ;-20.680346 ;
69.500000 ;-27.575839 ;-20.679545 ;
69.600000 ;-27.570279 ;-20.678318 ;
69.700000 ;-27.572829 ;-20.677830 ;
69.800000 ;-27.580596 ;-20.677824 ;
69.900000 ;-27.575008 ;-20.676634 ;
70.000000 ;-27.560040 ;-20.674617 ;
70.100000 ;-27.564257 ;-20.674332 ;
70.200000 ;-27.586608 ;-20.675683 ;
70.300000 ;-27.593219 ;-20.675637 ;
70.400000 ;-27.558215 ;-20.671874 ;
70.500000 ;-27.550196 ;-20.670542 ;
70.600000 ;-27.588781 ;-20.673397 ;
70.700000 ;-27.608716 ;-20.674591 ;
70.800000 ;-27.576995 ;-20.671165 ;
70.900000 ;-27.576012 ;-20.670507 ;
71.000000 ;-27.595680 ;-20.671710 ;
71.100000 ;-27.584037 ;-20.670116 ;
71.200000 ;-27.580352 ;-20.669245 ;
71.300000 ;-27.585908 ;-20.669211 ;
71.400000 ;-27.580889 ;-20.668239 ;
71.500000 ;-27.578656 ;-20.667526 ;
71.600000 ;-27.583588 ;-20.667464 ;
71.700000 ;-27.583465 ;-20.666958 ;
71.800000 ;-27.574120 ;-20.665635 ;
71.900000 ;-27.574288 ;-20.665172 ;
72.000000 ;-27.586194 ;-20.665769 ;
72.100000 ;-27.591443 ;-20.665777 ;
72.200000 ;-27.565972 ;-20.663043 ;
72.300000 ;-27.554144 ;-20.661540 ;
72.400000 ;-27.580453 ;-20.663459 ;
72.500000 ;-27.612815 ;-20.665927 ;
72.600000 ;-27.586067 ;-20.663107 ;
72.700000 ;-27.561623 ;-20.660502 ;
72.800000 ;-27.587639 ;-20.662427 ;
72.900000 ;-27.607731 ;-20.663827 ;
73.000000 ;-27.585916 ;-20.661478 ;
73.100000 ;-27.585489 ;-20.661051 ;
73.200000 ;-27.591971 ;-20.661249 ;
73.300000 ;-27.584108 ;-20.660168 ;
73.400000 ;-27.584002 ;-20.659788 ;
73.500000 ;-27.588038 ;-20.659785 ;
73.600000 ;-27.582508 ;-20.658932 ;
73.700000 ;-27.579767 ;-20.658333 ;
73.800000 ;-27.585546 ;-20.658503 ;
73.900000 ;-27.589838 ;-20.658546 ;
74.000000 ;-27.575155 ;-20.656895 ;
74.100000 ;-27.566000 ;-20.655744 ;
74.200000 ;-27.580125 ;-20.656683 ;
74.300000 ;-27.602398 ;-20.658356 ;
74.400000 ;-27.593447 ;-20.657239 ;
74.500000 ;-27.580818 ;-20.655797 ;
74.600000 ;-27.588799 ;-20.656205 ;
74.700000 ;-27.591005 ;-20.656101 ;
74.800000 ;-27.583625 ;-20.655144 ;
74.900000 ;-27.585608 ;-20.655028 ;
75.000000 ;-27.588737 ;-20.655020 ;
75.100000 ;-27.581927 ;-20.654127 ;
75.200000 ;-27.580477 ;-20.653717 ;
75.300000 ;-27.587650 ;-20.654083 ;
75.400000 ;-27.589449 ;-20.653972 ;
75.500000 ;-27.573005 ;-20.652232 ;
75.600000 ;-27.568267 ;-20.651544 ;
75.700000 ;-27.586144 ;-20.652885 ;
75.800000 ;-27.603673 ;-20.654197 ;
75.900000 ;-27.578164 ;-20.651660 ;
76.000000 ;-27.555717 ;-20.649401 ;
76.100000 ;-27.580841 ;-20.651407 ;
76.200000 ;-27.616066 ;-20.654320 ;
76.300000 ;-27.590326 ;-20.651774 ;
76.400000 ;-27.577654 ;-20.650404 ;
76.500000 ;-27.596173 ;-20.651830 ;
76.600000 ;-27.592240 ;-20.651249 ;
76.700000 ;-27.583930 ;-20.650278 ;
76.800000 ;-27.588580 ;-20.650470 ;
76.900000 ;-27.586879 ;-20.650096 ;
77.000000 ;-27.581832 ;-20.649426 ;
77.100000 ;-27.584702 ;-20.649467 ;
77.200000 ;-27.588655 ;-20.649607 ;
77.300000 ;-27.579826 ;-20.648606 ;
77.400000 ;-27.574681 ;-20.647938 ;
77.500000 ;-27.583438 ;-20.648517 ;
77.600000 ;-27.594739 ;-20.649325 ;
77.700000 ;-27.578714 ;-20.647691 ;
77.800000 ;-27.556343 ;-20.645491 ;
77.900000 ;-27.569855 ;-20.646506 ;
78.000000 ;-27.606359 ;-20.649582 ;
78.100000 ;-27.600211 ;-20.648840 ;
78.200000 ;-27.566149 ;-20.645601 ;
78.300000 ;-27.576737 ;-20.646365 ;
78.400000 ;-27.608524 ;-20.649030 ;
78.500000 ;-27.590524 ;-20.647237 ;
78.600000 ;-27.582749 ;-20.646360 ;
78.700000 ;-27.591813 ;-20.646994 ;
78.800000 ;-27.585506 ;-20.646253 ;
78.900000 ;-27.582093 ;-20.645773 ;
79.000000 ;-27.586507 ;-20.645996 ;
79.100000 ;-27.583889 ;-20.645591 ;
79.200000 ;-27.578263 ;-20.644918 ;
79.300000 ;-27.581302 ;-20.645023 ;
79.400000 ;-27.588520 ;-20.645504 ;
79.500000 ;-27.580350 ;-20.644609 ;
79.600000 ;-27.564800 ;-20.643055 ;
79.700000 ;-27.570492 ;-20.643405 ;
79.800000 ;-27.594043 ;-20.645354 ;
79.900000 ;-27.598682 ;-20.645612 ;
80.000000 ;-27.589178 ;-20.644605 ;
