0.000000 ;-27.500000 ;-20.600000 ;
0.100000 ;-28.037407 ;-20.547314 ;
0.200000 ;-28.376566 ;-20.510937 ;
0.300000 ;-28.591423 ;-20.488417 ;
0.400000 ;-28.754852 ;-20.479532 ;
0.500000 ;-28.871344 ;-20.479351 ;
0.600000 ;-28.961950 ;-20.485835 ;
0.700000 ;-29.032995 ;-20.496668 ;
0.800000 ;-29.083752 ;-20.509791 ;
0.900000 ;-29.125519 ;-20.524577 ;
1.000000 ;-29.164165 ;-20.540368 ;
1.100000 ;-29.190532 ;-20.555753 ;
1.200000 ;-29.204379 ;-20.570222 ;
1.300000 ;-29.216542 ;-20.584286 ;
1.400000 ;-29.248799 ;-20.599708 ;
1.500000 ;-29.276970 ;-20.614094 ;
1.600000 ;-29.272556 ;-20.624561 ;
1.700000 ;-29.243763 ;-20.631884 ;
1.800000 ;-29.235568 ;-20.640507 ;
1.900000 ;-29.264824 ;-20.652104 ;
2.000000 ;-29.272015 ;-20.660749 ;
2.100000 ;-29.266452 ;-20.667420 ;
2.200000 ;-29.276138 ;-20.674996 ;
2.300000 ;-29.279397 ;-20.681321 ;
2.400000 ;-29.278052 ;-20.686623 ;
2.500000 ;-29.283330 ;-20.692084 ;
2.600000 ;-29.286788 ;-20.696887 ;
2.700000 ;-29.283431 ;-20.700564 ;
2.800000 ;-29.279322 ;-20.703767 ;
2.900000 ;-29.291060 ;-20.708222 ;
3.000000 ;-29.305808 ;-20.712654 ;
3.100000 ;-29.299600 ;-20.714650 ;
3.200000 ;-29.275064 ;-20.714504 ;
3.300000 ;-29.261950 ;-20.715273 ;
3.400000 ;-29.281190 ;-20.719114 ;
3.500000 ;-29.286273 ;-20.721310 ;
3.600000 ;-29.275678 ;-20.721724 ;
3.700000 ;-29.280584 ;-20.723550 ;
3.800000 ;-29.284540 ;-20.725128 ;
3.900000 ;-29.280621 ;-20.725768 ;
4.000000 ;-29.281399 ;-20.726764 ;
4.100000 ;-29.287006 ;-20.728143 ;
4.200000 ;-29.285471 ;-20.728695 ;
4.300000 ;-29.277950 ;-20.728549 ;
4.400000 ;-29.279647 ;-20.729263 ;
4.500000 ;-29.297620 ;-20.731567 ;
4.600000 ;-29.300912 ;-20.732311 ;
4.700000 ;-29.280598 ;-20.730591 ;
4.800000 ;-29.258669 ;-20.728657 ;
4.900000 ;-29.272476 ;-20.730322 ;
5.000000 ;-29.283640 ;-20.731681 ;
5.100000 ;-29.274315 ;-20.730918 ;
5.200000 ;-29.273379 ;-20.730980 ;
5.300000 ;-29.280148 ;-20.731801 ;
5.400000 ;-29.277912 ;-20.731683 ;
5.500000 ;-29.274820 ;-20.731458 ;
5.600000 ;-29.281115 ;-20.732174 ;
5.700000 ;-29.282763 ;-20.732403 ;
5.800000 ;-29.276010 ;-20.731764 ;
5.900000 ;-29.271940 ;-20.731389 ;
6.000000 ;-29.287289 ;-20.732987 ;
6.100000 ;-29.296781 ;-20.733982 ;
6.200000 ;-29.282995 ;-20.732599 ;
6.300000 ;-29.259294 ;-20.730201 ;
6.400000 ;-29.264875 ;-20.730786 ;
6.500000 ;-29.279981 ;-20.732342 ;
6.600000 ;-29.274385 ;-20.731788 ;
6.700000 ;-29.267353 ;-20.731087 ;
6.800000 ;-29.275839 ;-20.731969 ;
6.900000 ;-29.276362 ;-20.732041 ;
7.000000 ;-29.270938 ;-20.731509 ;
7.100000 ;-29.275719 ;-20.732019 ;
7.200000 ;-29.280498 ;-20.732532 ;
7.300000 ;-29.275779 ;-20.732080 ;
7.400000 ;-29.268347 ;-20.731354 ;
7.500000 ;-29.278220 ;-20.732396 ;
7.600000 ;-29.292503 ;-20.733891 ;
7.700000 ;-29.285600 ;-20.733231 ;
7.800000 ;-29.262367 ;-20.730908 ;
7.900000 ;-29.259024 ;-20.730616 ;
8.000000 ;-29.294016 ;-20.734238 ;
8.100000 ;-29.300914 ;-20.735001 ;
8.200000 ;-29.264038 ;-20.731305 ;
8.300000 ;-29.243480 ;-20.729274 ;
8.400000 ;-29.274434 ;-20.732494 ;
8.500000 ;-29.278721 ;-20.733004 ;
8.600000 ;-29.258656 ;-20.731035 ;
8.700000 ;-29.267244 ;-20.731987 ;
8.800000 ;-29.274063 ;-20.732762 ;
8.900000 ;-29.268537 ;-20.732282 ;
9.000000 ;-29.270742 ;-20.732592 ;
9.100000 ;-29.275857 ;-20.733201 ;
9.200000 ;-29.272962 ;-20.732996 ;
9.300000 ;-29.268181 ;-20.732602 ;
9.400000 ;-29.276302 ;-20.733525 ;
9.500000 ;-29.283093 ;-20.734314 ;
9.600000 ;-29.276016 ;-20.733692 ;
9.700000 ;-29.262725 ;-20.732439 ;
9.800000 ;-29.265314 ;-20.732805 ;
9.900000 ;-29.265113 ;-20.801379 ;
10.000000 ;-29.203212 ;-21.115845 ;
10.100000 ;-29.044153 ;-21.519616 ;
10.200000 ;-28.780157 ;-21.919740 ;
10.300000 ;-28.435974 ;-22.284321 ;
10.400000 ;-28.036481 ;-22.601939 ;
10.500000 ;-27.607212 ;-22.870636 ;
10.600000 ;-27.169921 ;-23.092512 ;
10.700000 ;-26.739032 ;-23.271261 ;
10.800000 ;-26.330571 ;-23.412062 ;
10.900000 ;-25.944627 ;-23.519177 ;
11.000000 ;-25.588235 ;-23.597827 ;
11.100000 ;-25.278153 ;-23.654014 ;
11.200000 ;-24.986384 ;-23.689362 ;
11.300000 ;-24.718609 ;-23.708352 ;
11.400000 ;-24.504704 ;-23.717082 ;
11.500000 ;-24.309734 ;-23.715340 ;
11.600000 ;-24.116897 ;-23.704257 ;
11.700000 ;-23.967349 ;-23.689703 ;
11.800000 ;-23.839746 ;-23.671483 ;
11.900000 ;-23.707291 ;-23.648677 ;
12.000000 ;-23.604015 ;-23.625537 ;
12.100000 ;-23.518816 ;-23.601974 ;
12.200000 ;-23.427332 ;-23.576576 ;
12.300000 ;-23.355875 ;-23.552275 ;
12.400000 ;-23.301381 ;-23.529217 ;
12.500000 ;-23.236725 ;-23.505336 ;
12.600000 ;-23.182799 ;-23.482764 ;
12.700000 ;-23.149404 ;-23.462534 ;
12.800000 ;-23.109305 ;-23.442331 ;
12.900000 ;-23.062000 ;-23.422219 ;
13.000000 ;-23.037032 ;-23.404907 ;
13.100000 ;-23.021298 ;-23.389226 ;
13.200000 ;-22.982503 ;-23.372266 ;
13.300000 ;-22.955621 ;-23.357206 ;
13.400000 ;-22.949657 ;-23.344840 ;
13.500000 ;-22.927856 ;-23.331795 ;
13.600000 ;-22.900535 ;-23.318994 ;
13.700000 ;-22.893565 ;-23.308755 ;
13.800000 ;-22.884648 ;-23.299011 ;
13.900000 ;-22.860814 ;-23.288551 ;
14.000000 ;-22.851709 ;-23.280036 ;
14.100000 ;-22.850326 ;-23.272791 ;
14.200000 ;-22.831006 ;-23.264453 ;
14.300000 ;-22.818916 ;-23.257275 ;
14.400000 ;-22.821271 ;-23.251876 ;
14.500000 ;-22.811500 ;-23.245816 ;
14.600000 ;-22.793680 ;-23.239437 ;
14.700000 ;-22.794012 ;-23.235087 ;
14.800000 ;-22.799113 ;-23.231524 ;
14.900000 ;-22.780053 ;-23.226101 ;
15.000000 ;-22.771014 ;-23.221896 ;
15.100000 ;-22.781208 ;-23.219719 ;
15.200000 ;-22.774767 ;-23.216299 ;
15.300000 ;-22.758546 ;-23.212239 ;
15.400000 ;-22.762728 ;-23.210255 ;
15.500000 ;-22.767292 ;-23.208516 ;
15.600000 ;-22.751779 ;-23.205154 ;
15.700000 ;-22.749608 ;-23.203181 ;
15.800000 ;-22.757151 ;-23.202253 ;
15.900000 ;-22.745998 ;-23.199788 ;
16.000000 ;-22.739423 ;-23.197880 ;
16.100000 ;-22.746734 ;-23.197358 ;
16.200000 ;-22.743164 ;-23.195974 ;
16.300000 ;-22.731113 ;-23.193935 ;
16.400000 ;-22.735110 ;-23.193450 ;
16.500000 ;-22.743438 ;-23.193450 ;
16.600000 ;-22.729091 ;-23.191489 ;
16.700000 ;-22.723394 ;-23.190391 ;
16.800000 ;-22.736412 ;-23.191057 ;
16.900000 ;-22.734637 ;-23.190454 ;
17.000000 ;-22.719617 ;-23.188718 ;
17.100000 ;-22.725489 ;-23.188926 ;
17.200000 ;-22.736152 ;-23.189621 ;
17.300000 ;-22.721995 ;-23.188122 ;
17.400000 ;-22.719566 ;-23.187726 ;
17.500000 ;-22.730574 ;-23.188584 ;
17.600000 ;-22.722942 ;-23.187797 ;
17.700000 ;-22.716468 ;-23.187149 ;
17.800000 ;-22.724542 ;-23.187845 ;
17.900000 ;-22.723841 ;-23.187778 ;
18.000000 ;-22.713735 ;-23.186889 ;
18.100000 ;-22.717994 ;-23.187320 ;
18.200000 ;-22.726521 ;-23.188158 ;
18.300000 ;-22.714483 ;-23.187161 ;
18.400000 ;-22.710171 ;-23.186879 ;
18.500000 ;-22.723121 ;-23.188171 ;
18.600000 ;-22.722892 ;-23.188289 ;
18.700000 ;-22.708147 ;-23.187112 ;
18.800000 ;-22.714100 ;-23.187814 ;
18.900000 ;-22.728089 ;-23.189254 ;
19.000000 ;-22.714598 ;-23.188225 ;
19.100000 ;-22.710248 ;-23.188029 ;
19.200000 ;-22.723438 ;-23.189425 ;
19.300000 ;-22.718966 ;-23.189236 ;
19.400000 ;-22.710809 ;-23.188721 ;
19.500000 ;-22.718679 ;-23.189657 ;
19.600000 ;-22.720592 ;-23.190063 ;
19.700000 ;-22.711025 ;-23.189438 ;
19.800000 ;-22.714567 ;-23.190001 ;
19.900000 ;-22.722873 ;-23.190997 ;
20.000000 ;-22.712596 ;-23.190321 ;
20.100000 ;-22.709167 ;-23.190266 ;
20.200000 ;-22.721000 ;-23.191590 ;
20.300000 ;-22.720775 ;-23.191830 ;
20.400000 ;-22.706949 ;-23.190846 ;
20.500000 ;-22.712835 ;-23.191642 ;
20.600000 ;-22.727910 ;-23.193268 ;
20.700000 ;-22.715072 ;-23.192379 ;
20.800000 ;-22.708688 ;-23.192073 ;
20.900000 ;-22.723347 ;-23.193666 ;
21.000000 ;-22.722555 ;-23.193867 ;
21.100000 ;-22.711732 ;-23.193165 ;
21.200000 ;-22.718887 ;-23.194084 ;
21.300000 ;-22.724152 ;-23.194834 ;
21.400000 ;-22.714165 ;-23.194208 ;
21.500000 ;-22.716410 ;-23.194687 ;
21.600000 ;-22.724913 ;-23.195729 ;
21.700000 ;-22.716166 ;-23.195217 ;
21.800000 ;-22.713092 ;-23.195217 ;
21.900000 ;-22.723471 ;-23.196429 ;
22.000000 ;-22.722772 ;-23.196643 ;
22.100000 ;-22.710636 ;-23.195825 ;
22.200000 ;-22.716478 ;-23.196629 ;
22.300000 ;-22.730689 ;-23.198187 ;
22.400000 ;-22.718287 ;-23.197346 ;
22.500000 ;-22.710792 ;-23.196946 ;
22.600000 ;-22.726228 ;-23.198614 ;
22.700000 ;-22.729127 ;-23.199152 ;
22.800000 ;-22.715301 ;-23.198181 ;
22.900000 ;-22.721273 ;-23.198995 ;
23.000000 ;-22.731092 ;-23.200156 ;
23.100000 ;-22.720009 ;-23.199431 ;
23.200000 ;-22.720272 ;-23.199729 ;
23.300000 ;-22.729671 ;-23.200851 ;
23.400000 ;-22.722339 ;-23.200463 ;
23.500000 ;-22.718902 ;-23.200426 ;
23.600000 ;-22.727931 ;-23.201513 ;
23.700000 ;-22.727089 ;-23.201710 ;
23.800000 ;-22.716928 ;-23.201065 ;
23.900000 ;-22.722513 ;-23.201840 ;
24.000000 ;-22.734588 ;-23.203200 ;
24.100000 ;-22.722510 ;-23.202381 ;
24.200000 ;-22.715387 ;-23.202009 ;
24.300000 ;-22.730817 ;-23.203670 ;
24.400000 ;-22.735996 ;-23.204406 ;
24.500000 ;-22.719714 ;-23.203206 ;
24.600000 ;-22.724315 ;-23.203889 ;
24.700000 ;-22.738998 ;-23.205481 ;
24.800000 ;-22.727294 ;-23.204693 ;
24.900000 ;-22.724646 ;-23.204721 ;
25.000000 ;-22.735562 ;-23.205971 ;
25.100000 ;-22.729971 ;-23.205732 ;
25.200000 ;-22.725262 ;-23.205572 ;
25.300000 ;-22.733227 ;-23.206555 ;
25.400000 ;-22.732993 ;-23.206798 ;
25.500000 ;-22.724414 ;-23.206287 ;
25.600000 ;-22.729354 ;-23.206995 ;
25.700000 ;-22.738996 ;-23.208127 ;
25.800000 ;-22.727629 ;-23.207364 ;
25.900000 ;-22.722099 ;-23.207126 ;
26.000000 ;-22.736593 ;-23.208694 ;
26.100000 ;-22.741592 ;-23.209405 ;
26.200000 ;-22.724192 ;-23.208095 ;
26.300000 ;-22.727924 ;-23.208690 ;
26.400000 ;-22.746274 ;-23.210604 ;
26.500000 ;-22.735175 ;-23.209861 ;
26.600000 ;-22.728720 ;-23.209536 ;
26.700000 ;-22.741393 ;-23.210936 ;
26.800000 ;-22.738784 ;-23.210957 ;
26.900000 ;-22.731655 ;-23.210570 ;
27.000000 ;-22.738696 ;-23.211460 ;
27.100000 ;-22.740058 ;-23.211837 ;
27.200000 ;-22.732173 ;-23.211380 ;
27.300000 ;-22.736097 ;-23.211987 ;
27.400000 ;-22.743877 ;-23.212941 ;
27.500000 ;-22.733874 ;-23.212291 ;
27.600000 ;-22.730207 ;-23.212212 ;
27.700000 ;-22.742875 ;-23.213605 ;
27.800000 ;-22.745714 ;-23.214112 ;
27.900000 ;-22.728982 ;-23.212852 ;
28.000000 ;-22.732901 ;-23.213455 ;
28.100000 ;-22.752563 ;-23.215478 ;
28.200000 ;-22.742439 ;-23.214813 ;
28.300000 ;-22.732115 ;-23.214129 ;
28.400000 ;-22.746318 ;-23.215657 ;
28.500000 ;-22.748763 ;-23.216125 ;
28.600000 ;-22.737933 ;-23.215394 ;
28.700000 ;-22.743719 ;-23.216161 ;
28.800000 ;-22.748144 ;-23.216804 ;
28.900000 ;-22.739861 ;-23.216301 ;
29.000000 ;-22.742359 ;-23.216770 ;
29.100000 ;-22.749364 ;-23.217645 ;
29.200000 ;-22.741026 ;-23.217135 ;
29.300000 ;-22.738571 ;-23.217155 ;
29.400000 ;-22.748985 ;-23.218335 ;
29.500000 ;-22.749258 ;-23.218600 ;
29.600000 ;-22.734989 ;-23.217552 ;
29.700000 ;-22.739810 ;-23.218227 ;
29.800000 ;-22.757935 ;-23.220101 ;
29.900000 ;-22.747775 ;-23.219422 ;
30.000000 ;-22.735110 ;-23.218517 ;
30.100000 ;-22.750426 ;-23.220136 ;
30.200000 ;-22.759258 ;-23.221170 ;
30.300000 ;-22.743947 ;-23.220024 ;
30.400000 ;-22.747580 ;-23.220587 ;
30.500000 ;-22.757365 ;-23.221704 ;
30.600000 ;-22.747682 ;-23.221065 ;
30.700000 ;-22.747979 ;-23.221325 ;
30.800000 ;-22.755445 ;-23.222231 ;
30.900000 ;-22.748607 ;-23.221846 ;
31.000000 ;-22.746304 ;-23.221869 ;
31.100000 ;-22.754682 ;-23.222856 ;
31.200000 ;-22.753408 ;-23.222971 ;
31.300000 ;-22.742541 ;-23.222220 ;
31.400000 ;-22.747949 ;-23.222937 ;
31.500000 ;-22.762370 ;-23.224467 ;
31.600000 ;-22.751138 ;-23.223681 ;
31.700000 ;-22.739009 ;-23.222813 ;
31.800000 ;-22.754963 ;-23.224480 ;
31.900000 ;-22.768209 ;-23.225902 ;
32.000000 ;-22.749087 ;-23.224401 ;
32.100000 ;-22.749774 ;-23.224688 ;
32.200000 ;-22.766232 ;-23.226398 ;
32.300000 ;-22.756200 ;-23.225717 ;
32.400000 ;-22.752789 ;-23.225632 ;
32.500000 ;-22.761729 ;-23.226660 ;
32.600000 ;-22.756503 ;-23.226411 ;
32.700000 ;-22.753153 ;-23.226330 ;
32.800000 ;-22.760059 ;-23.227173 ;
32.900000 ;-22.758737 ;-23.227274 ;
33.000000 ;-22.750779 ;-23.226775 ;
33.100000 ;-22.755861 ;-23.227452 ;
33.200000 ;-22.766038 ;-23.228588 ;
33.300000 ;-22.754269 ;-23.227743 ;
33.400000 ;-22.745396 ;-23.227159 ;
33.500000 ;-22.760968 ;-23.228781 ;
33.600000 ;-22.773495 ;-23.230128 ;
33.700000 ;-22.752427 ;-23.228441 ;
33.800000 ;-22.750915 ;-23.228519 ;
33.900000 ;-22.773043 ;-23.230731 ;
34.000000 ;-22.765671 ;-23.230280 ;
34.100000 ;-22.756492 ;-23.229664 ;
34.200000 ;-22.767175 ;-23.230840 ;
34.300000 ;-22.765279 ;-23.230881 ;
34.400000 ;-22.759352 ;-23.230557 ;
34.500000 ;-22.765130 ;-23.231288 ;
34.600000 ;-22.765082 ;-23.231493 ;
34.700000 ;-22.758618 ;-23.231119 ;
34.800000 ;-22.762673 ;-23.231693 ;
34.900000 ;-22.769588 ;-23.232525 ;
35.000000 ;-22.759034 ;-23.231780 ;
35.100000 ;-22.754135 ;-23.231544 ;
35.200000 ;-22.767703 ;-23.232975 ;
35.300000 ;-22.775435 ;-23.233879 ;
35.400000 ;-22.754452 ;-23.232189 ;
35.500000 ;-22.753387 ;-23.232297 ;
35.600000 ;-22.778210 ;-23.234743 ;
35.700000 ;-22.774568 ;-23.234618 ;
35.800000 ;-22.758588 ;-23.233377 ;
35.900000 ;-22.770321 ;-23.234639 ;
36.000000 ;-22.775966 ;-23.235350 ;
36.100000 ;-22.765444 ;-23.234602 ;
36.200000 ;-22.769517 ;-23.235169 ;
36.300000 ;-22.772358 ;-23.235625 ;
36.400000 ;-22.765785 ;-23.235231 ;
36.500000 ;-22.768373 ;-23.235663 ;
36.600000 ;-22.773702 ;-23.236342 ;
36.700000 ;-22.765465 ;-23.235796 ;
36.800000 ;-22.763186 ;-23.235787 ;
36.900000 ;-22.773684 ;-23.236930 ;
37.000000 ;-22.775923 ;-23.237328 ;
37.100000 ;-22.757891 ;-23.235895 ;
37.200000 ;-22.759671 ;-23.236250 ;
37.300000 ;-22.782856 ;-23.238538 ;
37.400000 ;-22.779570 ;-23.238435 ;
37.500000 ;-22.758801 ;-23.236751 ;
37.600000 ;-22.771040 ;-23.238049 ;
37.700000 ;-22.788471 ;-23.239817 ;
37.800000 ;-22.771989 ;-23.238519 ;
37.900000 ;-22.772291 ;-23.238737 ;
38.000000 ;-22.781077 ;-23.239720 ;
38.100000 ;-22.772949 ;-23.239176 ;
38.200000 ;-22.773217 ;-23.239389 ;
38.300000 ;-22.778646 ;-23.240067 ;
38.400000 ;-22.772406 ;-23.239692 ;
38.500000 ;-22.770881 ;-23.239741 ;
38.600000 ;-22.778548 ;-23.240620 ;
38.700000 ;-22.777330 ;-23.240696 ;
38.800000 ;-22.764614 ;-23.239733 ;
38.900000 ;-22.768906 ;-23.240305 ;
39.000000 ;-22.786672 ;-23.242094 ;
39.100000 ;-22.779681 ;-23.241646 ;
39.200000 ;-22.758931 ;-23.239955 ;
39.300000 ;-22.772378 ;-23.241353 ;
39.400000 ;-22.797551 ;-23.243810 ;
39.500000 ;-22.778232 ;-23.242247 ;
39.600000 ;-22.772215 ;-23.241884 ;
39.700000 ;-22.789010 ;-23.243582 ;
39.800000 ;-22.781580 ;-23.243093 ;
39.900000 ;-22.777304 ;-23.242890 ;
40.000000 ;-22.784192 ;-23.243676 ;
40.100000 ;-22.781848 ;-23.243574 ;
40.200000 ;-22.782307 ;-23.243688 ;
40.300000 ;-22.785816 ;-23.244055 ;
40.400000 ;-22.788008 ;-23.244260 ;
40.500000 ;-22.791797 ;-23.244616 ;
40.600000 ;-22.796116 ;-23.245036 ;
40.700000 ;-22.801341 ;-23.245567 ;
40.800000 ;-22.807772 ;-23.246244 ;
40.900000 ;-22.814035 ;-23.246956 ;
41.000000 ;-22.821255 ;-23.247803 ;
41.100000 ;-22.830911 ;-23.248911 ;
41.200000 ;-22.840487 ;-23.250066 ;
41.300000 ;-22.843503 ;-23.250718 ;
41.400000 ;-22.852555 ;-23.251953 ;
41.500000 ;-22.873702 ;-23.254283 ;
41.600000 ;-22.896979 ;-23.256834 ;
41.700000 ;-22.903347 ;-23.257941 ;
41.800000 ;-22.913439 ;-23.259430 ;
41.900000 ;-22.938457 ;-23.262295 ;
42.000000 ;-22.954344 ;-23.264353 ;
42.100000 ;-22.968602 ;-23.266279 ;
42.200000 ;-22.994145 ;-23.269227 ;
42.300000 ;-23.015763 ;-23.271809 ;
42.400000 ;-23.030862 ;-23.273790 ;
42.500000 ;-23.059518 ;-23.276959 ;
42.600000 ;-23.095617 ;-23.280744 ;
42.700000 ;-23.111805 ;-23.282654 ;
42.800000 ;-23.130677 ;-23.284731 ;
42.900000 ;-23.176557 ;-23.289177 ;
43.000000 ;-23.222620 ;-23.293502 ;
43.100000 ;-23.234646 ;-23.294538 ;
43.200000 ;-23.266935 ;-23.297287 ;
43.300000 ;-23.325559 ;-23.302284 ;
43.400000 ;-23.356584 ;-23.304476 ;
43.500000 ;-23.386670 ;-23.306331 ;
43.600000 ;-23.437792 ;-23.309873 ;
43.700000 ;-23.478052 ;-23.312081 ;
43.800000 ;-23.515784 ;-23.313715 ;
43.900000 ;-23.566988 ;-23.316239 ;
44.000000 ;-23.613507 ;-23.317917 ;
44.100000 ;-23.653927 ;-23.318597 ;
44.200000 ;-23.707675 ;-23.320064 ;
44.300000 ;-23.766299 ;-23.321489 ;
44.400000 ;-23.806537 ;-23.320652 ;
44.500000 ;-23.854247 ;-23.319980 ;
44.600000 ;-23.922858 ;-23.320719 ;
44.700000 ;-23.983964 ;-23.320119 ;
44.800000 ;-24.021079 ;-23.316573 ;
44.900000 ;-24.079940 ;-23.314486 ;
45.000000 ;-24.158659 ;-23.313644 ;
45.100000 ;-24.208932 ;-23.309316 ;
45.200000 ;-24.258194 ;-23.304172 ;
45.300000 ;-24.330225 ;-23.300529 ;
45.400000 ;-24.392862 ;-23.295202 ;
45.500000 ;-24.444887 ;-23.288064 ;
45.600000 ;-24.511785 ;-23.281622 ;
45.700000 ;-24.579195 ;-23.274444 ;
45.800000 ;-24.633264 ;-23.265159 ;
45.900000 ;-24.697489 ;-23.256094 ;
46.000000 ;-24.770487 ;-23.247106 ;
46.100000 ;-24.827908 ;-23.235777 ;
46.200000 ;-24.883708 ;-23.223511 ;
46.300000 ;-24.957089 ;-23.212233 ;
46.400000 ;-25.032308 ;-23.200367 ;
46.500000 ;-25.081277 ;-23.185102 ;
46.600000 ;-25.139474 ;-23.170040 ;
46.700000 ;-25.221007 ;-23.156629 ;
46.800000 ;-25.290715 ;-23.141303 ;
46.900000 ;-25.337164 ;-23.122923 ;
47.000000 ;-25.403722 ;-23.105947 ;
47.100000 ;-25.483331 ;-23.089670 ;
47.200000 ;-25.536602 ;-23.070073 ;
47.300000 ;-25.593508 ;-23.050269 ;
47.400000 ;-25.665987 ;-23.031510 ;
47.500000 ;-25.727330 ;-23.011071 ;
47.600000 ;-25.780608 ;-22.989302 ;
47.700000 ;-25.846414 ;-22.968356 ;
47.800000 ;-25.914568 ;-22.947209 ;
47.900000 ;-25.964791 ;-22.923801 ;
48.000000 ;-26.020857 ;-22.900623 ;
48.100000 ;-26.091052 ;-22.878559 ;
48.200000 ;-26.153393 ;-22.855361 ;
48.300000 ;-26.195652 ;-22.829796 ;
48.400000 ;-26.252598 ;-22.805509 ;
48.500000 ;-26.327279 ;-22.782844 ;
48.600000 ;-26.383194 ;-22.758028 ;
48.700000 ;-26.420772 ;-22.731139 ;
48.800000 ;-26.480406 ;-22.706425 ;
48.900000 ;-26.553164 ;-22.682977 ;
49.000000 ;-26.596114 ;-22.656333 ;
49.100000 ;-26.639702 ;-22.629711 ;
49.200000 ;-26.702421 ;-22.605070 ;
49.300000 ;-26.757123 ;-22.579591 ;
49.400000 ;-26.796899 ;-22.552580 ;
49.500000 ;-26.848816 ;-22.526892 ;
49.600000 ;-26.907109 ;-22.501947 ;
49.700000 ;-26.947650 ;-22.475240 ;
49.800000 ;-26.989729 ;-22.448815 ;
49.900000 ;-27.044995 ;-22.423908 ;
50.000000 ;-27.097223 ;-22.398839 ;
50.100000 ;-27.129140 ;-22.371821 ;
50.200000 ;-27.170280 ;-22.345963 ;
50.300000 ;-27.228851 ;-22.322138 ;
50.400000 ;-27.278512 ;-22.297603 ;
50.500000 ;-27.302080 ;-22.270576 ;
50.600000 ;-27.341442 ;-22.245458 ;
50.700000 ;-27.402663 ;-22.222893 ;
50.800000 ;-27.445248 ;-22.198651 ;
50.900000 ;-27.467292 ;-22.172545 ;
51.000000 ;-27.509947 ;-22.148897 ;
51.100000 ;-27.564427 ;-22.126793 ;
51.200000 ;-27.592339 ;-22.102221 ;
51.300000 ;-27.622426 ;-22.078199 ;
51.400000 ;-27.667916 ;-22.056119 ;
51.500000 ;-27.705617 ;-22.033557 ;
51.600000 ;-27.730900 ;-22.010039 ;
51.700000 ;-27.767069 ;-21.988003 ;
51.800000 ;-27.810597 ;-21.967086 ;
51.900000 ;-27.837470 ;-21.944781 ;
52.000000 ;-27.860847 ;-21.922468 ;
52.100000 ;-27.899633 ;-21.902122 ;
52.200000 ;-27.943741 ;-21.882690 ;
52.300000 ;-27.963253 ;-21.861054 ;
52.400000 ;-27.980526 ;-21.839548 ;
52.500000 ;-28.021282 ;-21.820854 ;
52.600000 ;-28.069186 ;-21.803268 ;
52.700000 ;-28.082983 ;-21.782487 ;
52.800000 ;-28.097773 ;-21.762175 ;
52.900000 ;-28.139335 ;-21.745014 ;
53.000000 ;-28.179527 ;-21.728068 ;
53.100000 ;-28.189435 ;-21.708326 ;
53.200000 ;-28.212137 ;-21.690273 ;
53.300000 ;-28.250360 ;-21.674191 ;
53.400000 ;-28.271235 ;-21.656653 ;
53.500000 ;-28.287072 ;-21.638941 ;
53.600000 ;-28.316201 ;-21.622958 ;
53.700000 ;-28.346013 ;-21.607388 ;
53.800000 ;-28.358861 ;-21.590395 ;
53.900000 ;-28.377958 ;-21.574389 ;
54.000000 ;-28.409718 ;-21.560030 ;
54.100000 ;-28.435164 ;-21.545344 ;
54.200000 ;-28.440995 ;-21.528949 ;
54.300000 ;-28.458499 ;-21.514087 ;
54.400000 ;-28.494930 ;-21.501505 ;
54.500000 ;-28.522767 ;-21.488344 ;
54.600000 ;-28.520819 ;-21.472406 ;
54.700000 ;-28.534622 ;-21.458407 ;
54.800000 ;-28.574509 ;-21.447411 ;
54.900000 ;-28.599726 ;-21.435190 ;
55.000000 ;-28.597613 ;-21.420431 ;
55.100000 ;-28.615292 ;-21.408010 ;
55.200000 ;-28.649212 ;-21.397554 ;
55.300000 ;-28.658635 ;-21.384840 ;
55.400000 ;-28.666357 ;-21.372226 ;
55.500000 ;-28.689519 ;-21.361478 ;
55.600000 ;-28.709091 ;-21.350625 ;
55.700000 ;-28.714658 ;-21.338585 ;
55.800000 ;-28.729377 ;-21.327748 ;
55.900000 ;-28.753373 ;-21.318122 ;
56.000000 ;-28.764716 ;-21.307437 ;
56.100000 ;-28.767267 ;-21.296088 ;
56.200000 ;-28.784249 ;-21.286468 ;
56.300000 ;-28.812285 ;-21.278224 ;
56.400000 ;-28.821750 ;-21.268294 ;
56.500000 ;-28.815389 ;-21.256958 ;
56.600000 ;-28.831313 ;-21.248144 ;
56.700000 ;-28.867090 ;-21.241596 ;
56.800000 ;-28.877967 ;-21.232692 ;
56.900000 ;-28.867753 ;-21.221825 ;
57.000000 ;-28.883568 ;-21.213849 ;
57.100000 ;-28.916617 ;-21.207850 ;
57.200000 ;-28.917987 ;-21.198783 ;
57.300000 ;-28.917950 ;-21.189767 ;
57.400000 ;-28.937364 ;-21.182945 ;
57.500000 ;-28.951979 ;-21.175815 ;
57.600000 ;-28.951843 ;-21.167349 ;
57.700000 ;-28.962147 ;-21.160137 ;
57.800000 ;-28.980228 ;-21.153902 ;
57.900000 ;-28.983987 ;-21.146364 ;
58.000000 ;-28.985579 ;-21.138773 ;
58.100000 ;-29.000193 ;-21.132687 ;
58.200000 ;-29.019176 ;-21.127212 ;
58.300000 ;-29.017358 ;-21.119756 ;
58.400000 ;-29.013108 ;-21.112206 ;
58.500000 ;-29.030527 ;-21.107037 ;
58.600000 ;-29.058400 ;-21.103091 ;
58.700000 ;-29.056077 ;-21.096186 ;
58.800000 ;-29.042883 ;-21.088308 ;
58.900000 ;-29.060038 ;-21.083689 ;
59.000000 ;-29.093062 ;-21.080838 ;
59.100000 ;-29.087976 ;-21.074203 ;
59.200000 ;-29.080523 ;-21.067456 ;
59.300000 ;-29.098625 ;-21.063465 ;
59.400000 ;-29.113595 ;-21.059278 ;
59.500000 ;-29.107558 ;-21.053054 ;
59.600000 ;-29.113411 ;-21.048173 ;
59.700000 ;-29.128409 ;-21.044349 ;
59.800000 ;-29.128522 ;-21.039111 ;
59.900000 ;-29.128644 ;-21.033987 ;
60.000000 ;-29.140224 ;-21.030150 ;
60.100000 ;-29.152022 ;-21.026443 ;
60.200000 ;-29.146204 ;-21.021035 ;
60.300000 ;-29.145409 ;-21.016245 ;
60.400000 ;-29.161572 ;-21.013297 ;
60.500000 ;-29.179256 ;-21.010603 ;
60.600000 ;-29.167668 ;-21.005004 ;
60.700000 ;-29.157398 ;-20.999635 ;
60.800000 ;-29.177167 ;-20.997441 ;
60.900000 ;-29.206852 ;-20.996352 ;
61.000000 ;-29.195074 ;-20.991100 ;
61.100000 ;-29.182065 ;-20.985810 ;
61.200000 ;-29.201250 ;-20.983907 ;
61.300000 ;-29.221490 ;-20.982194 ;
61.400000 ;-29.208859 ;-20.977191 ;
61.500000 ;-29.209579 ;-20.973636 ;
61.600000 ;-29.224531 ;-20.971619 ;
61.700000 ;-29.223282 ;-20.968017 ;
61.800000 ;-29.220730 ;-20.964355 ;
61.900000 ;-29.229570 ;-20.961933 ;
62.000000 ;-29.237119 ;-20.959450 ;
62.100000 ;-29.231113 ;-20.955648 ;
62.200000 ;-29.232070 ;-20.952627 ;
62.300000 ;-29.245076 ;-20.950907 ;
62.400000 ;-29.253354 ;-20.948768 ;
62.500000 ;-29.239293 ;-20.944405 ;
62.600000 ;-29.235334 ;-20.941139 ;
62.700000 ;-29.255504 ;-20.940404 ;
62.800000 ;-29.276496 ;-20.939813 ;
62.900000 ;-29.257837 ;-20.935219 ;
63.000000 ;-29.243917 ;-20.931170 ;
63.100000 ;-29.266211 ;-20.930884 ;
63.200000 ;-29.292005 ;-20.931009 ;
63.300000 ;-29.273578 ;-20.926659 ;
63.400000 ;-29.268055 ;-20.923683 ;
63.500000 ;-29.285685 ;-20.923130 ;
63.600000 ;-29.286322 ;-20.920885 ;
63.700000 ;-29.279283 ;-20.917903 ;
63.800000 ;-29.285625 ;-20.916338 ;
63.900000 ;-29.292223 ;-20.914846 ;
64.000000 ;-29.286233 ;-20.912111 ;
64.100000 ;-29.286968 ;-20.910108 ;
64.200000 ;-29.296825 ;-20.909083 ;
64.300000 ;-29.298840 ;-20.907298 ;
64.400000 ;-29.287782 ;-20.904216 ;
64.500000 ;-29.288850 ;-20.902416 ;
64.600000 ;-29.305761 ;-20.902277 ;
64.700000 ;-29.315318 ;-20.901424 ;
64.800000 ;-29.293105 ;-20.897359 ;
64.900000 ;-29.284390 ;-20.894714 ;
65.000000 ;-29.309565 ;-20.895571 ;
65.100000 ;-29.334689 ;-20.896457 ;
65.200000 ;-29.311256 ;-20.892410 ;
65.300000 ;-29.300116 ;-20.889656 ;
65.400000 ;-29.322380 ;-20.890355 ;
65.500000 ;-29.330466 ;-20.889633 ;
65.600000 ;-29.316366 ;-20.886672 ;
65.700000 ;-29.319423 ;-20.885499 ;
65.800000 ;-29.328726 ;-20.884994 ;
65.900000 ;-29.321740 ;-20.882853 ;
66.000000 ;-29.320658 ;-20.881344 ;
66.100000 ;-29.328401 ;-20.880767 ;
66.200000 ;-29.328099 ;-20.879394 ;
66.300000 ;-29.320487 ;-20.877301 ;
66.400000 ;-29.323361 ;-20.876307 ;
66.500000 ;-29.335425 ;-20.876279 ;
66.600000 ;-29.335250 ;-20.875024 ;
66.700000 ;-29.316432 ;-20.871889 ;
66.800000 ;-29.315686 ;-20.870626 ;
66.900000 ;-29.339635 ;-20.871911 ;
67.000000 ;-29.355495 ;-20.872390 ;
67.100000 ;-29.327594 ;-20.868420 ;
67.200000 ;-29.315659 ;-20.866107 ;
67.300000 ;-29.343415 ;-20.867872 ;
67.400000 ;-29.362174 ;-20.868737 ;
67.500000 ;-29.339251 ;-20.865360 ;
67.600000 ;-29.336999 ;-20.864119 ;
67.700000 ;-29.352727 ;-20.864736 ;
67.800000 ;-29.345828 ;-20.863057 ;
67.900000 ;-29.340808 ;-20.861590 ;
68.000000 ;-29.347305 ;-20.861319 ;
68.100000 ;-29.347416 ;-20.860413 ;
68.200000 ;-29.341194 ;-20.858877 ;
68.300000 ;-29.343675 ;-20.858248 ;
68.400000 ;-29.351870 ;-20.858220 ;
68.500000 ;-29.347088 ;-20.856882 ;
68.600000 ;-29.335379 ;-20.854853 ;
68.700000 ;-29.339612 ;-20.854469 ;
68.800000 ;-29.357612 ;-20.855508 ;
68.900000 ;-29.360554 ;-20.855022 ;
69.000000 ;-29.332364 ;-20.851371 ;
69.100000 ;-29.326798 ;-20.850048 ;
69.200000 ;-29.357926 ;-20.852487 ;
69.300000 ;-29.379451 ;-20.853956 ;
69.400000 ;-29.349611 ;-20.850191 ;
69.500000 ;-29.341416 ;-20.848654 ;
69.600000 ;-29.365830 ;-20.850462 ;
69.700000 ;-29.365271 ;-20.849729 ;
69.800000 ;-29.352726 ;-20.847783 ;
69.900000 ;-29.357578 ;-20.847627 ;
70.000000 ;-29.360960 ;-20.847333 ;
70.100000 ;-29.353829 ;-20.845975 ;
70.200000 ;-29.354671 ;-20.845444 ;
70.300000 ;-29.360914 ;-20.845476 ;
70.400000 ;-29.355912 ;-20.844370 ;
70.500000 ;-29.349278 ;-20.843107 ;
70.600000 ;-29.354335 ;-20.843050 ;
70.700000 ;-29.365415 ;-20.843618 ;
70.800000 ;-29.358604 ;-20.842368 ;
70.900000 ;-29.338035 ;-20.839723 ;
71.000000 ;-29.341348 ;-20.839528 ;
71.100000 ;-29.369266 ;-20.841855 ;
71.200000 ;-29.380832 ;-20.842518 ;
71.300000 ;-29.346972 ;-20.838553 ;
71.400000 ;-29.337819 ;-20.837122 ;
71.500000 ;-29.370735 ;-20.839997 ;
71.600000 ;-29.382964 ;-20.840764 ;
71.700000 ;-29.359280 ;-20.837869 ;
71.800000 ;-29.360062 ;-20.837485 ;
71.900000 ;-29.372539 ;-20.838303 ;
72.000000 ;-29.362738 ;-20.836851 ;
72.100000 ;-29.360044 ;-20.836132 ;
72.200000 ;-29.365919 ;-20.836297 ;
72.300000 ;-29.362237 ;-20.835492 ;
72.400000 ;-29.357307 ;-20.834566 ;
72.500000 ;-29.361288 ;-20.834558 ;
72.600000 ;-29.367643 ;-20.834799 ;
72.700000 ;-29.358325 ;-20.833446 ;
72.800000 ;-29.347658 ;-20.831961 ;
72.900000 ;-29.355135 ;-20.832336 ;
73.000000 ;-29.374026 ;-20.833883 ;
73.100000 ;-29.371243 ;-20.833222 ;
73.200000 ;-29.339205 ;-20.829581 ;
73.300000 ;-29.337384 ;-20.829033 ;
73.400000 ;-29.374362 ;-20.832451 ;
73.500000 ;-29.392290 ;-20.833926 ;
73.600000 ;-29.358779 ;-20.830154 ;
73.700000 ;-29.353698 ;-20.829294 ;
73.800000 ;-29.379197 ;-20.831564 ;
73.900000 ;-29.372615 ;-20.830558 ;
74.000000 ;-29.362285 ;-20.829175 ;
74.100000 ;-29.368026 ;-20.829438 ;
74.200000 ;-29.367255 ;-20.829041 ;
74.300000 ;-29.361273 ;-20.828116 ;
74.400000 ;-29.363583 ;-20.828042 ;
74.500000 ;-29.368003 ;-20.828188 ;
74.600000 ;-29.360573 ;-20.827129 ;
74.700000 ;-29.355619 ;-20.826326 ;
74.800000 ;-29.362488 ;-20.826735 ;
74.900000 ;-29.372381 ;-20.827458 ;
75.000000 ;-29.360178 ;-20.825927 ;
75.100000 ;-29.339355 ;-20.823522 ;
75.200000 ;-29.346911 ;-20.824019 ;
75.300000 ;-29.378398 ;-20.826961 ;
75.400000 ;-29.385768 ;-20.827443 ;
75.500000 ;-29.347744 ;-20.823296 ;
75.600000 ;-29.341851 ;-20.822437 ;
75.700000 ;-29.379264 ;-20.826002 ;
75.800000 ;-29.385635 ;-20.826397 ;
75.900000 ;-29.362416 ;-20.823772 ;
76.000000 ;-29.365669 ;-20.823858 ;
76.100000 ;-29.374054 ;-20.824470 ;
76.200000 ;-29.364241 ;-20.823225 ;
76.300000 ;-29.363417 ;-20.822901 ;
76.400000 ;-29.368135 ;-20.823147 ;
76.500000 ;-29.362625 ;-20.822351 ;
76.600000 ;-29.359210 ;-20.821771 ;
76.700000 ;-29.364199 ;-20.822053 ;
76.800000 ;-29.368627 ;-20.822280 ;
76.900000 ;-29.356358 ;-20.820805 ;
77.000000 ;-29.347402 ;-20.819671 ;
77.100000 ;-29.357795 ;-20.820516 ;
77.200000 ;-29.377092 ;-20.822271 ;
77.300000 ;-29.368954 ;-20.821228 ;
77.400000 ;-29.334592 ;-20.817514 ;
77.500000 ;-29.336983 ;-20.817554 ;
77.600000 ;-29.379144 ;-20.821654 ;
77.700000 ;-29.392841 ;-20.822847 ;
77.800000 ;-29.357242 ;-20.819011 ;
77.900000 ;-29.355370 ;-20.818625 ;
78.000000 ;-29.381020 ;-20.821052 ;
78.100000 ;-29.370272 ;-20.819760 ;
78.200000 ;-29.362036 ;-20.818727 ;
78.300000 ;-29.367985 ;-20.819145 ;
78.400000 ;-29.364625 ;-20.818614 ;
78.500000 ;-29.359931 ;-20.817949 ;
78.600000 ;-29.363190 ;-20.818097 ;
78.700000 ;-29.365704 ;-20.818172 ;
78.800000 ;-29.357300 ;-20.817133 ;
78.900000 ;-29.354071 ;-20.816625 ;
79.000000 ;-29.362284 ;-20.817287 ;
79.100000 ;-29.370769 ;-20.817978 ;
79.200000 ;-29.354107 ;-20.816104 ;
79.300000 ;-29.334126 ;-20.813895 ;
79.400000 ;-29.345873 ;-20.814925 ;
79.500000 ;-29.380039 ;-20.818244 ;
79.600000 ;-29.383521 ;-20.818431 ;
79.700000 ;-29.362123 ;-20.816080 ;
79.800000 ;-29.363593 ;-20.816068 ;
79.900000 ;-29.369367 ;-20.816496 ;
80.000000 ;-29.364550 ;-20.815844 ;
