0.000000 ;-27.500000 ;-20.600000 ;
0.100000 ;-27.489102 ;-20.772804 ;
0.200000 ;-27.328345 ;-20.876179 ;
0.300000 ;-27.119556 ;-20.931718 ;
0.400000 ;-26.930317 ;-20.955842 ;
0.500000 ;-26.758252 ;-20.956707 ;
0.600000 ;-26.617926 ;-20.942317 ;
0.700000 ;-26.497553 ;-20.916642 ;
0.800000 ;-26.397078 ;-20.883695 ;
0.900000 ;-26.319822 ;-20.847015 ;
1.000000 ;-26.254106 ;-20.807590 ;
1.100000 ;-26.195933 ;-20.766696 ;
1.200000 ;-26.151226 ;-20.726368 ;
1.300000 ;-26.128090 ;-20.688396 ;
1.400000 ;-26.104723 ;-20.651236 ;
1.500000 ;-26.069108 ;-20.614154 ;
1.600000 ;-26.029952 ;-20.578271 ;
1.700000 ;-26.015428 ;-20.546442 ;
1.800000 ;-26.017070 ;-20.517990 ;
1.900000 ;-26.004459 ;-20.490230 ;
2.000000 ;-25.988921 ;-20.464114 ;
2.100000 ;-25.989179 ;-20.441194 ;
2.200000 ;-25.985170 ;-20.419686 ;
2.300000 ;-25.976998 ;-20.399516 ;
2.400000 ;-25.977397 ;-20.381676 ;
2.500000 ;-25.979454 ;-20.365480 ;
2.600000 ;-25.974359 ;-20.350082 ;
2.700000 ;-25.966496 ;-20.335757 ;
2.800000 ;-25.972928 ;-20.323854 ;
2.900000 ;-25.988147 ;-20.313816 ;
3.000000 ;-25.984924 ;-20.303261 ;
3.100000 ;-25.963030 ;-20.292089 ;
3.200000 ;-25.951665 ;-20.282679 ;
3.300000 ;-25.969817 ;-20.276559 ;
3.400000 ;-25.974288 ;-20.270026 ;
3.500000 ;-25.965146 ;-20.263025 ;
3.600000 ;-25.971185 ;-20.257916 ;
3.700000 ;-25.976021 ;-20.253268 ;
3.800000 ;-25.973289 ;-20.248498 ;
3.900000 ;-25.975270 ;-20.244590 ;
4.000000 ;-25.981903 ;-20.241498 ;
4.100000 ;-25.981718 ;-20.238219 ;
4.200000 ;-25.976130 ;-20.234836 ;
4.300000 ;-25.979947 ;-20.232560 ;
4.400000 ;-25.996387 ;-20.231629 ;
4.500000 ;-25.998642 ;-20.229767 ;
4.600000 ;-25.981605 ;-20.226522 ;
4.700000 ;-25.967615 ;-20.223742 ;
4.800000 ;-25.983633 ;-20.223669 ;
4.900000 ;-25.991602 ;-20.223090 ;
5.000000 ;-25.983084 ;-20.221283 ;
5.100000 ;-25.985841 ;-20.220557 ;
5.200000 ;-25.992794 ;-20.220305 ;
5.300000 ;-25.991034 ;-20.219430 ;
5.400000 ;-25.989908 ;-20.218706 ;
5.500000 ;-25.997362 ;-20.218787 ;
5.600000 ;-25.999501 ;-20.218497 ;
5.700000 ;-25.993820 ;-20.217619 ;
5.800000 ;-25.992442 ;-20.217160 ;
5.900000 ;-26.008114 ;-20.218183 ;
6.000000 ;-26.015201 ;-20.218530 ;
6.100000 ;-26.001716 ;-20.217191 ;
6.200000 ;-25.984078 ;-20.215537 ;
6.300000 ;-26.001328 ;-20.216838 ;
6.400000 ;-26.028355 ;-20.218982 ;
6.500000 ;-26.015938 ;-20.217842 ;
6.600000 ;-25.980144 ;-20.214760 ;
6.700000 ;-25.991238 ;-20.215621 ;
6.800000 ;-26.012744 ;-20.217366 ;
6.900000 ;-26.003191 ;-20.216517 ;
7.000000 ;-25.995228 ;-20.215809 ;
7.100000 ;-26.007300 ;-20.216785 ;
7.200000 ;-26.008065 ;-20.216816 ;
7.300000 ;-26.004624 ;-20.216497 ;
7.400000 ;-26.011103 ;-20.217011 ;
7.500000 ;-26.013269 ;-20.217163 ;
7.600000 ;-26.009057 ;-20.216779 ;
7.700000 ;-26.010400 ;-20.216860 ;
7.800000 ;-26.020355 ;-20.217661 ;
7.900000 ;-26.021442 ;-20.217715 ;
8.000000 ;-26.011107 ;-20.216809 ;
8.100000 ;-26.005105 ;-20.216262 ;
8.200000 ;-26.027169 ;-20.218066 ;
8.300000 ;-26.042367 ;-20.219290 ;
8.400000 ;-26.023887 ;-20.217687 ;
8.500000 ;-25.992674 ;-20.215011 ;
8.600000 ;-26.007702 ;-20.216208 ;
8.700000 ;-26.035871 ;-20.218504 ;
8.800000 ;-26.022937 ;-20.217350 ;
8.900000 ;-25.996416 ;-20.215055 ;
9.000000 ;-26.014176 ;-20.216466 ;
9.100000 ;-26.021516 ;-20.217000 ;
9.200000 ;-26.013609 ;-20.216252 ;
9.300000 ;-26.019121 ;-20.216625 ;
9.400000 ;-26.023509 ;-20.216901 ;
9.500000 ;-26.020209 ;-20.216529 ;
9.600000 ;-26.020467 ;-20.216453 ;
9.700000 ;-26.022526 ;-20.216525 ;
9.800000 ;-26.023103 ;-20.216470 ;
9.900000 ;-26.023679 ;-20.236195 ;
10.000000 ;-25.994086 ;-20.504306 ;
10.100000 ;-25.887577 ;-20.905042 ;
10.200000 ;-25.697707 ;-21.323551 ;
10.300000 ;-25.431621 ;-21.713965 ;
10.400000 ;-25.111556 ;-22.061478 ;
10.500000 ;-24.758019 ;-22.362045 ;
10.600000 ;-24.389440 ;-22.616574 ;
10.700000 ;-24.022198 ;-22.828311 ;
10.800000 ;-23.663712 ;-23.001020 ;
10.900000 ;-23.326930 ;-23.139618 ;
11.000000 ;-23.015727 ;-23.248506 ;
11.100000 ;-22.714600 ;-23.330578 ;
11.200000 ;-22.457296 ;-23.392480 ;
11.300000 ;-22.239727 ;-23.437511 ;
11.400000 ;-22.015511 ;-23.465335 ;
11.500000 ;-21.822395 ;-23.481954 ;
11.600000 ;-21.672347 ;-23.490840 ;
11.700000 ;-21.518467 ;-23.490495 ;
11.800000 ;-21.382910 ;-23.484575 ;
11.900000 ;-21.277438 ;-23.475528 ;
12.000000 ;-21.171253 ;-23.462258 ;
12.100000 ;-21.078746 ;-23.446952 ;
12.200000 ;-21.007916 ;-23.431049 ;
12.300000 ;-20.934863 ;-23.413419 ;
12.400000 ;-20.868188 ;-23.395282 ;
12.500000 ;-20.821936 ;-23.378110 ;
12.600000 ;-20.776414 ;-23.360731 ;
12.700000 ;-20.722854 ;-23.342752 ;
12.800000 ;-20.688640 ;-23.326459 ;
12.900000 ;-20.667120 ;-23.311472 ;
13.000000 ;-20.626950 ;-23.295475 ;
13.100000 ;-20.594067 ;-23.280561 ;
13.200000 ;-20.582556 ;-23.267863 ;
13.300000 ;-20.561640 ;-23.255006 ;
13.400000 ;-20.530884 ;-23.241979 ;
13.500000 ;-20.519143 ;-23.231032 ;
13.600000 ;-20.510822 ;-23.220935 ;
13.700000 ;-20.485974 ;-23.210124 ;
13.800000 ;-20.473323 ;-23.200821 ;
13.900000 ;-20.470457 ;-23.192815 ;
14.000000 ;-20.452274 ;-23.184128 ;
14.100000 ;-20.438429 ;-23.176268 ;
14.200000 ;-20.438071 ;-23.169920 ;
14.300000 ;-20.429117 ;-23.163340 ;
14.400000 ;-20.411745 ;-23.156521 ;
14.500000 ;-20.409758 ;-23.151288 ;
14.600000 ;-20.413366 ;-23.146855 ;
14.700000 ;-20.396074 ;-23.141140 ;
14.800000 ;-20.386128 ;-23.136319 ;
14.900000 ;-20.394054 ;-23.133189 ;
15.000000 ;-20.389247 ;-23.129348 ;
15.100000 ;-20.372873 ;-23.124872 ;
15.200000 ;-20.375042 ;-23.122081 ;
15.300000 ;-20.380671 ;-23.119787 ;
15.400000 ;-20.365822 ;-23.116114 ;
15.500000 ;-20.362021 ;-23.113497 ;
15.600000 ;-20.368949 ;-23.111896 ;
15.700000 ;-20.359422 ;-23.109189 ;
15.800000 ;-20.352284 ;-23.106825 ;
15.900000 ;-20.357974 ;-23.105603 ;
16.000000 ;-20.355173 ;-23.103859 ;
16.100000 ;-20.344195 ;-23.101608 ;
16.200000 ;-20.346883 ;-23.100533 ;
16.300000 ;-20.353699 ;-23.099886 ;
16.400000 ;-20.341066 ;-23.097833 ;
16.500000 ;-20.335650 ;-23.096432 ;
16.600000 ;-20.346638 ;-23.096387 ;
16.700000 ;-20.345214 ;-23.095461 ;
16.800000 ;-20.331120 ;-23.093627 ;
16.900000 ;-20.335816 ;-23.093316 ;
17.000000 ;-20.346281 ;-23.093515 ;
17.100000 ;-20.333223 ;-23.091950 ;
17.200000 ;-20.329885 ;-23.091191 ;
17.300000 ;-20.340173 ;-23.091537 ;
17.400000 ;-20.333880 ;-23.090645 ;
17.500000 ;-20.327172 ;-23.089762 ;
17.600000 ;-20.334013 ;-23.089967 ;
17.700000 ;-20.333691 ;-23.089654 ;
17.800000 ;-20.324628 ;-23.088697 ;
17.900000 ;-20.328027 ;-23.088734 ;
18.000000 ;-20.334976 ;-23.089074 ;
18.100000 ;-20.324368 ;-23.088082 ;
18.200000 ;-20.320890 ;-23.087665 ;
18.300000 ;-20.331907 ;-23.088391 ;
18.400000 ;-20.330833 ;-23.088202 ;
18.500000 ;-20.317815 ;-23.087107 ;
18.600000 ;-20.323356 ;-23.087466 ;
18.700000 ;-20.335861 ;-23.088378 ;
18.800000 ;-20.323295 ;-23.087366 ;
18.900000 ;-20.318916 ;-23.087000 ;
19.000000 ;-20.331301 ;-23.087943 ;
19.100000 ;-20.327595 ;-23.087653 ;
19.200000 ;-20.319488 ;-23.087033 ;
19.300000 ;-20.326492 ;-23.087590 ;
19.400000 ;-20.328431 ;-23.087765 ;
19.500000 ;-20.319738 ;-23.087125 ;
19.600000 ;-20.322775 ;-23.087400 ;
19.700000 ;-20.329603 ;-23.087974 ;
19.800000 ;-20.320443 ;-23.087319 ;
19.900000 ;-20.318052 ;-23.087192 ;
20.000000 ;-20.328129 ;-23.088034 ;
20.100000 ;-20.326377 ;-23.087967 ;
20.200000 ;-20.314865 ;-23.087150 ;
20.300000 ;-20.320938 ;-23.087696 ;
20.400000 ;-20.333461 ;-23.088745 ;
20.500000 ;-20.320998 ;-23.087865 ;
20.600000 ;-20.315749 ;-23.087546 ;
20.700000 ;-20.329633 ;-23.088709 ;
20.800000 ;-20.328534 ;-23.088717 ;
20.900000 ;-20.318169 ;-23.088011 ;
21.000000 ;-20.324965 ;-23.088633 ;
21.100000 ;-20.329890 ;-23.089112 ;
21.200000 ;-20.320560 ;-23.088492 ;
21.300000 ;-20.322648 ;-23.088756 ;
21.400000 ;-20.329893 ;-23.089420 ;
21.500000 ;-20.321860 ;-23.088904 ;
21.600000 ;-20.319831 ;-23.088854 ;
21.700000 ;-20.328746 ;-23.089651 ;
21.800000 ;-20.326340 ;-23.089574 ;
21.900000 ;-20.316779 ;-23.088945 ;
22.000000 ;-20.323080 ;-23.089542 ;
22.100000 ;-20.334032 ;-23.090500 ;
22.200000 ;-20.321556 ;-23.089649 ;
22.300000 ;-20.316443 ;-23.089367 ;
22.400000 ;-20.331145 ;-23.090617 ;
22.500000 ;-20.332049 ;-23.090801 ;
22.600000 ;-20.319287 ;-23.089930 ;
22.700000 ;-20.325693 ;-23.090540 ;
22.800000 ;-20.334640 ;-23.091347 ;
22.900000 ;-20.323949 ;-23.090638 ;
23.000000 ;-20.324471 ;-23.090794 ;
23.100000 ;-20.332940 ;-23.091566 ;
23.200000 ;-20.325796 ;-23.091131 ;
23.300000 ;-20.323355 ;-23.091060 ;
23.400000 ;-20.331318 ;-23.091792 ;
23.500000 ;-20.328842 ;-23.091719 ;
23.600000 ;-20.321127 ;-23.091241 ;
23.700000 ;-20.327186 ;-23.091827 ;
23.800000 ;-20.335752 ;-23.092607 ;
23.900000 ;-20.323645 ;-23.091791 ;
24.000000 ;-20.319819 ;-23.091614 ;
24.100000 ;-20.334371 ;-23.092857 ;
24.200000 ;-20.335655 ;-23.093075 ;
24.300000 ;-20.321214 ;-23.092079 ;
24.400000 ;-20.327383 ;-23.092674 ;
24.500000 ;-20.340487 ;-23.093806 ;
24.600000 ;-20.328532 ;-23.093002 ;
24.700000 ;-20.326764 ;-23.092984 ;
24.800000 ;-20.337229 ;-23.093912 ;
24.900000 ;-20.331159 ;-23.093563 ;
25.000000 ;-20.327409 ;-23.093392 ;
25.100000 ;-20.334807 ;-23.094083 ;
25.200000 ;-20.332989 ;-23.094061 ;
25.300000 ;-20.326446 ;-23.093675 ;
25.400000 ;-20.331841 ;-23.094211 ;
25.500000 ;-20.338130 ;-23.094816 ;
25.600000 ;-20.327184 ;-23.094090 ;
25.700000 ;-20.325173 ;-23.094053 ;
25.800000 ;-20.338436 ;-23.095197 ;
25.900000 ;-20.338245 ;-23.095301 ;
26.000000 ;-20.323612 ;-23.094289 ;
26.100000 ;-20.330107 ;-23.094910 ;
26.200000 ;-20.345875 ;-23.096247 ;
26.300000 ;-20.333288 ;-23.095394 ;
26.400000 ;-20.328753 ;-23.095162 ;
26.500000 ;-20.341660 ;-23.096277 ;
26.600000 ;-20.337643 ;-23.096086 ;
26.700000 ;-20.331470 ;-23.095728 ;
26.800000 ;-20.338593 ;-23.096396 ;
26.900000 ;-20.338290 ;-23.096491 ;
27.000000 ;-20.331919 ;-23.096117 ;
27.100000 ;-20.336398 ;-23.096580 ;
27.200000 ;-20.341241 ;-23.097072 ;
27.300000 ;-20.332018 ;-23.096477 ;
27.400000 ;-20.331452 ;-23.096551 ;
27.500000 ;-20.342581 ;-23.097528 ;
27.600000 ;-20.340070 ;-23.097451 ;
27.700000 ;-20.327109 ;-23.096567 ;
27.800000 ;-20.334418 ;-23.097249 ;
27.900000 ;-20.350231 ;-23.098587 ;
28.000000 ;-20.337088 ;-23.097689 ;
28.100000 ;-20.330281 ;-23.097280 ;
28.200000 ;-20.345572 ;-23.098577 ;
28.300000 ;-20.345050 ;-23.098654 ;
28.400000 ;-20.335253 ;-23.098013 ;
28.500000 ;-20.342045 ;-23.098653 ;
28.600000 ;-20.344652 ;-23.098971 ;
28.700000 ;-20.337304 ;-23.098519 ;
28.800000 ;-20.340617 ;-23.098890 ;
28.900000 ;-20.345258 ;-23.099364 ;
29.000000 ;-20.337570 ;-23.098885 ;
29.100000 ;-20.337575 ;-23.099000 ;
29.200000 ;-20.346450 ;-23.099800 ;
29.300000 ;-20.342223 ;-23.099588 ;
29.400000 ;-20.332326 ;-23.098938 ;
29.500000 ;-20.340176 ;-23.099659 ;
29.600000 ;-20.353313 ;-23.100787 ;
29.700000 ;-20.339354 ;-23.099823 ;
29.800000 ;-20.332122 ;-23.099378 ;
29.900000 ;-20.349177 ;-23.100809 ;
30.000000 ;-20.352440 ;-23.101175 ;
30.100000 ;-20.338388 ;-23.100203 ;
30.200000 ;-20.344461 ;-23.100784 ;
30.300000 ;-20.352271 ;-23.101500 ;
30.400000 ;-20.342774 ;-23.100880 ;
30.500000 ;-20.344315 ;-23.101111 ;
30.600000 ;-20.350199 ;-23.101677 ;
30.700000 ;-20.343329 ;-23.101258 ;
30.800000 ;-20.342979 ;-23.101343 ;
30.900000 ;-20.350162 ;-23.102008 ;
31.000000 ;-20.345581 ;-23.101766 ;
31.100000 ;-20.338797 ;-23.101353 ;
31.200000 ;-20.346260 ;-23.102040 ;
31.300000 ;-20.355228 ;-23.102842 ;
31.400000 ;-20.341047 ;-23.101858 ;
31.500000 ;-20.335811 ;-23.101563 ;
31.600000 ;-20.353256 ;-23.103020 ;
31.700000 ;-20.357856 ;-23.103485 ;
31.800000 ;-20.340326 ;-23.102241 ;
31.900000 ;-20.345601 ;-23.102757 ;
32.000000 ;-20.360472 ;-23.104015 ;
32.100000 ;-20.348635 ;-23.103210 ;
32.200000 ;-20.347145 ;-23.103204 ;
32.300000 ;-20.355705 ;-23.103973 ;
32.400000 ;-20.349320 ;-23.103588 ;
32.500000 ;-20.347617 ;-23.103564 ;
32.600000 ;-20.353945 ;-23.104160 ;
32.700000 ;-20.350098 ;-23.103970 ;
32.800000 ;-20.345307 ;-23.103707 ;
32.900000 ;-20.351625 ;-23.104301 ;
33.000000 ;-20.356672 ;-23.104797 ;
33.100000 ;-20.344048 ;-23.103929 ;
33.200000 ;-20.342062 ;-23.103882 ;
33.300000 ;-20.357812 ;-23.105203 ;
33.400000 ;-20.359926 ;-23.105472 ;
33.500000 ;-20.341139 ;-23.104127 ;
33.600000 ;-20.346638 ;-23.104657 ;
33.700000 ;-20.366944 ;-23.106330 ;
33.800000 ;-20.354615 ;-23.105483 ;
33.900000 ;-20.348554 ;-23.105119 ;
34.000000 ;-20.360693 ;-23.106161 ;
34.100000 ;-20.356174 ;-23.105916 ;
34.200000 ;-20.351660 ;-23.105671 ;
34.300000 ;-20.357772 ;-23.106246 ;
34.400000 ;-20.355360 ;-23.106163 ;
34.500000 ;-20.351070 ;-23.105935 ;
34.600000 ;-20.356067 ;-23.106423 ;
34.700000 ;-20.358667 ;-23.106726 ;
34.800000 ;-20.349020 ;-23.106083 ;
34.900000 ;-20.349514 ;-23.106223 ;
35.000000 ;-20.361839 ;-23.107276 ;
35.100000 ;-20.359538 ;-23.107199 ;
35.200000 ;-20.342730 ;-23.106002 ;
35.300000 ;-20.349912 ;-23.106658 ;
35.400000 ;-20.371364 ;-23.108416 ;
35.500000 ;-20.358939 ;-23.107557 ;
35.600000 ;-20.348140 ;-23.106823 ;
35.700000 ;-20.363850 ;-23.108136 ;
35.800000 ;-20.364740 ;-23.108305 ;
35.900000 ;-20.355295 ;-23.107675 ;
36.000000 ;-20.361096 ;-23.108222 ;
36.100000 ;-20.361459 ;-23.108349 ;
36.200000 ;-20.356144 ;-23.108037 ;
36.300000 ;-20.359840 ;-23.108420 ;
36.400000 ;-20.361874 ;-23.108675 ;
36.500000 ;-20.354853 ;-23.108231 ;
36.600000 ;-20.356201 ;-23.108433 ;
36.700000 ;-20.364875 ;-23.109199 ;
36.800000 ;-20.359328 ;-23.108868 ;
36.900000 ;-20.347442 ;-23.108047 ;
37.000000 ;-20.356187 ;-23.108819 ;
37.100000 ;-20.373733 ;-23.110270 ;
37.200000 ;-20.359624 ;-23.109276 ;
37.300000 ;-20.346891 ;-23.108389 ;
37.400000 ;-20.365548 ;-23.109926 ;
37.500000 ;-20.374480 ;-23.110712 ;
37.600000 ;-20.358393 ;-23.109565 ;
37.700000 ;-20.362669 ;-23.109989 ;
37.800000 ;-20.369252 ;-23.110592 ;
37.900000 ;-20.361210 ;-23.110066 ;
38.000000 ;-20.363050 ;-23.110302 ;
38.100000 ;-20.366221 ;-23.110640 ;
38.200000 ;-20.360450 ;-23.110288 ;
38.300000 ;-20.361398 ;-23.110455 ;
38.400000 ;-20.367499 ;-23.111018 ;
38.500000 ;-20.361469 ;-23.110645 ;
38.600000 ;-20.354724 ;-23.110217 ;
38.700000 ;-20.363151 ;-23.110960 ;
38.800000 ;-20.374059 ;-23.111894 ;
38.900000 ;-20.358072 ;-23.110751 ;
39.000000 ;-20.348203 ;-23.110080 ;
39.100000 ;-20.368365 ;-23.111729 ;
39.200000 ;-20.381463 ;-23.112832 ;
39.300000 ;-20.359720 ;-23.111244 ;
39.400000 ;-20.361319 ;-23.111458 ;
39.500000 ;-20.378415 ;-23.112869 ;
39.600000 ;-20.367399 ;-23.112109 ;
39.700000 ;-20.365420 ;-23.112046 ;
39.800000 ;-20.371653 ;-23.112616 ;
39.900000 ;-20.365839 ;-23.112259 ;
40.000000 ;-20.365380 ;-23.112314 ;
40.100000 ;-20.370533 ;-23.112788 ;
40.200000 ;-20.368782 ;-23.112693 ;
40.300000 ;-20.369189 ;-23.112744 ;
40.400000 ;-20.372335 ;-23.113001 ;
40.500000 ;-20.373928 ;-23.113114 ;
40.600000 ;-20.376758 ;-23.113335 ;
40.700000 ;-20.380075 ;-23.113617 ;
40.800000 ;-20.383944 ;-23.113975 ;
40.900000 ;-20.388930 ;-23.114457 ;
41.000000 ;-20.393857 ;-23.114982 ;
41.100000 ;-20.398921 ;-23.115569 ;
41.200000 ;-20.406307 ;-23.116379 ;
41.300000 ;-20.414708 ;-23.117316 ;
41.400000 ;-20.416398 ;-23.117810 ;
41.500000 ;-20.418348 ;-23.118383 ;
41.600000 ;-20.433844 ;-23.120024 ;
41.700000 ;-20.458619 ;-23.122404 ;
41.800000 ;-20.470968 ;-23.123884 ;
41.900000 ;-20.471918 ;-23.124543 ;
42.000000 ;-20.488214 ;-23.126426 ;
42.100000 ;-20.505306 ;-23.128398 ;
42.200000 ;-20.515257 ;-23.129838 ;
42.300000 ;-20.533430 ;-23.131926 ;
42.400000 ;-20.551732 ;-23.134026 ;
42.500000 ;-20.564046 ;-23.135661 ;
42.600000 ;-20.585402 ;-23.137970 ;
42.700000 ;-20.614044 ;-23.140800 ;
42.800000 ;-20.628930 ;-23.142515 ;
42.900000 ;-20.639451 ;-23.143830 ;
43.000000 ;-20.674334 ;-23.146960 ;
43.100000 ;-20.720138 ;-23.150828 ;
43.200000 ;-20.731730 ;-23.151881 ;
43.300000 ;-20.745177 ;-23.152935 ;
43.400000 ;-20.795196 ;-23.156714 ;
43.500000 ;-20.835912 ;-23.159546 ;
43.600000 ;-20.851675 ;-23.160166 ;
43.700000 ;-20.889421 ;-23.162283 ;
43.800000 ;-20.928675 ;-23.164231 ;
43.900000 ;-20.957418 ;-23.165027 ;
44.000000 ;-20.997232 ;-23.166358 ;
44.100000 ;-21.037489 ;-23.167345 ;
44.200000 ;-21.070992 ;-23.167389 ;
44.300000 ;-21.113986 ;-23.167748 ;
44.400000 ;-21.162717 ;-23.168085 ;
44.500000 ;-21.197459 ;-23.166799 ;
44.600000 ;-21.235123 ;-23.165219 ;
44.700000 ;-21.291591 ;-23.164587 ;
44.800000 ;-21.347718 ;-23.163321 ;
44.900000 ;-21.376873 ;-23.159233 ;
45.000000 ;-21.420656 ;-23.155697 ;
45.100000 ;-21.490096 ;-23.153590 ;
45.200000 ;-21.540367 ;-23.149189 ;
45.300000 ;-21.575810 ;-23.142836 ;
45.400000 ;-21.634239 ;-23.137644 ;
45.500000 ;-21.693484 ;-23.131748 ;
45.600000 ;-21.735882 ;-23.123662 ;
45.700000 ;-21.790384 ;-23.115786 ;
45.800000 ;-21.849279 ;-23.107460 ;
45.900000 ;-21.895937 ;-23.097291 ;
46.000000 ;-21.949746 ;-23.086890 ;
46.100000 ;-22.011623 ;-23.076324 ;
46.200000 ;-22.061910 ;-23.063948 ;
46.300000 ;-22.109384 ;-23.050502 ;
46.400000 ;-22.171648 ;-23.037466 ;
46.500000 ;-22.237370 ;-23.023886 ;
46.600000 ;-22.279943 ;-23.007520 ;
46.700000 ;-22.327712 ;-22.990790 ;
46.800000 ;-22.398297 ;-22.975207 ;
46.900000 ;-22.463450 ;-22.958369 ;
47.000000 ;-22.501465 ;-22.938436 ;
47.100000 ;-22.556204 ;-22.919194 ;
47.200000 ;-22.627553 ;-22.900652 ;
47.300000 ;-22.675878 ;-22.879415 ;
47.400000 ;-22.723318 ;-22.857422 ;
47.500000 ;-22.785719 ;-22.836063 ;
47.600000 ;-22.840436 ;-22.813407 ;
47.700000 ;-22.886838 ;-22.789431 ;
47.800000 ;-22.943657 ;-22.765783 ;
47.900000 ;-23.002818 ;-22.741790 ;
48.000000 ;-23.047165 ;-22.716005 ;
48.100000 ;-23.096482 ;-22.690171 ;
48.200000 ;-23.157617 ;-22.664908 ;
48.300000 ;-23.211937 ;-22.638634 ;
48.400000 ;-23.248790 ;-22.610461 ;
48.500000 ;-23.298720 ;-22.583076 ;
48.600000 ;-23.364882 ;-22.556781 ;
48.700000 ;-23.414977 ;-22.528796 ;
48.800000 ;-23.446537 ;-22.498944 ;
48.900000 ;-23.498422 ;-22.470644 ;
49.000000 ;-23.564304 ;-22.443373 ;
49.100000 ;-23.602827 ;-22.413550 ;
49.200000 ;-23.640017 ;-22.383483 ;
49.300000 ;-23.695272 ;-22.354894 ;
49.400000 ;-23.744145 ;-22.325675 ;
49.500000 ;-23.779344 ;-22.295219 ;
49.600000 ;-23.825193 ;-22.265678 ;
49.700000 ;-23.876185 ;-22.236595 ;
49.800000 ;-23.912004 ;-22.206226 ;
49.900000 ;-23.950118 ;-22.176120 ;
50.000000 ;-23.999106 ;-22.147045 ;
50.100000 ;-24.044032 ;-22.117723 ;
50.200000 ;-24.072470 ;-22.087096 ;
50.300000 ;-24.110114 ;-22.057423 ;
50.400000 ;-24.162478 ;-22.029201 ;
50.500000 ;-24.205466 ;-22.000351 ;
50.600000 ;-24.225770 ;-21.969734 ;
50.700000 ;-24.261435 ;-21.940680 ;
50.800000 ;-24.317163 ;-21.913614 ;
50.900000 ;-24.355047 ;-21.885248 ;
51.000000 ;-24.373791 ;-21.855486 ;
51.100000 ;-24.412135 ;-21.827713 ;
51.200000 ;-24.461465 ;-21.801190 ;
51.300000 ;-24.485958 ;-21.772813 ;
51.400000 ;-24.513098 ;-21.744983 ;
51.500000 ;-24.553859 ;-21.718662 ;
51.600000 ;-24.586477 ;-21.691969 ;
51.700000 ;-24.609877 ;-21.664820 ;
51.800000 ;-24.643046 ;-21.638867 ;
51.900000 ;-24.681095 ;-21.613694 ;
52.000000 ;-24.704045 ;-21.587575 ;
52.100000 ;-24.726552 ;-21.561787 ;
52.200000 ;-24.762334 ;-21.537518 ;
52.300000 ;-24.800507 ;-21.513831 ;
52.400000 ;-24.816301 ;-21.488589 ;
52.500000 ;-24.833238 ;-21.463828 ;
52.600000 ;-24.871577 ;-21.441300 ;
52.700000 ;-24.914185 ;-21.419525 ;
52.800000 ;-24.924780 ;-21.395372 ;
52.900000 ;-24.938567 ;-21.371883 ;
53.000000 ;-24.977646 ;-21.350964 ;
53.100000 ;-25.013526 ;-21.330155 ;
53.200000 ;-25.021847 ;-21.307357 ;
53.300000 ;-25.043059 ;-21.286056 ;
53.400000 ;-25.077723 ;-21.266297 ;
53.500000 ;-25.095378 ;-21.245457 ;
53.600000 ;-25.110727 ;-21.224800 ;
53.700000 ;-25.137630 ;-21.205514 ;
53.800000 ;-25.162630 ;-21.186440 ;
53.900000 ;-25.174665 ;-21.166627 ;
54.000000 ;-25.193728 ;-21.147788 ;
54.100000 ;-25.222492 ;-21.130148 ;
54.200000 ;-25.242604 ;-21.112129 ;
54.300000 ;-25.248472 ;-21.093251 ;
54.400000 ;-25.266898 ;-21.075806 ;
54.500000 ;-25.300569 ;-21.060019 ;
54.600000 ;-25.322537 ;-21.043578 ;
54.700000 ;-25.320098 ;-21.025394 ;
54.800000 ;-25.335060 ;-21.009040 ;
54.900000 ;-25.373151 ;-20.995001 ;
55.000000 ;-25.393791 ;-20.979801 ;
55.100000 ;-25.391462 ;-20.962966 ;
55.200000 ;-25.409172 ;-20.948166 ;
55.300000 ;-25.440396 ;-20.934840 ;
55.400000 ;-25.447404 ;-20.919760 ;
55.500000 ;-25.455596 ;-20.905090 ;
55.600000 ;-25.477307 ;-20.891878 ;
55.700000 ;-25.492936 ;-20.878448 ;
55.800000 ;-25.499024 ;-20.864501 ;
55.900000 ;-25.514043 ;-20.851605 ;
56.000000 ;-25.535101 ;-20.839509 ;
56.100000 ;-25.542955 ;-20.826571 ;
56.200000 ;-25.547392 ;-20.813619 ;
56.300000 ;-25.565104 ;-20.802068 ;
56.400000 ;-25.589519 ;-20.791355 ;
56.500000 ;-25.594055 ;-20.779214 ;
56.600000 ;-25.589989 ;-20.766600 ;
56.700000 ;-25.608115 ;-20.756127 ;
56.800000 ;-25.641217 ;-20.747175 ;
56.900000 ;-25.646822 ;-20.736131 ;
57.000000 ;-25.637984 ;-20.724101 ;
57.100000 ;-25.655540 ;-20.714548 ;
57.200000 ;-25.686242 ;-20.706344 ;
57.300000 ;-25.684966 ;-20.695651 ;
57.400000 ;-25.686295 ;-20.685401 ;
57.500000 ;-25.705245 ;-20.676866 ;
57.600000 ;-25.716140 ;-20.667861 ;
57.700000 ;-25.717051 ;-20.658221 ;
57.800000 ;-25.728062 ;-20.649642 ;
57.900000 ;-25.743357 ;-20.641628 ;
58.000000 ;-25.745274 ;-20.632680 ;
58.100000 ;-25.749152 ;-20.624091 ;
58.200000 ;-25.763950 ;-20.616618 ;
58.300000 ;-25.778739 ;-20.609331 ;
58.400000 ;-25.774582 ;-20.600622 ;
58.500000 ;-25.774242 ;-20.592417 ;
58.600000 ;-25.793243 ;-20.586023 ;
58.700000 ;-25.816640 ;-20.580173 ;
58.800000 ;-25.809369 ;-20.571897 ;
58.900000 ;-25.799810 ;-20.563593 ;
59.000000 ;-25.820088 ;-20.557975 ;
59.100000 ;-25.849972 ;-20.553327 ;
59.200000 ;-25.841248 ;-20.545569 ;
59.300000 ;-25.836335 ;-20.538285 ;
59.400000 ;-25.855418 ;-20.533179 ;
59.500000 ;-25.866110 ;-20.527509 ;
59.600000 ;-25.861222 ;-20.520665 ;
59.700000 ;-25.868479 ;-20.514986 ;
59.800000 ;-25.881023 ;-20.509890 ;
59.900000 ;-25.879867 ;-20.503771 ;
60.000000 ;-25.882250 ;-20.498082 ;
60.100000 ;-25.893781 ;-20.493292 ;
60.200000 ;-25.901206 ;-20.488282 ;
60.300000 ;-25.895847 ;-20.482316 ;
60.400000 ;-25.898857 ;-20.477176 ;
60.500000 ;-25.915164 ;-20.473275 ;
60.600000 ;-25.926957 ;-20.469109 ;
60.700000 ;-25.912960 ;-20.462880 ;
60.800000 ;-25.908476 ;-20.457564 ;
60.900000 ;-25.931204 ;-20.454650 ;
61.000000 ;-25.955452 ;-20.451969 ;
61.100000 ;-25.939280 ;-20.445984 ;
61.200000 ;-25.930719 ;-20.440741 ;
61.300000 ;-25.952723 ;-20.438175 ;
61.400000 ;-25.967350 ;-20.435083 ;
61.500000 ;-25.955405 ;-20.429845 ;
61.600000 ;-25.958690 ;-20.425983 ;
61.700000 ;-25.972038 ;-20.423060 ;
61.800000 ;-25.968787 ;-20.418826 ;
61.900000 ;-25.968554 ;-20.414933 ;
62.000000 ;-25.977592 ;-20.411906 ;
62.100000 ;-25.981200 ;-20.408504 ;
62.200000 ;-25.976766 ;-20.404505 ;
62.300000 ;-25.980715 ;-20.401292 ;
62.400000 ;-25.992794 ;-20.398841 ;
62.500000 ;-25.994901 ;-20.395626 ;
62.600000 ;-25.982392 ;-20.391255 ;
62.700000 ;-25.984494 ;-20.388187 ;
62.800000 ;-26.005588 ;-20.386787 ;
62.900000 ;-26.018504 ;-20.384769 ;
63.000000 ;-25.996736 ;-20.379899 ;
63.100000 ;-25.989932 ;-20.376356 ;
63.200000 ;-26.016246 ;-20.375665 ;
63.300000 ;-26.034592 ;-20.374367 ;
63.400000 ;-26.015106 ;-20.369946 ;
63.500000 ;-26.014034 ;-20.367136 ;
63.600000 ;-26.031849 ;-20.365974 ;
63.700000 ;-26.028384 ;-20.363080 ;
63.800000 ;-26.023841 ;-20.360152 ;
63.900000 ;-26.031227 ;-20.358282 ;
64.000000 ;-26.034063 ;-20.356084 ;
64.100000 ;-26.029610 ;-20.353326 ;
64.200000 ;-26.032810 ;-20.351263 ;
64.300000 ;-26.041382 ;-20.349703 ;
64.400000 ;-26.038709 ;-20.347247 ;
64.500000 ;-26.031121 ;-20.344426 ;
64.600000 ;-26.036669 ;-20.342757 ;
64.700000 ;-26.052183 ;-20.341972 ;
64.800000 ;-26.052610 ;-20.339964 ;
64.900000 ;-26.031465 ;-20.336187 ;
65.000000 ;-26.031717 ;-20.334253 ;
65.100000 ;-26.059706 ;-20.334692 ;
65.200000 ;-26.074142 ;-20.334033 ;
65.300000 ;-26.048640 ;-20.330058 ;
65.400000 ;-26.044913 ;-20.327953 ;
65.500000 ;-26.069854 ;-20.328297 ;
65.600000 ;-26.070298 ;-20.326620 ;
65.700000 ;-26.058733 ;-20.323969 ;
65.800000 ;-26.064596 ;-20.322820 ;
65.900000 ;-26.069936 ;-20.321662 ;
66.000000 ;-26.063806 ;-20.319574 ;
66.100000 ;-26.065236 ;-20.318156 ;
66.200000 ;-26.071936 ;-20.317213 ;
66.300000 ;-26.068353 ;-20.315439 ;
66.400000 ;-26.064071 ;-20.313638 ;
66.500000 ;-26.069754 ;-20.312704 ;
66.600000 ;-26.079175 ;-20.312115 ;
66.700000 ;-26.071746 ;-20.310140 ;
66.800000 ;-26.058087 ;-20.307671 ;
66.900000 ;-26.065098 ;-20.306967 ;
67.000000 ;-26.088374 ;-20.307656 ;
67.100000 ;-26.091087 ;-20.306644 ;
67.200000 ;-26.063039 ;-20.303076 ;
67.300000 ;-26.062092 ;-20.301811 ;
67.400000 ;-26.093900 ;-20.303323 ;
67.500000 ;-26.099925 ;-20.302693 ;
67.600000 ;-26.079092 ;-20.299830 ;
67.700000 ;-26.082766 ;-20.299050 ;
67.800000 ;-26.096274 ;-20.299119 ;
67.900000 ;-26.086947 ;-20.297293 ;
68.000000 ;-26.084997 ;-20.296107 ;
68.100000 ;-26.091446 ;-20.295649 ;
68.200000 ;-26.088347 ;-20.294410 ;
68.300000 ;-26.084805 ;-20.293154 ;
68.400000 ;-26.089334 ;-20.292596 ;
68.500000 ;-26.094599 ;-20.292120 ;
68.600000 ;-26.086146 ;-20.290511 ;
68.700000 ;-26.080132 ;-20.289126 ;
68.800000 ;-26.088954 ;-20.289005 ;
68.900000 ;-26.103301 ;-20.289365 ;
69.000000 ;-26.093951 ;-20.287754 ;
69.100000 ;-26.070893 ;-20.285010 ;
69.200000 ;-26.077784 ;-20.284797 ;
69.300000 ;-26.110631 ;-20.286780 ;
69.400000 ;-26.114708 ;-20.286362 ;
69.500000 ;-26.086208 ;-20.283225 ;
69.600000 ;-26.088631 ;-20.282701 ;
69.700000 ;-26.114202 ;-20.284137 ;
69.800000 ;-26.105009 ;-20.282666 ;
69.900000 ;-26.096396 ;-20.281259 ;
70.000000 ;-26.103593 ;-20.281193 ;
70.100000 ;-26.102524 ;-20.280447 ;
70.200000 ;-26.097461 ;-20.279379 ;
70.300000 ;-26.100519 ;-20.279005 ;
70.400000 ;-26.104066 ;-20.278685 ;
70.500000 ;-26.097520 ;-20.277531 ;
70.600000 ;-26.095242 ;-20.276748 ;
70.700000 ;-26.102503 ;-20.276777 ;
70.800000 ;-26.108813 ;-20.276737 ;
70.900000 ;-26.094657 ;-20.274992 ;
71.000000 ;-26.082921 ;-20.273462 ;
71.100000 ;-26.095461 ;-20.273979 ;
71.200000 ;-26.120083 ;-20.275521 ;
71.300000 ;-26.112945 ;-20.274408 ;
71.400000 ;-26.082750 ;-20.271371 ;
71.500000 ;-26.089075 ;-20.271410 ;
71.600000 ;-26.124875 ;-20.273933 ;
71.700000 ;-26.119909 ;-20.273043 ;
71.800000 ;-26.100879 ;-20.270981 ;
71.900000 ;-26.108665 ;-20.271179 ;
72.000000 ;-26.115307 ;-20.271291 ;
72.100000 ;-26.106024 ;-20.270074 ;
72.200000 ;-26.106566 ;-20.269690 ;
72.300000 ;-26.110772 ;-20.269622 ;
72.400000 ;-26.105345 ;-20.268754 ;
72.500000 ;-26.103674 ;-20.268209 ;
72.600000 ;-26.109010 ;-20.268260 ;
72.700000 ;-26.110496 ;-20.267996 ;
72.800000 ;-26.099561 ;-20.266697 ;
72.900000 ;-26.096453 ;-20.266062 ;
73.000000 ;-26.108223 ;-20.266682 ;
73.100000 ;-26.120507 ;-20.267352 ;
73.200000 ;-26.102686 ;-20.265504 ;
73.300000 ;-26.080743 ;-20.263317 ;
73.400000 ;-26.095130 ;-20.264185 ;
73.500000 ;-26.131409 ;-20.266897 ;
73.600000 ;-26.125004 ;-20.266032 ;
73.700000 ;-26.096720 ;-20.263336 ;
73.800000 ;-26.105618 ;-20.263770 ;
73.900000 ;-26.128919 ;-20.265418 ;
74.000000 ;-26.114163 ;-20.263877 ;
74.100000 ;-26.108969 ;-20.263143 ;
74.200000 ;-26.115948 ;-20.263436 ;
74.300000 ;-26.111149 ;-20.262747 ;
74.400000 ;-26.107911 ;-20.262193 ;
74.500000 ;-26.111907 ;-20.262251 ;
74.600000 ;-26.112080 ;-20.261994 ;
74.700000 ;-26.105175 ;-20.261148 ;
74.800000 ;-26.105230 ;-20.260890 ;
74.900000 ;-26.113441 ;-20.261322 ;
75.000000 ;-26.115967 ;-20.261281 ;
75.100000 ;-26.097510 ;-20.259484 ;
75.200000 ;-26.089379 ;-20.258559 ;
75.300000 ;-26.107266 ;-20.259820 ;
75.400000 ;-26.131635 ;-20.261630 ;
75.500000 ;-26.114823 ;-20.259987 ;
75.600000 ;-26.085527 ;-20.257302 ;
75.700000 ;-26.099925 ;-20.258290 ;
75.800000 ;-26.137242 ;-20.261204 ;
75.900000 ;-26.122648 ;-20.259764 ;
76.000000 ;-26.107002 ;-20.258239 ;
76.100000 ;-26.117795 ;-20.258937 ;
76.200000 ;-26.118245 ;-20.258771 ;
76.300000 ;-26.110551 ;-20.257924 ;
76.400000 ;-26.112895 ;-20.257923 ;
76.500000 ;-26.114192 ;-20.257837 ;
76.600000 ;-26.108743 ;-20.257188 ;
76.700000 ;-26.108910 ;-20.257014 ;
76.800000 ;-26.114399 ;-20.257289 ;
76.900000 ;-26.112030 ;-20.256908 ;
77.000000 ;-26.100815 ;-20.255788 ;
77.100000 ;-26.101012 ;-20.255628 ;
77.200000 ;-26.115002 ;-20.256628 ;
77.300000 ;-26.124020 ;-20.257214 ;
77.400000 ;-26.099108 ;-20.254956 ;
77.500000 ;-26.080725 ;-20.253249 ;
77.600000 ;-26.102839 ;-20.254943 ;
77.700000 ;-26.140093 ;-20.257910 ;
77.800000 ;-26.123206 ;-20.256334 ;
77.900000 ;-26.097626 ;-20.254032 ;
78.000000 ;-26.112853 ;-20.255159 ;
78.100000 ;-26.130489 ;-20.256491 ;
78.200000 ;-26.114164 ;-20.254973 ;
78.300000 ;-26.112152 ;-20.254658 ;
78.400000 ;-26.117490 ;-20.254963 ;
78.500000 ;-26.111273 ;-20.254299 ;
78.600000 ;-26.109825 ;-20.254038 ;
78.700000 ;-26.114062 ;-20.254256 ;
78.800000 ;-26.111417 ;-20.253898 ;
78.900000 ;-26.105276 ;-20.253250 ;
79.000000 ;-26.107493 ;-20.253304 ;
79.100000 ;-26.115958 ;-20.253884 ;
79.200000 ;-26.113807 ;-20.253575 ;
79.300000 ;-26.093601 ;-20.251754 ;
79.400000 ;-26.090131 ;-20.251339 ;
79.500000 ;-26.112654 ;-20.253107 ;
79.600000 ;-26.134578 ;-20.254825 ;
79.700000 ;-26.112731 ;-20.252872 ;
79.800000 ;-26.095045 ;-20.251271 ;
79.900000 ;-26.113544 ;-20.252709 ;
80.000000 ;-26.129343 ;-20.253921 ;
