0.000000 ;-27.500000 ;-20.600000 ;
0.100000 ;-27.311934 ;-20.639737 ;
0.200000 ;-27.180369 ;-20.666624 ;
0.300000 ;-27.097716 ;-20.684314 ;
0.400000 ;-27.033437 ;-20.693458 ;
0.500000 ;-26.977634 ;-20.695828 ;
0.600000 ;-26.938900 ;-20.694203 ;
0.700000 ;-26.905433 ;-20.689134 ;
0.800000 ;-26.875836 ;-20.681705 ;
0.900000 ;-26.856614 ;-20.673292 ;
1.000000 ;-26.844404 ;-20.664283 ;
1.100000 ;-26.825287 ;-20.654028 ;
1.200000 ;-26.800638 ;-20.642994 ;
1.300000 ;-26.793191 ;-20.633437 ;
1.400000 ;-26.804749 ;-20.625695 ;
1.500000 ;-26.813684 ;-20.617970 ;
1.600000 ;-26.794204 ;-20.608042 ;
1.700000 ;-26.783419 ;-20.599331 ;
1.800000 ;-26.789781 ;-20.592641 ;
1.900000 ;-26.784748 ;-20.585351 ;
2.000000 ;-26.777814 ;-20.578338 ;
2.100000 ;-26.779516 ;-20.572569 ;
2.200000 ;-26.778754 ;-20.567005 ;
2.300000 ;-26.771598 ;-20.561267 ;
2.400000 ;-26.771338 ;-20.556559 ;
2.500000 ;-26.778105 ;-20.552872 ;
2.600000 ;-26.776967 ;-20.548805 ;
2.700000 ;-26.759522 ;-20.543562 ;
2.800000 ;-26.756352 ;-20.539943 ;
2.900000 ;-26.775892 ;-20.538705 ;
3.000000 ;-26.794167 ;-20.537612 ;
3.100000 ;-26.778506 ;-20.533630 ;
3.200000 ;-26.771053 ;-20.530633 ;
3.300000 ;-26.781396 ;-20.529487 ;
3.400000 ;-26.778804 ;-20.527338 ;
3.500000 ;-26.773790 ;-20.525142 ;
3.600000 ;-26.777593 ;-20.523923 ;
3.700000 ;-26.778303 ;-20.522566 ;
3.800000 ;-26.772431 ;-20.520739 ;
3.900000 ;-26.773492 ;-20.519677 ;
4.000000 ;-26.781061 ;-20.519330 ;
4.100000 ;-26.779399 ;-20.518236 ;
4.200000 ;-26.763859 ;-20.515957 ;
4.300000 ;-26.763334 ;-20.515152 ;
4.400000 ;-26.783013 ;-20.516291 ;
4.500000 ;-26.797376 ;-20.517011 ;
4.600000 ;-26.768883 ;-20.513844 ;
4.700000 ;-26.750148 ;-20.511638 ;
4.800000 ;-26.778592 ;-20.513843 ;
4.900000 ;-26.813013 ;-20.516648 ;
5.000000 ;-26.786416 ;-20.513865 ;
5.100000 ;-26.774702 ;-20.512497 ;
5.200000 ;-26.793646 ;-20.513997 ;
5.300000 ;-26.790152 ;-20.513460 ;
5.400000 ;-26.782393 ;-20.512558 ;
5.500000 ;-26.787038 ;-20.512828 ;
5.600000 ;-26.785876 ;-20.512587 ;
5.700000 ;-26.781529 ;-20.512074 ;
5.800000 ;-26.784457 ;-20.512252 ;
5.900000 ;-26.788660 ;-20.512566 ;
6.000000 ;-26.781084 ;-20.511809 ;
6.100000 ;-26.776199 ;-20.511314 ;
6.200000 ;-26.784132 ;-20.512015 ;
6.300000 ;-26.795740 ;-20.513067 ;
6.400000 ;-26.783636 ;-20.511940 ;
6.500000 ;-26.760062 ;-20.509765 ;
6.600000 ;-26.768855 ;-20.510585 ;
6.700000 ;-26.804784 ;-20.513916 ;
6.800000 ;-26.810464 ;-20.514460 ;
6.900000 ;-26.773895 ;-20.511110 ;
7.000000 ;-26.774831 ;-20.511229 ;
7.100000 ;-26.809823 ;-20.514497 ;
7.200000 ;-26.801317 ;-20.513751 ;
7.300000 ;-26.788357 ;-20.512596 ;
7.400000 ;-26.796106 ;-20.513356 ;
7.500000 ;-26.794188 ;-20.513225 ;
7.600000 ;-26.789123 ;-20.512805 ;
7.700000 ;-26.792489 ;-20.513165 ;
7.800000 ;-26.793205 ;-20.513282 ;
7.900000 ;-26.787433 ;-20.512801 ;
8.000000 ;-26.788205 ;-20.512924 ;
8.100000 ;-26.795429 ;-20.513643 ;
8.200000 ;-26.794225 ;-20.513586 ;
8.300000 ;-26.778047 ;-20.512147 ;
8.400000 ;-26.776205 ;-20.512032 ;
8.500000 ;-26.795617 ;-20.513877 ;
8.600000 ;-26.812359 ;-20.515476 ;
8.700000 ;-26.796721 ;-20.514087 ;
8.800000 ;-26.790173 ;-20.513537 ;
8.900000 ;-26.800701 ;-20.514563 ;
9.000000 ;-26.797843 ;-20.514353 ;
9.100000 ;-26.792729 ;-20.513935 ;
9.200000 ;-26.796597 ;-20.514345 ;
9.300000 ;-26.797374 ;-20.514470 ;
9.400000 ;-26.791106 ;-20.513945 ;
9.500000 ;-26.791890 ;-20.514070 ;
9.600000 ;-26.799531 ;-20.514827 ;
9.700000 ;-26.799906 ;-20.514914 ;
9.800000 ;-26.797864 ;-20.514598 ;
9.900000 ;-26.796930 ;-20.538701 ;
10.000000 ;-26.763237 ;-20.811332 ;
10.100000 ;-26.648464 ;-21.209012 ;
10.200000 ;-26.446315 ;-21.619998 ;
10.300000 ;-26.164982 ;-22.000603 ;
10.400000 ;-25.828240 ;-22.337086 ;
10.500000 ;-25.457428 ;-22.625947 ;
10.600000 ;-25.072346 ;-22.868596 ;
10.700000 ;-24.689836 ;-23.068631 ;
10.800000 ;-24.318723 ;-23.230192 ;
10.900000 ;-23.968958 ;-23.358189 ;
11.000000 ;-23.650683 ;-23.457748 ;
11.100000 ;-23.344280 ;-23.531411 ;
11.200000 ;-23.074728 ;-23.585362 ;
11.300000 ;-22.853672 ;-23.624226 ;
11.400000 ;-22.633300 ;-23.647246 ;
11.500000 ;-22.431434 ;-23.658944 ;
11.600000 ;-22.278122 ;-23.664350 ;
11.700000 ;-22.129735 ;-23.661852 ;
11.800000 ;-21.988984 ;-23.653533 ;
11.900000 ;-21.881660 ;-23.643037 ;
12.000000 ;-21.778698 ;-23.629117 ;
12.100000 ;-21.682834 ;-23.613022 ;
12.200000 ;-21.610457 ;-23.596884 ;
12.300000 ;-21.540046 ;-23.579543 ;
12.400000 ;-21.470781 ;-23.561457 ;
12.500000 ;-21.422230 ;-23.544611 ;
12.600000 ;-21.379329 ;-23.528047 ;
12.700000 ;-21.324372 ;-23.510537 ;
12.800000 ;-21.286920 ;-23.494724 ;
12.900000 ;-21.266121 ;-23.480647 ;
13.000000 ;-21.227602 ;-23.465502 ;
13.100000 ;-21.191298 ;-23.451047 ;
13.200000 ;-21.178756 ;-23.439142 ;
13.300000 ;-21.160406 ;-23.427288 ;
13.400000 ;-21.127548 ;-23.414767 ;
13.500000 ;-21.114284 ;-23.404476 ;
13.600000 ;-21.106927 ;-23.395238 ;
13.700000 ;-21.081258 ;-23.384982 ;
13.800000 ;-21.067856 ;-23.376292 ;
13.900000 ;-21.064696 ;-23.368972 ;
14.000000 ;-21.045745 ;-23.360792 ;
14.100000 ;-21.032065 ;-23.353516 ;
14.200000 ;-21.031776 ;-23.347810 ;
14.300000 ;-21.020918 ;-23.341615 ;
14.400000 ;-21.003787 ;-23.335278 ;
14.500000 ;-21.003270 ;-23.330713 ;
14.600000 ;-21.005474 ;-23.326720 ;
14.700000 ;-20.986065 ;-23.321215 ;
14.800000 ;-20.978347 ;-23.317002 ;
14.900000 ;-20.987901 ;-23.314536 ;
15.000000 ;-20.978662 ;-23.310737 ;
15.100000 ;-20.963394 ;-23.306673 ;
15.200000 ;-20.969000 ;-23.304606 ;
15.300000 ;-20.970560 ;-23.302409 ;
15.400000 ;-20.955352 ;-23.298989 ;
15.500000 ;-20.955347 ;-23.297041 ;
15.600000 ;-20.960421 ;-23.295694 ;
15.700000 ;-20.948005 ;-23.293025 ;
15.800000 ;-20.944858 ;-23.291287 ;
15.900000 ;-20.951335 ;-23.290501 ;
16.000000 ;-20.942494 ;-23.288545 ;
16.100000 ;-20.935065 ;-23.286826 ;
16.200000 ;-20.942100 ;-23.286439 ;
16.300000 ;-20.942265 ;-23.285571 ;
16.400000 ;-20.928140 ;-23.283588 ;
16.500000 ;-20.930307 ;-23.283068 ;
16.600000 ;-20.942348 ;-23.283462 ;
16.700000 ;-20.930099 ;-23.281876 ;
16.800000 ;-20.921779 ;-23.280690 ;
16.900000 ;-20.934265 ;-23.281325 ;
17.000000 ;-20.933964 ;-23.280937 ;
17.100000 ;-20.921161 ;-23.279545 ;
17.200000 ;-20.926754 ;-23.279756 ;
17.300000 ;-20.932264 ;-23.280006 ;
17.400000 ;-20.921140 ;-23.278891 ;
17.500000 ;-20.922249 ;-23.278848 ;
17.600000 ;-20.929369 ;-23.279348 ;
17.700000 ;-20.920111 ;-23.278497 ;
17.800000 ;-20.917732 ;-23.278256 ;
17.900000 ;-20.926426 ;-23.278977 ;
18.000000 ;-20.921761 ;-23.278595 ;
18.100000 ;-20.912731 ;-23.277868 ;
18.200000 ;-20.920322 ;-23.278565 ;
18.300000 ;-20.928224 ;-23.279307 ;
18.400000 ;-20.913560 ;-23.278162 ;
18.500000 ;-20.911984 ;-23.278138 ;
18.600000 ;-20.927552 ;-23.279576 ;
18.700000 ;-20.921801 ;-23.279228 ;
18.800000 ;-20.911046 ;-23.278469 ;
18.900000 ;-20.921397 ;-23.279504 ;
19.000000 ;-20.925120 ;-23.279990 ;
19.100000 ;-20.914054 ;-23.279236 ;
19.200000 ;-20.918187 ;-23.279774 ;
19.300000 ;-20.924237 ;-23.280481 ;
19.400000 ;-20.915007 ;-23.279906 ;
19.500000 ;-20.915876 ;-23.280189 ;
19.600000 ;-20.923884 ;-23.281081 ;
19.700000 ;-20.916083 ;-23.280644 ;
19.800000 ;-20.912112 ;-23.280535 ;
19.900000 ;-20.921843 ;-23.281586 ;
20.000000 ;-20.922315 ;-23.281860 ;
20.100000 ;-20.909621 ;-23.281026 ;
20.200000 ;-20.914703 ;-23.281696 ;
20.300000 ;-20.928996 ;-23.283147 ;
20.400000 ;-20.916915 ;-23.282373 ;
20.500000 ;-20.910158 ;-23.282051 ;
20.600000 ;-20.925039 ;-23.283558 ;
20.700000 ;-20.924909 ;-23.283800 ;
20.800000 ;-20.913770 ;-23.283114 ;
20.900000 ;-20.921155 ;-23.283993 ;
21.000000 ;-20.925680 ;-23.284631 ;
21.100000 ;-20.916450 ;-23.284110 ;
21.200000 ;-20.919648 ;-23.284639 ;
21.300000 ;-20.925797 ;-23.285417 ;
21.400000 ;-20.917275 ;-23.284958 ;
21.500000 ;-20.917255 ;-23.285217 ;
21.600000 ;-20.926461 ;-23.286255 ;
21.700000 ;-20.920658 ;-23.286027 ;
21.800000 ;-20.913047 ;-23.285647 ;
21.900000 ;-20.922644 ;-23.286719 ;
22.000000 ;-20.930612 ;-23.287654 ;
22.100000 ;-20.915240 ;-23.286618 ;
22.200000 ;-20.914949 ;-23.286856 ;
22.300000 ;-20.932451 ;-23.288596 ;
22.400000 ;-20.926121 ;-23.288325 ;
22.500000 ;-20.915998 ;-23.287733 ;
22.600000 ;-20.927553 ;-23.288970 ;
22.700000 ;-20.930038 ;-23.289442 ;
22.800000 ;-20.920362 ;-23.288888 ;
22.900000 ;-20.925706 ;-23.289600 ;
23.000000 ;-20.929757 ;-23.290203 ;
23.100000 ;-20.921744 ;-23.289788 ;
23.200000 ;-20.924339 ;-23.290268 ;
23.300000 ;-20.931315 ;-23.291117 ;
23.400000 ;-20.922834 ;-23.290661 ;
23.500000 ;-20.920646 ;-23.290736 ;
23.600000 ;-20.931325 ;-23.291897 ;
23.700000 ;-20.930304 ;-23.292070 ;
23.800000 ;-20.917387 ;-23.291238 ;
23.900000 ;-20.924177 ;-23.292069 ;
24.000000 ;-20.939703 ;-23.293638 ;
24.100000 ;-20.926353 ;-23.292768 ;
24.200000 ;-20.919888 ;-23.292479 ;
24.300000 ;-20.936190 ;-23.294112 ;
24.400000 ;-20.935070 ;-23.294274 ;
24.500000 ;-20.924789 ;-23.293662 ;
24.600000 ;-20.932902 ;-23.294601 ;
24.700000 ;-20.935311 ;-23.295060 ;
24.800000 ;-20.927507 ;-23.294655 ;
24.900000 ;-20.931856 ;-23.295276 ;
25.000000 ;-20.935845 ;-23.295865 ;
25.100000 ;-20.927898 ;-23.295447 ;
25.200000 ;-20.929577 ;-23.295841 ;
25.300000 ;-20.938393 ;-23.296837 ;
25.400000 ;-20.930841 ;-23.296451 ;
25.500000 ;-20.924132 ;-23.296135 ;
25.600000 ;-20.935367 ;-23.297333 ;
25.700000 ;-20.943034 ;-23.298230 ;
25.800000 ;-20.926170 ;-23.297056 ;
25.900000 ;-20.926638 ;-23.297344 ;
26.000000 ;-20.945994 ;-23.299227 ;
26.100000 ;-20.938704 ;-23.298859 ;
26.200000 ;-20.928790 ;-23.298269 ;
26.300000 ;-20.941028 ;-23.299549 ;
26.400000 ;-20.941777 ;-23.299859 ;
26.500000 ;-20.933425 ;-23.299399 ;
26.600000 ;-20.939405 ;-23.300149 ;
26.700000 ;-20.941064 ;-23.300533 ;
26.800000 ;-20.934330 ;-23.300209 ;
26.900000 ;-20.938169 ;-23.300776 ;
27.000000 ;-20.943444 ;-23.301464 ;
27.100000 ;-20.934425 ;-23.300946 ;
27.200000 ;-20.933807 ;-23.301135 ;
27.300000 ;-20.945152 ;-23.302334 ;
27.400000 ;-20.942414 ;-23.302343 ;
27.500000 ;-20.928787 ;-23.301433 ;
27.600000 ;-20.937178 ;-23.302381 ;
27.700000 ;-20.954239 ;-23.304061 ;
27.800000 ;-20.939390 ;-23.303046 ;
27.900000 ;-20.932773 ;-23.302725 ;
28.000000 ;-20.950341 ;-23.304446 ;
28.100000 ;-20.948129 ;-23.304497 ;
28.200000 ;-20.938676 ;-23.303935 ;
28.300000 ;-20.947059 ;-23.304879 ;
28.400000 ;-20.947252 ;-23.305131 ;
28.500000 ;-20.940982 ;-23.304836 ;
28.600000 ;-20.946017 ;-23.305495 ;
28.700000 ;-20.947701 ;-23.305871 ;
28.800000 ;-20.940550 ;-23.305500 ;
28.900000 ;-20.943653 ;-23.305994 ;
29.000000 ;-20.951744 ;-23.306909 ;
29.100000 ;-20.942427 ;-23.306354 ;
29.200000 ;-20.936427 ;-23.306078 ;
29.300000 ;-20.949341 ;-23.307399 ;
29.400000 ;-20.957023 ;-23.308277 ;
29.500000 ;-20.938211 ;-23.306917 ;
29.600000 ;-20.939061 ;-23.307218 ;
29.700000 ;-20.960589 ;-23.309265 ;
29.800000 ;-20.952506 ;-23.308810 ;
29.900000 ;-20.942580 ;-23.308198 ;
30.000000 ;-20.955131 ;-23.309484 ;
30.100000 ;-20.954164 ;-23.309629 ;
30.200000 ;-20.947215 ;-23.309267 ;
30.300000 ;-20.953374 ;-23.310012 ;
30.400000 ;-20.952845 ;-23.310191 ;
30.500000 ;-20.947517 ;-23.309965 ;
30.600000 ;-20.952205 ;-23.310583 ;
30.700000 ;-20.955560 ;-23.311089 ;
30.800000 ;-20.946283 ;-23.310527 ;
30.900000 ;-20.947091 ;-23.310816 ;
31.000000 ;-20.959038 ;-23.312046 ;
31.100000 ;-20.954698 ;-23.311899 ;
31.200000 ;-20.939872 ;-23.310866 ;
31.300000 ;-20.949786 ;-23.311922 ;
31.400000 ;-20.969054 ;-23.313769 ;
31.500000 ;-20.952774 ;-23.312611 ;
31.600000 ;-20.945500 ;-23.312214 ;
31.700000 ;-20.964208 ;-23.314011 ;
31.800000 ;-20.961097 ;-23.313965 ;
31.900000 ;-20.952450 ;-23.313450 ;
32.000000 ;-20.960667 ;-23.314359 ;
32.100000 ;-20.958963 ;-23.314429 ;
32.200000 ;-20.954237 ;-23.314244 ;
32.300000 ;-20.959515 ;-23.314903 ;
32.400000 ;-20.959146 ;-23.315084 ;
32.500000 ;-20.952941 ;-23.314772 ;
32.600000 ;-20.957178 ;-23.315341 ;
32.700000 ;-20.964425 ;-23.316164 ;
32.800000 ;-20.953424 ;-23.315445 ;
32.900000 ;-20.947880 ;-23.315186 ;
33.000000 ;-20.962567 ;-23.316636 ;
33.100000 ;-20.970914 ;-23.317550 ;
33.200000 ;-20.949754 ;-23.315969 ;
33.300000 ;-20.950427 ;-23.316234 ;
33.400000 ;-20.974506 ;-23.318476 ;
33.500000 ;-20.966051 ;-23.317969 ;
33.600000 ;-20.955842 ;-23.317312 ;
33.700000 ;-20.968312 ;-23.318570 ;
33.800000 ;-20.965908 ;-23.318572 ;
33.900000 ;-20.960305 ;-23.318303 ;
34.000000 ;-20.966221 ;-23.319006 ;
34.100000 ;-20.964027 ;-23.319024 ;
34.200000 ;-20.960061 ;-23.318891 ;
34.300000 ;-20.965209 ;-23.319527 ;
34.400000 ;-20.966765 ;-23.319860 ;
34.500000 ;-20.957366 ;-23.319266 ;
34.600000 ;-20.959397 ;-23.319638 ;
34.700000 ;-20.971977 ;-23.320900 ;
34.800000 ;-20.966350 ;-23.320623 ;
34.900000 ;-20.949736 ;-23.319417 ;
35.000000 ;-20.960950 ;-23.320563 ;
35.100000 ;-20.983244 ;-23.322645 ;
35.200000 ;-20.965852 ;-23.321372 ;
35.300000 ;-20.957295 ;-23.320845 ;
35.400000 ;-20.976930 ;-23.322700 ;
35.500000 ;-20.973270 ;-23.322587 ;
35.600000 ;-20.965301 ;-23.322108 ;
35.700000 ;-20.972971 ;-23.322950 ;
35.800000 ;-20.969919 ;-23.322885 ;
35.900000 ;-20.966551 ;-23.322794 ;
36.000000 ;-20.971704 ;-23.323421 ;
36.100000 ;-20.969750 ;-23.323448 ;
36.200000 ;-20.964477 ;-23.323193 ;
36.300000 ;-20.969541 ;-23.323811 ;
36.400000 ;-20.976007 ;-23.324547 ;
36.500000 ;-20.963411 ;-23.323673 ;
36.600000 ;-20.957984 ;-23.323403 ;
36.700000 ;-20.974483 ;-23.324986 ;
36.800000 ;-20.984306 ;-23.326004 ;
36.900000 ;-20.960562 ;-23.324184 ;
37.000000 ;-20.960307 ;-23.324349 ;
37.100000 ;-20.987181 ;-23.326808 ;
37.200000 ;-20.978958 ;-23.326300 ;
37.300000 ;-20.968140 ;-23.325570 ;
37.400000 ;-20.980173 ;-23.326772 ;
37.500000 ;-20.976749 ;-23.326667 ;
37.600000 ;-20.972266 ;-23.326472 ;
37.700000 ;-20.977650 ;-23.327110 ;
37.800000 ;-20.974412 ;-23.327019 ;
37.900000 ;-20.971591 ;-23.326962 ;
38.000000 ;-20.976886 ;-23.327591 ;
38.100000 ;-20.976940 ;-23.327776 ;
38.200000 ;-20.967453 ;-23.327155 ;
38.300000 ;-20.970450 ;-23.327588 ;
38.400000 ;-20.983719 ;-23.328888 ;
38.500000 ;-20.977266 ;-23.328521 ;
38.600000 ;-20.958319 ;-23.327098 ;
38.700000 ;-20.970407 ;-23.328298 ;
38.800000 ;-20.996400 ;-23.330673 ;
38.900000 ;-20.978483 ;-23.329335 ;
39.000000 ;-20.968017 ;-23.328626 ;
39.100000 ;-20.988278 ;-23.330515 ;
39.200000 ;-20.984480 ;-23.330371 ;
39.300000 ;-20.976962 ;-23.329910 ;
39.400000 ;-20.983867 ;-23.330667 ;
39.500000 ;-20.980036 ;-23.330517 ;
39.600000 ;-20.977707 ;-23.330494 ;
39.700000 ;-20.982523 ;-23.331073 ;
39.800000 ;-20.979449 ;-23.330987 ;
39.900000 ;-20.974871 ;-23.330777 ;
40.000000 ;-20.980604 ;-23.331427 ;
40.100000 ;-20.986867 ;-23.332097 ;
40.200000 ;-20.983779 ;-23.331939 ;
40.300000 ;-20.985079 ;-23.332126 ;
40.400000 ;-20.986845 ;-23.332331 ;
40.500000 ;-20.989381 ;-23.332598 ;
40.600000 ;-20.992845 ;-23.332956 ;
40.700000 ;-20.996584 ;-23.333360 ;
40.800000 ;-21.001447 ;-23.333889 ;
40.900000 ;-21.006793 ;-23.334495 ;
41.000000 ;-21.011814 ;-23.335122 ;
41.100000 ;-21.018815 ;-23.335953 ;
41.200000 ;-21.027474 ;-23.336962 ;
41.300000 ;-21.031923 ;-23.337679 ;
41.400000 ;-21.033306 ;-23.338201 ;
41.500000 ;-21.046162 ;-23.339707 ;
41.600000 ;-21.069479 ;-23.342105 ;
41.700000 ;-21.085107 ;-23.343900 ;
41.800000 ;-21.086137 ;-23.344523 ;
41.900000 ;-21.101082 ;-23.346354 ;
42.000000 ;-21.120960 ;-23.348621 ;
42.100000 ;-21.130308 ;-23.350012 ;
42.200000 ;-21.147994 ;-23.352114 ;
42.300000 ;-21.168773 ;-23.354472 ;
42.400000 ;-21.180813 ;-23.356084 ;
42.500000 ;-21.200981 ;-23.358355 ;
42.600000 ;-21.231103 ;-23.361420 ;
42.700000 ;-21.249417 ;-23.363430 ;
42.800000 ;-21.258764 ;-23.364614 ;
42.900000 ;-21.292546 ;-23.367795 ;
43.000000 ;-21.339937 ;-23.372024 ;
43.100000 ;-21.353458 ;-23.373212 ;
43.200000 ;-21.368004 ;-23.374344 ;
43.300000 ;-21.418854 ;-23.378449 ;
43.400000 ;-21.458225 ;-23.381350 ;
43.500000 ;-21.475897 ;-23.382139 ;
43.600000 ;-21.516281 ;-23.384657 ;
43.700000 ;-21.555280 ;-23.386769 ;
43.800000 ;-21.585418 ;-23.387800 ;
43.900000 ;-21.627592 ;-23.389540 ;
44.000000 ;-21.668307 ;-23.390781 ;
44.100000 ;-21.703050 ;-23.391107 ;
44.200000 ;-21.748778 ;-23.391957 ;
44.300000 ;-21.798771 ;-23.392711 ;
44.400000 ;-21.832916 ;-23.391588 ;
44.500000 ;-21.874370 ;-23.390592 ;
44.600000 ;-21.935124 ;-23.390743 ;
44.700000 ;-21.988294 ;-23.389631 ;
44.800000 ;-22.017666 ;-23.385790 ;
44.900000 ;-22.069834 ;-23.383364 ;
45.000000 ;-22.142698 ;-23.382134 ;
45.100000 ;-22.185030 ;-23.377456 ;
45.200000 ;-22.227081 ;-23.372049 ;
45.300000 ;-22.292752 ;-23.368059 ;
45.400000 ;-22.346032 ;-23.362189 ;
45.500000 ;-22.392550 ;-23.354941 ;
45.600000 ;-22.453278 ;-23.348210 ;
45.700000 ;-22.509369 ;-23.340262 ;
45.800000 ;-22.558609 ;-23.330893 ;
45.900000 ;-22.618869 ;-23.321722 ;
46.000000 ;-22.681185 ;-23.311922 ;
46.100000 ;-22.728342 ;-23.299922 ;
46.200000 ;-22.783564 ;-23.287853 ;
46.300000 ;-22.853176 ;-23.276295 ;
46.400000 ;-22.911583 ;-23.262890 ;
46.500000 ;-22.953020 ;-23.247115 ;
46.600000 ;-23.015034 ;-23.232476 ;
46.700000 ;-23.092418 ;-23.218491 ;
46.800000 ;-23.140932 ;-23.201038 ;
46.900000 ;-23.186528 ;-23.182571 ;
47.000000 ;-23.256939 ;-23.165714 ;
47.100000 ;-23.320437 ;-23.147496 ;
47.200000 ;-23.365250 ;-23.126832 ;
47.300000 ;-23.425227 ;-23.106941 ;
47.400000 ;-23.489399 ;-23.086808 ;
47.500000 ;-23.537078 ;-23.064507 ;
47.600000 ;-23.592485 ;-23.042356 ;
47.700000 ;-23.656045 ;-23.020420 ;
47.800000 ;-23.706107 ;-22.996682 ;
47.900000 ;-23.754537 ;-22.972298 ;
48.000000 ;-23.816176 ;-22.948701 ;
48.100000 ;-23.877629 ;-22.924649 ;
48.200000 ;-23.917503 ;-22.898147 ;
48.300000 ;-23.965717 ;-22.872073 ;
48.400000 ;-24.033542 ;-22.847528 ;
48.500000 ;-24.091683 ;-22.821750 ;
48.600000 ;-24.124136 ;-22.793245 ;
48.700000 ;-24.175285 ;-22.766287 ;
48.800000 ;-24.244933 ;-22.740887 ;
48.900000 ;-24.288175 ;-22.712775 ;
49.000000 ;-24.326046 ;-22.683998 ;
49.100000 ;-24.383509 ;-22.656976 ;
49.200000 ;-24.435566 ;-22.629341 ;
49.300000 ;-24.472629 ;-22.600206 ;
49.400000 ;-24.521072 ;-22.572122 ;
49.500000 ;-24.574298 ;-22.544484 ;
49.600000 ;-24.611535 ;-22.515330 ;
49.700000 ;-24.652725 ;-22.486594 ;
49.800000 ;-24.704905 ;-22.458971 ;
49.900000 ;-24.749617 ;-22.430718 ;
50.000000 ;-24.779675 ;-22.401173 ;
50.100000 ;-24.822414 ;-22.372971 ;
50.200000 ;-24.878493 ;-22.346192 ;
50.300000 ;-24.917366 ;-22.317934 ;
50.400000 ;-24.939633 ;-22.288275 ;
50.500000 ;-24.983711 ;-22.260908 ;
50.600000 ;-25.043181 ;-22.235234 ;
50.700000 ;-25.072676 ;-22.206924 ;
50.800000 ;-25.096511 ;-22.178324 ;
50.900000 ;-25.144101 ;-22.152261 ;
51.000000 ;-25.189490 ;-22.126262 ;
51.100000 ;-25.212154 ;-22.098377 ;
51.200000 ;-25.246988 ;-22.071954 ;
51.300000 ;-25.290774 ;-22.046694 ;
51.400000 ;-25.317646 ;-22.020137 ;
51.500000 ;-25.346236 ;-21.994070 ;
51.600000 ;-25.385779 ;-21.969380 ;
51.700000 ;-25.419584 ;-21.944484 ;
51.800000 ;-25.440537 ;-21.918710 ;
51.900000 ;-25.471804 ;-21.894271 ;
52.000000 ;-25.513978 ;-21.871227 ;
52.100000 ;-25.541873 ;-21.847184 ;
52.200000 ;-25.554812 ;-21.822085 ;
52.300000 ;-25.586649 ;-21.799151 ;
52.400000 ;-25.634685 ;-21.778128 ;
52.500000 ;-25.658355 ;-21.755159 ;
52.600000 ;-25.666539 ;-21.731094 ;
52.700000 ;-25.700322 ;-21.709836 ;
52.800000 ;-25.745876 ;-21.690073 ;
52.900000 ;-25.758644 ;-21.667570 ;
53.000000 ;-25.775875 ;-21.645868 ;
53.100000 ;-25.811521 ;-21.626288 ;
53.200000 ;-25.835462 ;-21.605971 ;
53.300000 ;-25.850248 ;-21.585160 ;
53.400000 ;-25.876990 ;-21.565852 ;
53.500000 ;-25.905615 ;-21.547092 ;
53.600000 ;-25.919188 ;-21.527274 ;
53.700000 ;-25.938368 ;-21.508352 ;
53.800000 ;-25.968375 ;-21.490815 ;
53.900000 ;-25.991034 ;-21.472943 ;
54.000000 ;-25.997720 ;-21.453919 ;
54.100000 ;-26.017080 ;-21.436445 ;
54.200000 ;-26.052659 ;-21.420851 ;
54.300000 ;-26.075424 ;-21.404393 ;
54.400000 ;-26.073130 ;-21.385915 ;
54.500000 ;-26.090773 ;-21.369655 ;
54.600000 ;-26.132007 ;-21.355956 ;
54.700000 ;-26.150265 ;-21.340419 ;
54.800000 ;-26.148914 ;-21.323362 ;
54.900000 ;-26.171120 ;-21.308846 ;
55.000000 ;-26.202859 ;-21.295547 ;
55.100000 ;-26.207584 ;-21.280017 ;
55.200000 ;-26.219295 ;-21.265455 ;
55.300000 ;-26.243673 ;-21.252388 ;
55.400000 ;-26.256052 ;-21.238494 ;
55.500000 ;-26.264361 ;-21.224514 ;
55.600000 ;-26.283404 ;-21.211833 ;
55.700000 ;-26.303665 ;-21.199554 ;
55.800000 ;-26.308014 ;-21.186064 ;
55.900000 ;-26.317167 ;-21.173302 ;
56.000000 ;-26.340605 ;-21.162154 ;
56.100000 ;-26.361988 ;-21.151082 ;
56.200000 ;-26.357902 ;-21.137886 ;
56.300000 ;-26.362051 ;-21.125722 ;
56.400000 ;-26.391757 ;-21.116210 ;
56.500000 ;-26.420107 ;-21.106821 ;
56.600000 ;-26.410436 ;-21.094116 ;
56.700000 ;-26.413061 ;-21.082805 ;
56.800000 ;-26.444495 ;-21.074432 ;
56.900000 ;-26.460969 ;-21.064890 ;
57.000000 ;-26.455889 ;-21.053559 ;
57.100000 ;-26.469110 ;-21.044166 ;
57.200000 ;-26.489354 ;-21.035652 ;
57.300000 ;-26.490304 ;-21.025549 ;
57.400000 ;-26.497671 ;-21.016259 ;
57.500000 ;-26.514539 ;-21.008065 ;
57.600000 ;-26.521280 ;-20.999130 ;
57.700000 ;-26.523231 ;-20.989948 ;
57.800000 ;-26.536082 ;-20.981981 ;
57.900000 ;-26.553860 ;-20.974666 ;
58.000000 ;-26.554007 ;-20.965895 ;
58.100000 ;-26.550776 ;-20.956994 ;
58.200000 ;-26.567206 ;-20.950110 ;
58.300000 ;-26.593574 ;-20.944332 ;
58.400000 ;-26.591814 ;-20.936103 ;
58.500000 ;-26.578886 ;-20.927004 ;
58.600000 ;-26.596649 ;-20.920936 ;
58.700000 ;-26.630242 ;-20.916509 ;
58.800000 ;-26.624465 ;-20.908569 ;
58.900000 ;-26.617476 ;-20.900674 ;
59.000000 ;-26.636969 ;-20.895404 ;
59.100000 ;-26.649647 ;-20.889649 ;
59.200000 ;-26.644532 ;-20.882384 ;
59.300000 ;-26.652417 ;-20.876475 ;
59.400000 ;-26.665408 ;-20.871183 ;
59.500000 ;-26.664130 ;-20.864702 ;
59.600000 ;-26.667670 ;-20.858805 ;
59.700000 ;-26.680334 ;-20.853891 ;
59.800000 ;-26.686126 ;-20.848467 ;
59.900000 ;-26.680975 ;-20.842153 ;
60.000000 ;-26.686946 ;-20.837000 ;
60.100000 ;-26.705236 ;-20.833114 ;
60.200000 ;-26.712304 ;-20.828305 ;
60.300000 ;-26.696158 ;-20.821453 ;
60.400000 ;-26.698545 ;-20.816441 ;
60.500000 ;-26.727449 ;-20.814007 ;
60.600000 ;-26.742908 ;-20.810432 ;
60.700000 ;-26.721443 ;-20.803530 ;
60.800000 ;-26.722830 ;-20.798860 ;
60.900000 ;-26.751462 ;-20.796827 ;
61.000000 ;-26.752490 ;-20.792327 ;
61.100000 ;-26.743569 ;-20.787001 ;
61.200000 ;-26.754128 ;-20.783582 ;
61.300000 ;-26.762096 ;-20.780016 ;
61.400000 ;-26.757602 ;-20.775385 ;
61.500000 ;-26.762420 ;-20.771709 ;
61.600000 ;-26.772166 ;-20.768579 ;
61.700000 ;-26.769395 ;-20.764373 ;
61.800000 ;-26.768422 ;-20.760419 ;
61.900000 ;-26.778405 ;-20.757565 ;
62.000000 ;-26.788484 ;-20.754801 ;
62.100000 ;-26.778474 ;-20.750251 ;
62.200000 ;-26.772463 ;-20.746150 ;
62.300000 ;-26.788586 ;-20.744180 ;
62.400000 ;-26.810510 ;-20.742822 ;
62.500000 ;-26.797267 ;-20.738272 ;
62.600000 ;-26.779708 ;-20.733393 ;
62.700000 ;-26.798496 ;-20.731958 ;
62.800000 ;-26.829005 ;-20.731679 ;
62.900000 ;-26.813373 ;-20.727182 ;
63.000000 ;-26.804537 ;-20.723381 ;
63.100000 ;-26.821836 ;-20.722070 ;
63.200000 ;-26.824661 ;-20.719477 ;
63.300000 ;-26.817599 ;-20.716028 ;
63.400000 ;-26.823627 ;-20.713852 ;
63.500000 ;-26.828956 ;-20.711669 ;
63.600000 ;-26.824164 ;-20.708605 ;
63.700000 ;-26.826491 ;-20.706256 ;
63.800000 ;-26.835429 ;-20.704575 ;
63.900000 ;-26.833809 ;-20.701967 ;
64.000000 ;-26.825873 ;-20.698827 ;
64.100000 ;-26.831356 ;-20.696981 ;
64.200000 ;-26.847357 ;-20.696160 ;
64.300000 ;-26.847193 ;-20.693889 ;
64.400000 ;-26.825293 ;-20.689651 ;
64.500000 ;-26.827400 ;-20.687686 ;
64.600000 ;-26.857849 ;-20.688393 ;
64.700000 ;-26.868735 ;-20.687330 ;
64.800000 ;-26.841511 ;-20.682778 ;
64.900000 ;-26.842018 ;-20.680841 ;
65.000000 ;-26.869675 ;-20.681463 ;
65.100000 ;-26.864245 ;-20.679056 ;
65.200000 ;-26.854467 ;-20.676287 ;
65.300000 ;-26.863245 ;-20.675276 ;
65.400000 ;-26.864918 ;-20.673645 ;
65.500000 ;-26.859518 ;-20.671395 ;
65.600000 ;-26.863425 ;-20.670044 ;
65.700000 ;-26.868738 ;-20.668858 ;
65.800000 ;-26.862681 ;-20.666655 ;
65.900000 ;-26.861364 ;-20.664924 ;
66.000000 ;-26.870162 ;-20.664163 ;
66.100000 ;-26.876071 ;-20.663168 ;
66.200000 ;-26.861272 ;-20.660286 ;
66.300000 ;-26.854411 ;-20.658171 ;
66.400000 ;-26.871475 ;-20.658302 ;
66.500000 ;-26.892648 ;-20.658844 ;
66.600000 ;-26.874075 ;-20.655732 ;
66.700000 ;-26.852880 ;-20.652408 ;
66.800000 ;-26.872777 ;-20.652918 ;
66.900000 ;-26.904118 ;-20.654516 ;
67.000000 ;-26.884395 ;-20.651408 ;
67.100000 ;-26.874366 ;-20.649225 ;
67.200000 ;-26.890152 ;-20.649459 ;
67.300000 ;-26.888539 ;-20.648106 ;
67.400000 ;-26.881479 ;-20.646272 ;
67.500000 ;-26.886486 ;-20.645579 ;
67.600000 ;-26.887802 ;-20.644568 ;
67.700000 ;-26.882433 ;-20.642961 ;
67.800000 ;-26.884627 ;-20.642076 ;
67.900000 ;-26.891455 ;-20.641642 ;
68.000000 ;-26.886239 ;-20.640114 ;
68.100000 ;-26.877601 ;-20.638290 ;
68.200000 ;-26.883430 ;-20.637826 ;
68.300000 ;-26.898759 ;-20.638261 ;
68.400000 ;-26.895339 ;-20.636980 ;
68.500000 ;-26.869582 ;-20.633651 ;
68.600000 ;-26.871359 ;-20.632889 ;
68.700000 ;-26.904481 ;-20.635048 ;
68.800000 ;-26.915747 ;-20.635200 ;
68.900000 ;-26.884612 ;-20.631444 ;
69.000000 ;-26.883737 ;-20.630508 ;
69.100000 ;-26.911547 ;-20.632245 ;
69.200000 ;-26.903742 ;-20.630700 ;
69.300000 ;-26.893783 ;-20.628970 ;
69.400000 ;-26.901293 ;-20.628874 ;
69.500000 ;-26.900026 ;-20.627980 ;
69.600000 ;-26.894883 ;-20.626742 ;
69.700000 ;-26.898422 ;-20.626322 ;
69.800000 ;-26.901168 ;-20.625843 ;
69.900000 ;-26.894202 ;-20.624479 ;
70.000000 ;-26.893201 ;-20.623680 ;
70.100000 ;-26.901520 ;-20.623758 ;
70.200000 ;-26.905291 ;-20.623427 ;
70.300000 ;-26.887904 ;-20.621152 ;
70.400000 ;-26.880583 ;-20.619821 ;
70.500000 ;-26.898833 ;-20.620868 ;
70.600000 ;-26.921109 ;-20.622299 ;
70.700000 ;-26.900300 ;-20.619755 ;
70.800000 ;-26.875493 ;-20.616854 ;
70.900000 ;-26.895912 ;-20.618150 ;
71.000000 ;-26.930059 ;-20.620727 ;
71.100000 ;-26.908816 ;-20.618187 ;
71.200000 ;-26.897510 ;-20.616577 ;
71.300000 ;-26.912195 ;-20.617384 ;
71.400000 ;-26.908741 ;-20.616521 ;
71.500000 ;-26.902042 ;-20.615367 ;
71.600000 ;-26.906400 ;-20.615246 ;
71.700000 ;-26.905783 ;-20.614674 ;
71.800000 ;-26.900614 ;-20.613690 ;
71.900000 ;-26.902904 ;-20.613405 ;
72.000000 ;-26.908537 ;-20.613438 ;
72.100000 ;-26.901579 ;-20.612315 ;
72.200000 ;-26.892831 ;-20.611035 ;
72.300000 ;-26.899089 ;-20.611151 ;
72.400000 ;-26.914426 ;-20.612114 ;
72.500000 ;-26.909830 ;-20.611242 ;
72.600000 ;-26.881089 ;-20.608145 ;
72.700000 ;-26.882075 ;-20.607805 ;
72.800000 ;-26.917819 ;-20.610689 ;
72.900000 ;-26.931939 ;-20.611577 ;
73.000000 ;-26.897858 ;-20.608013 ;
73.100000 ;-26.895051 ;-20.607352 ;
73.200000 ;-26.923423 ;-20.609583 ;
73.300000 ;-26.915167 ;-20.608430 ;
73.400000 ;-26.905007 ;-20.607106 ;
73.500000 ;-26.911592 ;-20.607338 ;
73.600000 ;-26.909060 ;-20.606733 ;
73.700000 ;-26.904318 ;-20.605929 ;
73.800000 ;-26.907655 ;-20.605878 ;
73.900000 ;-26.909058 ;-20.605654 ;
74.000000 ;-26.901935 ;-20.604647 ;
74.100000 ;-26.901274 ;-20.604244 ;
74.200000 ;-26.909370 ;-20.604655 ;
74.300000 ;-26.912119 ;-20.604578 ;
74.400000 ;-26.893243 ;-20.602506 ;
74.500000 ;-26.885458 ;-20.601465 ;
74.600000 ;-26.904599 ;-20.602919 ;
74.700000 ;-26.928507 ;-20.604819 ;
74.800000 ;-26.907237 ;-20.602544 ;
74.900000 ;-26.879023 ;-20.599633 ;
75.000000 ;-26.899206 ;-20.601205 ;
75.100000 ;-26.936635 ;-20.604377 ;
75.200000 ;-26.915274 ;-20.602112 ;
75.300000 ;-26.902533 ;-20.600649 ;
75.400000 ;-26.916405 ;-20.601653 ;
75.500000 ;-26.912381 ;-20.601005 ;
75.600000 ;-26.905918 ;-20.600135 ;
75.700000 ;-26.909834 ;-20.600229 ;
75.800000 ;-26.908372 ;-20.599829 ;
75.900000 ;-26.903496 ;-20.599117 ;
76.000000 ;-26.905854 ;-20.599078 ;
76.100000 ;-26.910834 ;-20.599285 ;
76.200000 ;-26.903082 ;-20.598318 ;
76.300000 ;-26.894347 ;-20.597264 ;
76.400000 ;-26.900859 ;-20.597623 ;
76.500000 ;-26.916364 ;-20.598817 ;
76.600000 ;-26.911652 ;-20.598145 ;
76.700000 ;-26.880716 ;-20.595051 ;
76.800000 ;-26.880574 ;-20.594809 ;
76.900000 ;-26.918223 ;-20.598066 ;
77.000000 ;-26.936008 ;-20.599486 ;
77.100000 ;-26.899823 ;-20.595917 ;
77.200000 ;-26.894831 ;-20.595238 ;
77.300000 ;-26.923794 ;-20.597705 ;
77.400000 ;-26.916071 ;-20.596779 ;
77.500000 ;-26.905525 ;-20.595594 ;
77.600000 ;-26.911450 ;-20.595935 ;
77.700000 ;-26.908486 ;-20.595456 ;
77.800000 ;-26.904001 ;-20.594838 ;
77.900000 ;-26.907185 ;-20.594933 ;
78.000000 ;-26.907964 ;-20.594807 ;
78.100000 ;-26.900906 ;-20.593959 ;
78.200000 ;-26.900444 ;-20.593724 ;
78.300000 ;-26.908388 ;-20.594267 ;
78.400000 ;-26.910729 ;-20.594295 ;
78.500000 ;-26.891071 ;-20.592292 ;
78.600000 ;-26.882805 ;-20.591344 ;
78.700000 ;-26.902368 ;-20.592972 ;
78.800000 ;-26.927698 ;-20.595134 ;
78.900000 ;-26.914134 ;-20.593702 ;
79.000000 ;-26.902091 ;-20.592412 ;
79.100000 ;-26.910843 ;-20.593048 ;
79.200000 ;-26.909385 ;-20.592742 ;
79.300000 ;-26.903694 ;-20.592046 ;
79.400000 ;-26.906324 ;-20.592121 ;
79.500000 ;-26.906357 ;-20.591958 ;
79.600000 ;-26.900710 ;-20.591271 ;
79.700000 ;-26.901382 ;-20.591171 ;
79.800000 ;-26.907704 ;-20.591594 ;
79.900000 ;-26.907376 ;-20.591404 ;
80.000000 ;-26.905402 ;-20.591064 ;
