0.000000 ;-27.500000 ;-20.600000 ;
0.100000 ;-27.494316 ;-20.731533 ;
0.200000 ;-27.373169 ;-20.809157 ;
0.300000 ;-27.211599 ;-20.849714 ;
0.400000 ;-27.069396 ;-20.866782 ;
0.500000 ;-26.939271 ;-20.866211 ;
0.600000 ;-26.834307 ;-20.854353 ;
0.700000 ;-26.745638 ;-20.834263 ;
0.800000 ;-26.669540 ;-20.808587 ;
0.900000 ;-26.612978 ;-20.780442 ;
1.000000 ;-26.567124 ;-20.750645 ;
1.100000 ;-26.524247 ;-20.719587 ;
1.200000 ;-26.487015 ;-20.688536 ;
1.300000 ;-26.469914 ;-20.659701 ;
1.400000 ;-26.466396 ;-20.632866 ;
1.500000 ;-26.446508 ;-20.605566 ;
1.600000 ;-26.407302 ;-20.577727 ;
1.700000 ;-26.374975 ;-20.551852 ;
1.800000 ;-26.383266 ;-20.531067 ;
1.900000 ;-26.385457 ;-20.511227 ;
2.000000 ;-26.371262 ;-20.491411 ;
2.100000 ;-26.370390 ;-20.474138 ;
2.200000 ;-26.370395 ;-20.458282 ;
2.300000 ;-26.364981 ;-20.443233 ;
2.400000 ;-26.364589 ;-20.429820 ;
2.500000 ;-26.367161 ;-20.417792 ;
2.600000 ;-26.364207 ;-20.406344 ;
2.700000 ;-26.357942 ;-20.395592 ;
2.800000 ;-26.362136 ;-20.386646 ;
2.900000 ;-26.378461 ;-20.379580 ;
3.000000 ;-26.379359 ;-20.371973 ;
3.100000 ;-26.359511 ;-20.363308 ;
3.200000 ;-26.340601 ;-20.355380 ;
3.300000 ;-26.355320 ;-20.350925 ;
3.400000 ;-26.365649 ;-20.346649 ;
3.500000 ;-26.357946 ;-20.341341 ;
3.600000 ;-26.360198 ;-20.337342 ;
3.700000 ;-26.366176 ;-20.334083 ;
3.800000 ;-26.364585 ;-20.330562 ;
3.900000 ;-26.364960 ;-20.327558 ;
4.000000 ;-26.371396 ;-20.325389 ;
4.100000 ;-26.372241 ;-20.323032 ;
4.200000 ;-26.366932 ;-20.320413 ;
4.300000 ;-26.367774 ;-20.318555 ;
4.400000 ;-26.384999 ;-20.318307 ;
4.500000 ;-26.391088 ;-20.317306 ;
4.600000 ;-26.375295 ;-20.314615 ;
4.700000 ;-26.355478 ;-20.311740 ;
4.800000 ;-26.367317 ;-20.311703 ;
4.900000 ;-26.379651 ;-20.311835 ;
5.000000 ;-26.372941 ;-20.310460 ;
5.100000 ;-26.372522 ;-20.309724 ;
5.200000 ;-26.379895 ;-20.309743 ;
5.300000 ;-26.379095 ;-20.309147 ;
5.400000 ;-26.377375 ;-20.308545 ;
5.500000 ;-26.384143 ;-20.308731 ;
5.600000 ;-26.386548 ;-20.308601 ;
5.700000 ;-26.381326 ;-20.307873 ;
5.800000 ;-26.379077 ;-20.307442 ;
5.900000 ;-26.394539 ;-20.308558 ;
6.000000 ;-26.403226 ;-20.309131 ;
6.100000 ;-26.390369 ;-20.307899 ;
6.200000 ;-26.370155 ;-20.306065 ;
6.300000 ;-26.378678 ;-20.306700 ;
6.400000 ;-26.392022 ;-20.307764 ;
6.500000 ;-26.386240 ;-20.307215 ;
6.600000 ;-26.382970 ;-20.306894 ;
6.700000 ;-26.391126 ;-20.307556 ;
6.800000 ;-26.391166 ;-20.307536 ;
6.900000 ;-26.387639 ;-20.307219 ;
7.000000 ;-26.393949 ;-20.307745 ;
7.100000 ;-26.397762 ;-20.308063 ;
7.200000 ;-26.392948 ;-20.307649 ;
7.300000 ;-26.388393 ;-20.307259 ;
7.400000 ;-26.401505 ;-20.308374 ;
7.500000 ;-26.412311 ;-20.309294 ;
7.600000 ;-26.402169 ;-20.308429 ;
7.700000 ;-26.381787 ;-20.306691 ;
7.800000 ;-26.389824 ;-20.307371 ;
7.900000 ;-26.421537 ;-20.310065 ;
8.000000 ;-26.417256 ;-20.309694 ;
8.100000 ;-26.379706 ;-20.306489 ;
8.200000 ;-26.379000 ;-20.306416 ;
8.300000 ;-26.405081 ;-20.308621 ;
8.400000 ;-26.400060 ;-20.308175 ;
8.500000 ;-26.386395 ;-20.306991 ;
8.600000 ;-26.398974 ;-20.308037 ;
8.700000 ;-26.401454 ;-20.308221 ;
8.800000 ;-26.396903 ;-20.307802 ;
8.900000 ;-26.402672 ;-20.308260 ;
9.000000 ;-26.405495 ;-20.308464 ;
9.100000 ;-26.401381 ;-20.308074 ;
9.200000 ;-26.401213 ;-20.308017 ;
9.300000 ;-26.411084 ;-20.308814 ;
9.400000 ;-26.413096 ;-20.308938 ;
9.500000 ;-26.402996 ;-20.308029 ;
9.600000 ;-26.395372 ;-20.307328 ;
9.700000 ;-26.401364 ;-20.307785 ;
9.800000 ;-26.404250 ;-20.307976 ;
9.900000 ;-26.403542 ;-20.359622 ;
10.000000 ;-26.360501 ;-20.663721 ;
10.100000 ;-26.235756 ;-21.071231 ;
10.200000 ;-26.024581 ;-21.483920 ;
10.300000 ;-25.739898 ;-21.864347 ;
10.400000 ;-25.404384 ;-22.200326 ;
10.500000 ;-25.038536 ;-22.488996 ;
10.600000 ;-24.661181 ;-22.731936 ;
10.700000 ;-24.287458 ;-22.932635 ;
10.800000 ;-23.927534 ;-23.095319 ;
10.900000 ;-23.584625 ;-23.224236 ;
11.000000 ;-23.275960 ;-23.324993 ;
11.100000 ;-22.985107 ;-23.400386 ;
11.200000 ;-22.715277 ;-23.454676 ;
11.300000 ;-22.495110 ;-23.493758 ;
11.400000 ;-22.292633 ;-23.518333 ;
11.500000 ;-22.092046 ;-23.530108 ;
11.600000 ;-21.935035 ;-23.534885 ;
11.700000 ;-21.799534 ;-23.533012 ;
11.800000 ;-21.660010 ;-23.524307 ;
11.900000 ;-21.550634 ;-23.512955 ;
12.000000 ;-21.457467 ;-23.499068 ;
12.100000 ;-21.361449 ;-23.482184 ;
12.200000 ;-21.286982 ;-23.464994 ;
12.300000 ;-21.225705 ;-23.447477 ;
12.400000 ;-21.156842 ;-23.428554 ;
12.500000 ;-21.103682 ;-23.410419 ;
12.600000 ;-21.066865 ;-23.393410 ;
12.700000 ;-21.018800 ;-23.375624 ;
12.800000 ;-20.974476 ;-23.358416 ;
12.900000 ;-20.951697 ;-23.343290 ;
13.000000 ;-20.926977 ;-23.328489 ;
13.100000 ;-20.887096 ;-23.313048 ;
13.200000 ;-20.866332 ;-23.299702 ;
13.300000 ;-20.858257 ;-23.287957 ;
13.400000 ;-20.828831 ;-23.275134 ;
13.500000 ;-20.806865 ;-23.263512 ;
13.600000 ;-20.802486 ;-23.253874 ;
13.700000 ;-20.785255 ;-23.243798 ;
13.800000 ;-20.764661 ;-23.234019 ;
13.900000 ;-20.759982 ;-23.226032 ;
14.000000 ;-20.751999 ;-23.218295 ;
14.100000 ;-20.732764 ;-23.210159 ;
14.200000 ;-20.726773 ;-23.203529 ;
14.300000 ;-20.727253 ;-23.197843 ;
14.400000 ;-20.710185 ;-23.191185 ;
14.500000 ;-20.699474 ;-23.185416 ;
14.600000 ;-20.704281 ;-23.181229 ;
14.700000 ;-20.698030 ;-23.176511 ;
14.800000 ;-20.680447 ;-23.171219 ;
14.900000 ;-20.681375 ;-23.167682 ;
15.000000 ;-20.688618 ;-23.164918 ;
15.100000 ;-20.671893 ;-23.160526 ;
15.200000 ;-20.664650 ;-23.157121 ;
15.300000 ;-20.673732 ;-23.155224 ;
15.400000 ;-20.665941 ;-23.152209 ;
15.500000 ;-20.654894 ;-23.149132 ;
15.600000 ;-20.659911 ;-23.147497 ;
15.700000 ;-20.659159 ;-23.145576 ;
15.800000 ;-20.647411 ;-23.142947 ;
15.900000 ;-20.648672 ;-23.141483 ;
16.000000 ;-20.653754 ;-23.140452 ;
16.100000 ;-20.641959 ;-23.138220 ;
16.200000 ;-20.638175 ;-23.136731 ;
16.300000 ;-20.646944 ;-23.136333 ;
16.400000 ;-20.641875 ;-23.134947 ;
16.500000 ;-20.630028 ;-23.133120 ;
16.600000 ;-20.636181 ;-23.132789 ;
16.700000 ;-20.644801 ;-23.132729 ;
16.800000 ;-20.629920 ;-23.130897 ;
16.900000 ;-20.626687 ;-23.130044 ;
17.000000 ;-20.639626 ;-23.130521 ;
17.100000 ;-20.633332 ;-23.129546 ;
17.200000 ;-20.623846 ;-23.128372 ;
17.300000 ;-20.631890 ;-23.128621 ;
17.400000 ;-20.633230 ;-23.128388 ;
17.500000 ;-20.622961 ;-23.127286 ;
17.600000 ;-20.626194 ;-23.127279 ;
17.700000 ;-20.632031 ;-23.127511 ;
17.800000 ;-20.621962 ;-23.126529 ;
17.900000 ;-20.620833 ;-23.126276 ;
18.000000 ;-20.629890 ;-23.126847 ;
18.100000 ;-20.623846 ;-23.126261 ;
18.200000 ;-20.615527 ;-23.125520 ;
18.300000 ;-20.623794 ;-23.126098 ;
18.400000 ;-20.630274 ;-23.126556 ;
18.500000 ;-20.616007 ;-23.125406 ;
18.600000 ;-20.615650 ;-23.125362 ;
18.700000 ;-20.630121 ;-23.126494 ;
18.800000 ;-20.623078 ;-23.125955 ;
18.900000 ;-20.613874 ;-23.125260 ;
19.000000 ;-20.624026 ;-23.126091 ;
19.100000 ;-20.626542 ;-23.126336 ;
19.200000 ;-20.615956 ;-23.125564 ;
19.300000 ;-20.620043 ;-23.125949 ;
19.400000 ;-20.626427 ;-23.126523 ;
19.500000 ;-20.616982 ;-23.125865 ;
19.600000 ;-20.617047 ;-23.125958 ;
19.700000 ;-20.625648 ;-23.126726 ;
19.800000 ;-20.618839 ;-23.126293 ;
19.900000 ;-20.613299 ;-23.125965 ;
20.000000 ;-20.622243 ;-23.126775 ;
20.100000 ;-20.625320 ;-23.127130 ;
20.200000 ;-20.612363 ;-23.126234 ;
20.300000 ;-20.614878 ;-23.126553 ;
20.400000 ;-20.629113 ;-23.127793 ;
20.500000 ;-20.620081 ;-23.127215 ;
20.600000 ;-20.611592 ;-23.126682 ;
20.700000 ;-20.623856 ;-23.127775 ;
20.800000 ;-20.626929 ;-23.128152 ;
20.900000 ;-20.615177 ;-23.127371 ;
21.000000 ;-20.619961 ;-23.127885 ;
21.100000 ;-20.627524 ;-23.128619 ;
21.200000 ;-20.617843 ;-23.128005 ;
21.300000 ;-20.618296 ;-23.128186 ;
21.400000 ;-20.626630 ;-23.128984 ;
21.500000 ;-20.619547 ;-23.128577 ;
21.600000 ;-20.615941 ;-23.128444 ;
21.700000 ;-20.624703 ;-23.129278 ;
21.800000 ;-20.624517 ;-23.129414 ;
21.900000 ;-20.613862 ;-23.128731 ;
22.000000 ;-20.618810 ;-23.129270 ;
22.100000 ;-20.630982 ;-23.130375 ;
22.200000 ;-20.619660 ;-23.129642 ;
22.300000 ;-20.613143 ;-23.129286 ;
22.400000 ;-20.627320 ;-23.130549 ;
22.500000 ;-20.629678 ;-23.130888 ;
22.600000 ;-20.616570 ;-23.130017 ;
22.700000 ;-20.622397 ;-23.130628 ;
22.800000 ;-20.631867 ;-23.131525 ;
22.900000 ;-20.621129 ;-23.130840 ;
23.000000 ;-20.621447 ;-23.131021 ;
23.100000 ;-20.630211 ;-23.131862 ;
23.200000 ;-20.623027 ;-23.131456 ;
23.300000 ;-20.620405 ;-23.131407 ;
23.400000 ;-20.628686 ;-23.132211 ;
23.500000 ;-20.626256 ;-23.132178 ;
23.600000 ;-20.618257 ;-23.131708 ;
23.700000 ;-20.624639 ;-23.132364 ;
23.800000 ;-20.633358 ;-23.133202 ;
23.900000 ;-20.620798 ;-23.132376 ;
24.000000 ;-20.617514 ;-23.132275 ;
24.100000 ;-20.632595 ;-23.133612 ;
24.200000 ;-20.632338 ;-23.133748 ;
24.300000 ;-20.618541 ;-23.132825 ;
24.400000 ;-20.626153 ;-23.133577 ;
24.500000 ;-20.637664 ;-23.134634 ;
24.600000 ;-20.625198 ;-23.133815 ;
24.700000 ;-20.625102 ;-23.133963 ;
24.800000 ;-20.635322 ;-23.134918 ;
24.900000 ;-20.627890 ;-23.134493 ;
25.000000 ;-20.625327 ;-23.134448 ;
25.100000 ;-20.633347 ;-23.135231 ;
25.200000 ;-20.629836 ;-23.135112 ;
25.300000 ;-20.623966 ;-23.134808 ;
25.400000 ;-20.630754 ;-23.135493 ;
25.500000 ;-20.635562 ;-23.136024 ;
25.600000 ;-20.623804 ;-23.135260 ;
25.700000 ;-20.624063 ;-23.135434 ;
25.800000 ;-20.638248 ;-23.136698 ;
25.900000 ;-20.633854 ;-23.136509 ;
26.000000 ;-20.621045 ;-23.135661 ;
26.100000 ;-20.631180 ;-23.136608 ;
26.200000 ;-20.643511 ;-23.137727 ;
26.300000 ;-20.628910 ;-23.136738 ;
26.400000 ;-20.628570 ;-23.136865 ;
26.500000 ;-20.641371 ;-23.138019 ;
26.600000 ;-20.633461 ;-23.137554 ;
26.700000 ;-20.630065 ;-23.137441 ;
26.800000 ;-20.638439 ;-23.138248 ;
26.900000 ;-20.634668 ;-23.138106 ;
27.000000 ;-20.629889 ;-23.137884 ;
27.100000 ;-20.636496 ;-23.138552 ;
27.200000 ;-20.638203 ;-23.138837 ;
27.300000 ;-20.628676 ;-23.138244 ;
27.400000 ;-20.631570 ;-23.138621 ;
27.500000 ;-20.643104 ;-23.139674 ;
27.600000 ;-20.634712 ;-23.139168 ;
27.700000 ;-20.625109 ;-23.138567 ;
27.800000 ;-20.637632 ;-23.139697 ;
27.900000 ;-20.647969 ;-23.140656 ;
28.000000 ;-20.631395 ;-23.139509 ;
28.100000 ;-20.631802 ;-23.139691 ;
28.200000 ;-20.647881 ;-23.141098 ;
28.300000 ;-20.639239 ;-23.140571 ;
28.400000 ;-20.634183 ;-23.140324 ;
28.500000 ;-20.643825 ;-23.141227 ;
28.600000 ;-20.640358 ;-23.141104 ;
28.700000 ;-20.635472 ;-23.140870 ;
28.800000 ;-20.641825 ;-23.141514 ;
28.900000 ;-20.641896 ;-23.141667 ;
29.000000 ;-20.634590 ;-23.141243 ;
29.100000 ;-20.638730 ;-23.141713 ;
29.200000 ;-20.646816 ;-23.142492 ;
29.300000 ;-20.636503 ;-23.141831 ;
29.400000 ;-20.631460 ;-23.141583 ;
29.500000 ;-20.644801 ;-23.142772 ;
29.600000 ;-20.650030 ;-23.143326 ;
29.700000 ;-20.632773 ;-23.142121 ;
29.800000 ;-20.635685 ;-23.142494 ;
29.900000 ;-20.654401 ;-23.144103 ;
30.000000 ;-20.644346 ;-23.143461 ;
30.100000 ;-20.637232 ;-23.143048 ;
30.200000 ;-20.649268 ;-23.144133 ;
30.300000 ;-20.646812 ;-23.144085 ;
30.400000 ;-20.640502 ;-23.143734 ;
30.500000 ;-20.646864 ;-23.144374 ;
30.600000 ;-20.646671 ;-23.144502 ;
30.700000 ;-20.640583 ;-23.144168 ;
30.800000 ;-20.644935 ;-23.144650 ;
30.900000 ;-20.649895 ;-23.145179 ;
31.000000 ;-20.640293 ;-23.144569 ;
31.100000 ;-20.639259 ;-23.144629 ;
31.200000 ;-20.651214 ;-23.145704 ;
31.300000 ;-20.650049 ;-23.145753 ;
31.400000 ;-20.634828 ;-23.144703 ;
31.500000 ;-20.641575 ;-23.145370 ;
31.600000 ;-20.660175 ;-23.146965 ;
31.700000 ;-20.647357 ;-23.146101 ;
31.800000 ;-20.639033 ;-23.145588 ;
31.900000 ;-20.654579 ;-23.146943 ;
32.000000 ;-20.653948 ;-23.147032 ;
32.100000 ;-20.644770 ;-23.146452 ;
32.200000 ;-20.651567 ;-23.147121 ;
32.300000 ;-20.652438 ;-23.147326 ;
32.400000 ;-20.646182 ;-23.146974 ;
32.500000 ;-20.650248 ;-23.147428 ;
32.600000 ;-20.653297 ;-23.147802 ;
32.700000 ;-20.645573 ;-23.147334 ;
32.800000 ;-20.646810 ;-23.147566 ;
32.900000 ;-20.656042 ;-23.148423 ;
33.000000 ;-20.649999 ;-23.148085 ;
33.100000 ;-20.639650 ;-23.147410 ;
33.200000 ;-20.649475 ;-23.148312 ;
33.300000 ;-20.663838 ;-23.149570 ;
33.400000 ;-20.647522 ;-23.148427 ;
33.500000 ;-20.640649 ;-23.148022 ;
33.600000 ;-20.660078 ;-23.149675 ;
33.700000 ;-20.660889 ;-23.149872 ;
33.800000 ;-20.647737 ;-23.148975 ;
33.900000 ;-20.655558 ;-23.149718 ;
34.000000 ;-20.659413 ;-23.150152 ;
34.100000 ;-20.651371 ;-23.149654 ;
34.200000 ;-20.654883 ;-23.150059 ;
34.300000 ;-20.657695 ;-23.150409 ;
34.400000 ;-20.651212 ;-23.150033 ;
34.500000 ;-20.653146 ;-23.150313 ;
34.600000 ;-20.659721 ;-23.150957 ;
34.700000 ;-20.652066 ;-23.150487 ;
34.800000 ;-20.647002 ;-23.150220 ;
34.900000 ;-20.657334 ;-23.151156 ;
35.000000 ;-20.664482 ;-23.151843 ;
35.100000 ;-20.646760 ;-23.150585 ;
35.200000 ;-20.644688 ;-23.150550 ;
35.300000 ;-20.666208 ;-23.152361 ;
35.400000 ;-20.665312 ;-23.152418 ;
35.500000 ;-20.648573 ;-23.151235 ;
35.600000 ;-20.658514 ;-23.152139 ;
35.700000 ;-20.667876 ;-23.152998 ;
35.800000 ;-20.656226 ;-23.152212 ;
35.900000 ;-20.658761 ;-23.152535 ;
36.000000 ;-20.663277 ;-23.153013 ;
36.100000 ;-20.656667 ;-23.152621 ;
36.200000 ;-20.658289 ;-23.152872 ;
36.300000 ;-20.663207 ;-23.153380 ;
36.400000 ;-20.656296 ;-23.152963 ;
36.500000 ;-20.654634 ;-23.152956 ;
36.600000 ;-20.663342 ;-23.153759 ;
36.700000 ;-20.663356 ;-23.153883 ;
36.800000 ;-20.648859 ;-23.152871 ;
36.900000 ;-20.652560 ;-23.153282 ;
37.000000 ;-20.671831 ;-23.154911 ;
37.100000 ;-20.665043 ;-23.154501 ;
37.200000 ;-20.647659 ;-23.153262 ;
37.300000 ;-20.661443 ;-23.154461 ;
37.400000 ;-20.676855 ;-23.155788 ;
37.500000 ;-20.660255 ;-23.154609 ;
37.600000 ;-20.661243 ;-23.154806 ;
37.700000 ;-20.670474 ;-23.155647 ;
37.800000 ;-20.662145 ;-23.155115 ;
37.900000 ;-20.662542 ;-23.155264 ;
38.000000 ;-20.667284 ;-23.155753 ;
38.100000 ;-20.661375 ;-23.155409 ;
38.200000 ;-20.660973 ;-23.155495 ;
38.300000 ;-20.667611 ;-23.156131 ;
38.400000 ;-20.663631 ;-23.155937 ;
38.500000 ;-20.654932 ;-23.155373 ;
38.600000 ;-20.661789 ;-23.156025 ;
38.700000 ;-20.674747 ;-23.157154 ;
38.800000 ;-20.661417 ;-23.156227 ;
38.900000 ;-20.648600 ;-23.155339 ;
39.000000 ;-20.666729 ;-23.156873 ;
39.100000 ;-20.682934 ;-23.158257 ;
39.200000 ;-20.661646 ;-23.156705 ;
39.300000 ;-20.661526 ;-23.156810 ;
39.400000 ;-20.678524 ;-23.158254 ;
39.500000 ;-20.668219 ;-23.157562 ;
39.600000 ;-20.665895 ;-23.157493 ;
39.700000 ;-20.672355 ;-23.158110 ;
39.800000 ;-20.666586 ;-23.157774 ;
39.900000 ;-20.665876 ;-23.157832 ;
40.000000 ;-20.671364 ;-23.158360 ;
40.100000 ;-20.669684 ;-23.158291 ;
40.200000 ;-20.669920 ;-23.158349 ;
40.300000 ;-20.673312 ;-23.158649 ;
40.400000 ;-20.674929 ;-23.158783 ;
40.500000 ;-20.677808 ;-23.159027 ;
40.600000 ;-20.681239 ;-23.159338 ;
40.700000 ;-20.685184 ;-23.159721 ;
40.800000 ;-20.690324 ;-23.160236 ;
40.900000 ;-20.695448 ;-23.160797 ;
41.000000 ;-20.700568 ;-23.161410 ;
41.100000 ;-20.708120 ;-23.162257 ;
41.200000 ;-20.716882 ;-23.163246 ;
41.300000 ;-20.718748 ;-23.163771 ;
41.400000 ;-20.719912 ;-23.164302 ;
41.500000 ;-20.735515 ;-23.165984 ;
41.600000 ;-20.761792 ;-23.168520 ;
41.700000 ;-20.775795 ;-23.170154 ;
41.800000 ;-20.776069 ;-23.170775 ;
41.900000 ;-20.792267 ;-23.172681 ;
42.000000 ;-20.809740 ;-23.174712 ;
42.100000 ;-20.820150 ;-23.176211 ;
42.200000 ;-20.838756 ;-23.178362 ;
42.300000 ;-20.856909 ;-23.180478 ;
42.400000 ;-20.869950 ;-23.182192 ;
42.500000 ;-20.892378 ;-23.184613 ;
42.600000 ;-20.921164 ;-23.187488 ;
42.700000 ;-20.934852 ;-23.189129 ;
42.800000 ;-20.946679 ;-23.190562 ;
42.900000 ;-20.984066 ;-23.193925 ;
43.000000 ;-21.030310 ;-23.197873 ;
43.100000 ;-21.039452 ;-23.198737 ;
43.200000 ;-21.054538 ;-23.199930 ;
43.300000 ;-21.108233 ;-23.204050 ;
43.400000 ;-21.147432 ;-23.206793 ;
43.500000 ;-21.163626 ;-23.207451 ;
43.600000 ;-21.203612 ;-23.209775 ;
43.700000 ;-21.241862 ;-23.211668 ;
43.800000 ;-21.271831 ;-23.212574 ;
43.900000 ;-21.313223 ;-23.214055 ;
44.000000 ;-21.352600 ;-23.214993 ;
44.100000 ;-21.387523 ;-23.215166 ;
44.200000 ;-21.432702 ;-23.215722 ;
44.300000 ;-21.480988 ;-23.216051 ;
44.400000 ;-21.514491 ;-23.214677 ;
44.500000 ;-21.555702 ;-23.213402 ;
44.600000 ;-21.615229 ;-23.213053 ;
44.700000 ;-21.667969 ;-23.211543 ;
44.800000 ;-21.696148 ;-23.207379 ;
44.900000 ;-21.745707 ;-23.204349 ;
45.000000 ;-21.818300 ;-23.202558 ;
45.100000 ;-21.862857 ;-23.197712 ;
45.200000 ;-21.901231 ;-23.191626 ;
45.300000 ;-21.964269 ;-23.186873 ;
45.400000 ;-22.019897 ;-23.180725 ;
45.500000 ;-22.064073 ;-23.172830 ;
45.600000 ;-22.121934 ;-23.165298 ;
45.700000 ;-22.178763 ;-23.156867 ;
45.800000 ;-22.226557 ;-23.146858 ;
45.900000 ;-22.283870 ;-23.136832 ;
46.000000 ;-22.345736 ;-23.126360 ;
46.100000 ;-22.393348 ;-23.113847 ;
46.200000 ;-22.444980 ;-23.100853 ;
46.300000 ;-22.511340 ;-23.088288 ;
46.400000 ;-22.573218 ;-23.074513 ;
46.500000 ;-22.613282 ;-23.058053 ;
46.600000 ;-22.668199 ;-23.042079 ;
46.700000 ;-22.743674 ;-23.027093 ;
46.800000 ;-22.800159 ;-23.009682 ;
46.900000 ;-22.839703 ;-22.990043 ;
47.000000 ;-22.902496 ;-22.971699 ;
47.100000 ;-22.973004 ;-22.953308 ;
47.200000 ;-23.016570 ;-22.931868 ;
47.300000 ;-23.069468 ;-22.910577 ;
47.400000 ;-23.134379 ;-22.889694 ;
47.500000 ;-23.184195 ;-22.866869 ;
47.600000 ;-23.234240 ;-22.843479 ;
47.700000 ;-23.294921 ;-22.820459 ;
47.800000 ;-23.349755 ;-22.796395 ;
47.900000 ;-23.394537 ;-22.770953 ;
48.000000 ;-23.449742 ;-22.745959 ;
48.100000 ;-23.512697 ;-22.721206 ;
48.200000 ;-23.558814 ;-22.694567 ;
48.300000 ;-23.598734 ;-22.667015 ;
48.400000 ;-23.657736 ;-22.640806 ;
48.500000 ;-23.724573 ;-22.614979 ;
48.600000 ;-23.762629 ;-22.586333 ;
48.700000 ;-23.800070 ;-22.557393 ;
48.800000 ;-23.862585 ;-22.530462 ;
48.900000 ;-23.923113 ;-22.503172 ;
49.000000 ;-23.955194 ;-22.473212 ;
49.100000 ;-24.000847 ;-22.444336 ;
49.200000 ;-24.060003 ;-22.416566 ;
49.300000 ;-24.099904 ;-22.387027 ;
49.400000 ;-24.139426 ;-22.357421 ;
49.500000 ;-24.190865 ;-22.328862 ;
49.600000 ;-24.236223 ;-22.299782 ;
49.700000 ;-24.271504 ;-22.269856 ;
49.800000 ;-24.316199 ;-22.240830 ;
49.900000 ;-24.367232 ;-22.212455 ;
50.000000 ;-24.402735 ;-22.182820 ;
50.100000 ;-24.434231 ;-22.152967 ;
50.200000 ;-24.481583 ;-22.124671 ;
50.300000 ;-24.534932 ;-22.097078 ;
50.400000 ;-24.562961 ;-22.067439 ;
50.500000 ;-24.588300 ;-22.037775 ;
50.600000 ;-24.638049 ;-22.010496 ;
50.700000 ;-24.693013 ;-21.983919 ;
50.800000 ;-24.713994 ;-21.954594 ;
50.900000 ;-24.741604 ;-21.926128 ;
51.000000 ;-24.791485 ;-21.899912 ;
51.100000 ;-24.829247 ;-21.872919 ;
51.200000 ;-24.851758 ;-21.844887 ;
51.300000 ;-24.888268 ;-21.818405 ;
51.400000 ;-24.929197 ;-21.792638 ;
51.500000 ;-24.953430 ;-21.765733 ;
51.600000 ;-24.982761 ;-21.739618 ;
51.700000 ;-25.021620 ;-21.714689 ;
51.800000 ;-25.051795 ;-21.689350 ;
51.900000 ;-25.072438 ;-21.663534 ;
52.000000 ;-25.104197 ;-21.639059 ;
52.100000 ;-25.144925 ;-21.615739 ;
52.200000 ;-25.169664 ;-21.591387 ;
52.300000 ;-25.182457 ;-21.566363 ;
52.400000 ;-25.214377 ;-21.543395 ;
52.500000 ;-25.261079 ;-21.522103 ;
52.600000 ;-25.283305 ;-21.499044 ;
52.700000 ;-25.290595 ;-21.475059 ;
52.800000 ;-25.322896 ;-21.453649 ;
52.900000 ;-25.367974 ;-21.433740 ;
53.000000 ;-25.381107 ;-21.411414 ;
53.100000 ;-25.396278 ;-21.389649 ;
53.200000 ;-25.430110 ;-21.369897 ;
53.300000 ;-25.455230 ;-21.349761 ;
53.400000 ;-25.468788 ;-21.328993 ;
53.500000 ;-25.493314 ;-21.309557 ;
53.600000 ;-25.521976 ;-21.290855 ;
53.700000 ;-25.535974 ;-21.271244 ;
53.800000 ;-25.553000 ;-21.252265 ;
53.900000 ;-25.580875 ;-21.234596 ;
54.000000 ;-25.605591 ;-21.217013 ;
54.100000 ;-25.612513 ;-21.198238 ;
54.200000 ;-25.627739 ;-21.180542 ;
54.300000 ;-25.660199 ;-21.164695 ;
54.400000 ;-25.688580 ;-21.148840 ;
54.500000 ;-25.687376 ;-21.130756 ;
54.600000 ;-25.697076 ;-21.113959 ;
54.700000 ;-25.733895 ;-21.099855 ;
54.800000 ;-25.763908 ;-21.085489 ;
54.900000 ;-25.760404 ;-21.068537 ;
55.000000 ;-25.773507 ;-21.053350 ;
55.100000 ;-25.806394 ;-21.040198 ;
55.200000 ;-25.818130 ;-21.025523 ;
55.300000 ;-25.824302 ;-21.010674 ;
55.400000 ;-25.844974 ;-20.997386 ;
55.500000 ;-25.863487 ;-20.984210 ;
55.600000 ;-25.869758 ;-20.970268 ;
55.700000 ;-25.883940 ;-20.957301 ;
55.800000 ;-25.905350 ;-20.945245 ;
55.900000 ;-25.915049 ;-20.932457 ;
56.000000 ;-25.919446 ;-20.919486 ;
56.100000 ;-25.936546 ;-20.907885 ;
56.200000 ;-25.961396 ;-20.897221 ;
56.300000 ;-25.967809 ;-20.885226 ;
56.400000 ;-25.963085 ;-20.872526 ;
56.500000 ;-25.980345 ;-20.861980 ;
56.600000 ;-26.014604 ;-20.853150 ;
56.700000 ;-26.022870 ;-20.842318 ;
56.800000 ;-26.012345 ;-20.830105 ;
56.900000 ;-26.029001 ;-20.820474 ;
57.000000 ;-26.062089 ;-20.812493 ;
57.100000 ;-26.061990 ;-20.801874 ;
57.200000 ;-26.062280 ;-20.791511 ;
57.300000 ;-26.081531 ;-20.783002 ;
57.400000 ;-26.093244 ;-20.774057 ;
57.500000 ;-26.094274 ;-20.764401 ;
57.600000 ;-26.105605 ;-20.755839 ;
57.700000 ;-26.120894 ;-20.747819 ;
57.800000 ;-26.122839 ;-20.738849 ;
57.900000 ;-26.127626 ;-20.730318 ;
58.000000 ;-26.143047 ;-20.722892 ;
58.100000 ;-26.156941 ;-20.715521 ;
58.200000 ;-26.152140 ;-20.706725 ;
58.300000 ;-26.153535 ;-20.698641 ;
58.400000 ;-26.174266 ;-20.692395 ;
58.500000 ;-26.196713 ;-20.686469 ;
58.600000 ;-26.186569 ;-20.677909 ;
58.700000 ;-26.178571 ;-20.669700 ;
58.800000 ;-26.202392 ;-20.664388 ;
58.900000 ;-26.232164 ;-20.659745 ;
59.000000 ;-26.220325 ;-20.651680 ;
59.100000 ;-26.217073 ;-20.644506 ;
59.200000 ;-26.238666 ;-20.639615 ;
59.300000 ;-26.246736 ;-20.633708 ;
59.400000 ;-26.242364 ;-20.626874 ;
59.500000 ;-26.251423 ;-20.621334 ;
59.600000 ;-26.262633 ;-20.616115 ;
59.700000 ;-26.260982 ;-20.609925 ;
59.800000 ;-26.265269 ;-20.604376 ;
59.900000 ;-26.277587 ;-20.599645 ;
60.000000 ;-26.281821 ;-20.594345 ;
60.100000 ;-26.277113 ;-20.588402 ;
60.200000 ;-26.283575 ;-20.583536 ;
60.300000 ;-26.301156 ;-20.579741 ;
60.400000 ;-26.307246 ;-20.575076 ;
60.500000 ;-26.291349 ;-20.568640 ;
60.600000 ;-26.293281 ;-20.563842 ;
60.700000 ;-26.321142 ;-20.561374 ;
60.800000 ;-26.338426 ;-20.558105 ;
60.900000 ;-26.317077 ;-20.551628 ;
61.000000 ;-26.315412 ;-20.546940 ;
61.100000 ;-26.343095 ;-20.544866 ;
61.200000 ;-26.348715 ;-20.540997 ;
61.300000 ;-26.337852 ;-20.535811 ;
61.400000 ;-26.345845 ;-20.532332 ;
61.500000 ;-26.356451 ;-20.529168 ;
61.600000 ;-26.351657 ;-20.524773 ;
61.700000 ;-26.354487 ;-20.521118 ;
61.800000 ;-26.364233 ;-20.518139 ;
61.900000 ;-26.363503 ;-20.514347 ;
62.000000 ;-26.361085 ;-20.510492 ;
62.100000 ;-26.368781 ;-20.507581 ;
62.200000 ;-26.380050 ;-20.505053 ;
62.300000 ;-26.374238 ;-20.501140 ;
62.400000 ;-26.364840 ;-20.496994 ;
62.500000 ;-26.375332 ;-20.494623 ;
62.600000 ;-26.398387 ;-20.493397 ;
62.700000 ;-26.396771 ;-20.490130 ;
62.800000 ;-26.373580 ;-20.485086 ;
62.900000 ;-26.380462 ;-20.482681 ;
63.000000 ;-26.413792 ;-20.482604 ;
63.100000 ;-26.413672 ;-20.479728 ;
63.200000 ;-26.396018 ;-20.475414 ;
63.300000 ;-26.405392 ;-20.473474 ;
63.400000 ;-26.420169 ;-20.472054 ;
63.500000 ;-26.410879 ;-20.468635 ;
63.600000 ;-26.411355 ;-20.466107 ;
63.700000 ;-26.420177 ;-20.464348 ;
63.800000 ;-26.417327 ;-20.461646 ;
63.900000 ;-26.415642 ;-20.459096 ;
64.000000 ;-26.422572 ;-20.457334 ;
64.100000 ;-26.427818 ;-20.455480 ;
64.200000 ;-26.419786 ;-20.452540 ;
64.300000 ;-26.418027 ;-20.450185 ;
64.400000 ;-26.430234 ;-20.449071 ;
64.500000 ;-26.442154 ;-20.447979 ;
64.600000 ;-26.426532 ;-20.444579 ;
64.700000 ;-26.412496 ;-20.441360 ;
64.800000 ;-26.429841 ;-20.440865 ;
64.900000 ;-26.460064 ;-20.441512 ;
65.000000 ;-26.447673 ;-20.438560 ;
65.100000 ;-26.426774 ;-20.434922 ;
65.200000 ;-26.442157 ;-20.434424 ;
65.300000 ;-26.464726 ;-20.434579 ;
65.400000 ;-26.449356 ;-20.431530 ;
65.500000 ;-26.446314 ;-20.429571 ;
65.600000 ;-26.456977 ;-20.428819 ;
65.700000 ;-26.452914 ;-20.426845 ;
65.800000 ;-26.450098 ;-20.425011 ;
65.900000 ;-26.456021 ;-20.423958 ;
66.000000 ;-26.457517 ;-20.422560 ;
66.100000 ;-26.451586 ;-20.420560 ;
66.200000 ;-26.453395 ;-20.419253 ;
66.300000 ;-26.462932 ;-20.418636 ;
66.400000 ;-26.463423 ;-20.417278 ;
66.500000 ;-26.447858 ;-20.414579 ;
66.600000 ;-26.446796 ;-20.413147 ;
66.700000 ;-26.467006 ;-20.413558 ;
66.800000 ;-26.482576 ;-20.413601 ;
66.900000 ;-26.457594 ;-20.410210 ;
67.000000 ;-26.442654 ;-20.407704 ;
67.100000 ;-26.468205 ;-20.408680 ;
67.200000 ;-26.494736 ;-20.409765 ;
67.300000 ;-26.471660 ;-20.406639 ;
67.400000 ;-26.464854 ;-20.404926 ;
67.500000 ;-26.481555 ;-20.405245 ;
67.600000 ;-26.477713 ;-20.403832 ;
67.700000 ;-26.471466 ;-20.402237 ;
67.800000 ;-26.476795 ;-20.401651 ;
67.900000 ;-26.477276 ;-20.400673 ;
68.000000 ;-26.472334 ;-20.399254 ;
68.100000 ;-26.474798 ;-20.398487 ;
68.200000 ;-26.481173 ;-20.398074 ;
68.300000 ;-26.475792 ;-20.396678 ;
68.400000 ;-26.467846 ;-20.395082 ;
68.500000 ;-26.473505 ;-20.394666 ;
68.600000 ;-26.488018 ;-20.395024 ;
68.700000 ;-26.485339 ;-20.393933 ;
68.800000 ;-26.460150 ;-20.390940 ;
68.900000 ;-26.460010 ;-20.390101 ;
69.000000 ;-26.491343 ;-20.391965 ;
69.100000 ;-26.507717 ;-20.392568 ;
69.200000 ;-26.476795 ;-20.389152 ;
69.300000 ;-26.470668 ;-20.387868 ;
69.400000 ;-26.498057 ;-20.389461 ;
69.500000 ;-26.496989 ;-20.388639 ;
69.600000 ;-26.484007 ;-20.386815 ;
69.700000 ;-26.489359 ;-20.386570 ;
69.800000 ;-26.491472 ;-20.386062 ;
69.900000 ;-26.485313 ;-20.384862 ;
70.000000 ;-26.487121 ;-20.384356 ;
70.100000 ;-26.491550 ;-20.384086 ;
70.200000 ;-26.485759 ;-20.382957 ;
70.300000 ;-26.482741 ;-20.382077 ;
70.400000 ;-26.489125 ;-20.382012 ;
70.500000 ;-26.495790 ;-20.381982 ;
70.600000 ;-26.482997 ;-20.380305 ;
70.700000 ;-26.470638 ;-20.378677 ;
70.800000 ;-26.481809 ;-20.379067 ;
70.900000 ;-26.506229 ;-20.380598 ;
71.000000 ;-26.501396 ;-20.379644 ;
71.100000 ;-26.469199 ;-20.376367 ;
71.200000 ;-26.473334 ;-20.376201 ;
71.300000 ;-26.511276 ;-20.378929 ;
71.400000 ;-26.510361 ;-20.378351 ;
71.500000 ;-26.488117 ;-20.375962 ;
71.600000 ;-26.494963 ;-20.376066 ;
71.700000 ;-26.504282 ;-20.376389 ;
71.800000 ;-26.494005 ;-20.375050 ;
71.900000 ;-26.493910 ;-20.374587 ;
72.000000 ;-26.498306 ;-20.374517 ;
72.100000 ;-26.492887 ;-20.373617 ;
72.200000 ;-26.491304 ;-20.373053 ;
72.300000 ;-26.496577 ;-20.373081 ;
72.400000 ;-26.497234 ;-20.372724 ;
72.500000 ;-26.486679 ;-20.371419 ;
72.600000 ;-26.484854 ;-20.370865 ;
72.700000 ;-26.496962 ;-20.371507 ;
72.800000 ;-26.507227 ;-20.371999 ;
72.900000 ;-26.486337 ;-20.369841 ;
73.000000 ;-26.466959 ;-20.367820 ;
73.100000 ;-26.485269 ;-20.369021 ;
73.200000 ;-26.521538 ;-20.371758 ;
73.300000 ;-26.509336 ;-20.370367 ;
73.400000 ;-26.481240 ;-20.367628 ;
73.500000 ;-26.494412 ;-20.368417 ;
73.600000 ;-26.518086 ;-20.370107 ;
73.700000 ;-26.500934 ;-20.368320 ;
73.800000 ;-26.496696 ;-20.367639 ;
73.900000 ;-26.503994 ;-20.367948 ;
74.000000 ;-26.498014 ;-20.367130 ;
74.100000 ;-26.495543 ;-20.366617 ;
74.200000 ;-26.499928 ;-20.366693 ;
74.300000 ;-26.498245 ;-20.366258 ;
74.400000 ;-26.492091 ;-20.365446 ;
74.500000 ;-26.494007 ;-20.365327 ;
74.600000 ;-26.502217 ;-20.365749 ;
74.700000 ;-26.499779 ;-20.365269 ;
74.800000 ;-26.481142 ;-20.363412 ;
74.900000 ;-26.479257 ;-20.362988 ;
75.000000 ;-26.501193 ;-20.364600 ;
75.100000 ;-26.519637 ;-20.365918 ;
75.200000 ;-26.491510 ;-20.363269 ;
75.300000 ;-26.469449 ;-20.361142 ;
75.400000 ;-26.495446 ;-20.363120 ;
75.500000 ;-26.529170 ;-20.365759 ;
75.600000 ;-26.504384 ;-20.363411 ;
75.700000 ;-26.494016 ;-20.362297 ;
75.800000 ;-26.508763 ;-20.363329 ;
75.900000 ;-26.503668 ;-20.362672 ;
76.000000 ;-26.497559 ;-20.361932 ;
76.100000 ;-26.501540 ;-20.362055 ;
76.200000 ;-26.499910 ;-20.361703 ;
76.300000 ;-26.495312 ;-20.361102 ;
76.400000 ;-26.497630 ;-20.361093 ;
76.500000 ;-26.502357 ;-20.361293 ;
76.600000 ;-26.495105 ;-20.360475 ;
76.700000 ;-26.486855 ;-20.359576 ;
76.800000 ;-26.492668 ;-20.359878 ;
76.900000 ;-26.507239 ;-20.360929 ;
77.000000 ;-26.504363 ;-20.360496 ;
77.100000 ;-26.474455 ;-20.357762 ;
77.200000 ;-26.471181 ;-20.357302 ;
77.300000 ;-26.505639 ;-20.360061 ;
77.400000 ;-26.529901 ;-20.361953 ;
77.500000 ;-26.495627 ;-20.358856 ;
77.600000 ;-26.483679 ;-20.357666 ;
77.700000 ;-26.511355 ;-20.359860 ;
77.800000 ;-26.512467 ;-20.359789 ;
77.900000 ;-26.498332 ;-20.358420 ;
78.000000 ;-26.502068 ;-20.358577 ;
78.100000 ;-26.502622 ;-20.358464 ;
78.200000 ;-26.496832 ;-20.357813 ;
78.300000 ;-26.498397 ;-20.357791 ;
78.400000 ;-26.501372 ;-20.357891 ;
78.500000 ;-26.495161 ;-20.357210 ;
78.600000 ;-26.492420 ;-20.356827 ;
78.700000 ;-26.498489 ;-20.357197 ;
78.800000 ;-26.504276 ;-20.357545 ;
78.900000 ;-26.490041 ;-20.356188 ;
79.000000 ;-26.475992 ;-20.354850 ;
79.100000 ;-26.487056 ;-20.355654 ;
79.200000 ;-26.513746 ;-20.357791 ;
79.300000 ;-26.513806 ;-20.357660 ;
79.400000 ;-26.496270 ;-20.356030 ;
79.500000 ;-26.499067 ;-20.356136 ;
79.600000 ;-26.505399 ;-20.356546 ;
79.700000 ;-26.497837 ;-20.355772 ;
79.800000 ;-26.497378 ;-20.355605 ;
79.900000 ;-26.500893 ;-20.355779 ;
80.000000 ;-26.498981 ;-20.355492 ;
