0.000000 ;-27.500000 ;-20.600000 ;
0.100000 ;-27.861558 ;-21.273932 ;
0.200000 ;-28.058459 ;-21.860349 ;
0.300000 ;-28.156229 ;-22.373638 ;
0.400000 ;-28.220215 ;-22.826549 ;
0.500000 ;-28.250694 ;-23.227302 ;
0.600000 ;-28.266607 ;-23.583777 ;
0.700000 ;-28.271163 ;-23.901981 ;
0.800000 ;-28.262675 ;-24.186745 ;
0.900000 ;-28.252299 ;-24.442910 ;
1.000000 ;-28.244552 ;-24.674342 ;
1.100000 ;-28.227227 ;-24.883322 ;
1.200000 ;-28.199974 ;-25.072419 ;
1.300000 ;-28.176970 ;-25.244696 ;
1.400000 ;-28.183087 ;-25.403449 ;
1.500000 ;-28.179564 ;-25.548214 ;
1.600000 ;-28.137135 ;-25.678840 ;
1.700000 ;-28.077299 ;-25.797711 ;
1.800000 ;-28.065563 ;-25.909387 ;
1.900000 ;-28.069293 ;-26.013106 ;
2.000000 ;-28.046905 ;-26.107499 ;
2.100000 ;-28.032263 ;-26.195070 ;
2.200000 ;-28.021946 ;-26.276284 ;
2.300000 ;-28.005230 ;-26.351145 ;
2.400000 ;-27.993215 ;-26.420756 ;
2.500000 ;-27.983656 ;-26.485454 ;
2.600000 ;-27.968677 ;-26.545223 ;
2.700000 ;-27.951848 ;-26.600624 ;
2.800000 ;-27.948634 ;-26.652824 ;
2.900000 ;-27.952622 ;-26.701782 ;
3.000000 ;-27.938249 ;-26.746396 ;
3.100000 ;-27.905955 ;-26.786940 ;
3.200000 ;-27.883883 ;-26.825154 ;
3.300000 ;-27.893504 ;-26.862403 ;
3.400000 ;-27.889474 ;-26.896446 ;
3.500000 ;-27.871673 ;-26.927451 ;
3.600000 ;-27.870348 ;-26.957206 ;
3.700000 ;-27.866431 ;-26.984837 ;
3.800000 ;-27.855763 ;-27.010257 ;
3.900000 ;-27.852392 ;-27.034354 ;
4.000000 ;-27.851448 ;-27.056982 ;
4.100000 ;-27.842553 ;-27.077690 ;
4.200000 ;-27.830399 ;-27.096835 ;
4.300000 ;-27.834056 ;-27.115543 ;
4.400000 ;-27.845363 ;-27.133460 ;
4.500000 ;-27.835133 ;-27.149089 ;
4.600000 ;-27.806100 ;-27.162653 ;
4.700000 ;-27.794947 ;-27.176209 ;
4.800000 ;-27.809901 ;-27.190268 ;
4.900000 ;-27.806189 ;-27.202467 ;
5.000000 ;-27.793418 ;-27.213383 ;
5.100000 ;-27.798138 ;-27.224509 ;
5.200000 ;-27.796666 ;-27.234610 ;
5.300000 ;-27.789213 ;-27.243742 ;
5.400000 ;-27.790991 ;-27.252775 ;
5.500000 ;-27.792474 ;-27.261232 ;
5.600000 ;-27.785251 ;-27.268692 ;
5.700000 ;-27.777013 ;-27.275609 ;
5.800000 ;-27.787048 ;-27.283063 ;
5.900000 ;-27.797052 ;-27.290090 ;
6.000000 ;-27.784359 ;-27.295485 ;
6.100000 ;-27.759118 ;-27.299827 ;
6.200000 ;-27.760912 ;-27.305292 ;
6.300000 ;-27.774388 ;-27.311067 ;
6.400000 ;-27.767291 ;-27.315421 ;
6.500000 ;-27.760120 ;-27.319489 ;
6.600000 ;-27.766843 ;-27.324048 ;
6.700000 ;-27.764985 ;-27.327893 ;
6.800000 ;-27.759152 ;-27.331291 ;
6.900000 ;-27.764096 ;-27.335060 ;
7.000000 ;-27.765943 ;-27.338458 ;
7.100000 ;-27.758479 ;-27.341161 ;
7.200000 ;-27.752877 ;-27.343788 ;
7.300000 ;-27.766838 ;-27.347315 ;
7.400000 ;-27.774230 ;-27.350330 ;
7.500000 ;-27.758450 ;-27.351939 ;
7.600000 ;-27.736867 ;-27.353097 ;
7.700000 ;-27.754177 ;-27.356244 ;
7.800000 ;-27.781420 ;-27.359813 ;
7.900000 ;-27.763148 ;-27.360795 ;
8.000000 ;-27.722947 ;-27.360482 ;
8.100000 ;-27.740054 ;-27.363188 ;
8.200000 ;-27.757882 ;-27.365840 ;
8.300000 ;-27.741549 ;-27.366548 ;
8.400000 ;-27.738853 ;-27.367918 ;
8.500000 ;-27.748635 ;-27.369892 ;
8.600000 ;-27.744879 ;-27.371057 ;
8.700000 ;-27.743531 ;-27.372287 ;
8.800000 ;-27.748909 ;-27.373820 ;
8.900000 ;-27.746913 ;-27.374893 ;
9.000000 ;-27.741253 ;-27.375712 ;
9.100000 ;-27.747632 ;-27.377134 ;
9.200000 ;-27.754513 ;-27.378535 ;
9.300000 ;-27.747636 ;-27.379140 ;
9.400000 ;-27.734325 ;-27.379352 ;
9.500000 ;-27.736921 ;-27.380390 ;
9.600000 ;-27.740141 ;-27.381423 ;
9.700000 ;-27.741331 ;-27.382310 ;
9.800000 ;-27.741617 ;-27.381900 ;
9.900000 ;-27.739395 ;-27.424774 ;
10.000000 ;-27.690661 ;-27.662221 ;
10.100000 ;-27.552954 ;-27.977261 ;
10.200000 ;-27.326080 ;-28.299916 ;
10.300000 ;-27.022025 ;-28.601711 ;
10.400000 ;-26.665738 ;-28.872974 ;
10.500000 ;-26.279222 ;-29.110807 ;
10.600000 ;-25.881575 ;-29.315589 ;
10.700000 ;-25.489762 ;-29.489344 ;
10.800000 ;-25.110640 ;-29.634484 ;
10.900000 ;-24.755766 ;-29.754193 ;
11.000000 ;-24.433545 ;-29.851685 ;
11.100000 ;-24.122261 ;-29.928708 ;
11.200000 ;-23.851447 ;-29.989485 ;
11.300000 ;-23.628834 ;-30.036937 ;
11.400000 ;-23.403198 ;-30.070895 ;
11.500000 ;-23.201338 ;-30.094833 ;
11.600000 ;-23.048331 ;-30.111822 ;
11.700000 ;-22.894974 ;-30.121067 ;
11.800000 ;-22.754332 ;-30.124640 ;
11.900000 ;-22.647350 ;-30.124741 ;
12.000000 ;-22.540708 ;-30.120769 ;
12.100000 ;-22.445248 ;-30.114111 ;
12.200000 ;-22.373346 ;-30.106057 ;
12.300000 ;-22.299444 ;-30.095977 ;
12.400000 ;-22.230866 ;-30.084720 ;
12.500000 ;-22.184031 ;-30.073450 ;
12.600000 ;-22.137316 ;-30.061460 ;
12.700000 ;-22.081900 ;-30.048602 ;
12.800000 ;-22.048109 ;-30.036537 ;
12.900000 ;-22.026388 ;-30.024966 ;
13.000000 ;-21.982855 ;-30.012394 ;
13.100000 ;-21.950761 ;-30.000535 ;
13.200000 ;-21.941257 ;-29.990003 ;
13.300000 ;-21.915604 ;-29.978979 ;
13.400000 ;-21.885222 ;-29.968066 ;
13.500000 ;-21.876772 ;-29.958586 ;
13.600000 ;-21.863435 ;-29.949256 ;
13.700000 ;-21.838329 ;-29.939757 ;
13.800000 ;-21.829763 ;-29.931467 ;
13.900000 ;-21.823432 ;-29.923691 ;
14.000000 ;-21.802334 ;-29.915603 ;
14.100000 ;-21.793579 ;-29.908507 ;
14.200000 ;-21.793796 ;-29.902229 ;
14.300000 ;-21.776394 ;-29.895472 ;
14.400000 ;-21.763864 ;-29.889311 ;
14.500000 ;-21.768283 ;-29.884316 ;
14.600000 ;-21.762003 ;-29.879133 ;
14.700000 ;-21.742606 ;-29.873633 ;
14.800000 ;-21.743673 ;-29.869424 ;
14.900000 ;-21.751623 ;-29.865834 ;
15.000000 ;-21.732875 ;-29.861223 ;
15.100000 ;-21.725798 ;-29.857434 ;
15.200000 ;-21.736156 ;-29.854729 ;
15.300000 ;-21.725813 ;-29.851254 ;
15.400000 ;-21.715443 ;-29.847992 ;
15.500000 ;-21.722002 ;-29.845751 ;
15.600000 ;-21.717592 ;-29.843171 ;
15.700000 ;-21.706906 ;-29.840467 ;
15.800000 ;-21.710781 ;-29.838633 ;
15.900000 ;-21.711778 ;-29.836819 ;
16.000000 ;-21.699281 ;-29.834501 ;
16.100000 ;-21.699938 ;-29.832955 ;
16.200000 ;-21.708425 ;-29.831916 ;
16.300000 ;-21.696355 ;-29.830007 ;
16.400000 ;-21.688951 ;-29.828435 ;
16.500000 ;-21.700672 ;-29.827890 ;
16.600000 ;-21.700680 ;-29.826880 ;
16.700000 ;-21.684742 ;-29.825192 ;
16.800000 ;-21.690138 ;-29.824617 ;
16.900000 ;-21.701755 ;-29.824422 ;
17.000000 ;-21.687001 ;-29.823031 ;
17.100000 ;-21.684857 ;-29.822315 ;
17.200000 ;-21.696096 ;-29.822309 ;
17.300000 ;-21.687038 ;-29.821385 ;
17.400000 ;-21.682304 ;-29.820724 ;
17.500000 ;-21.690757 ;-29.820749 ;
17.600000 ;-21.685994 ;-29.820186 ;
17.700000 ;-21.678957 ;-29.819558 ;
17.800000 ;-21.685976 ;-29.819648 ;
17.900000 ;-21.687947 ;-29.819533 ;
18.000000 ;-21.675910 ;-29.818780 ;
18.100000 ;-21.678803 ;-29.818777 ;
18.200000 ;-21.690976 ;-29.819252 ;
18.300000 ;-21.679618 ;-29.818623 ;
18.400000 ;-21.671857 ;-29.818193 ;
18.500000 ;-21.686117 ;-29.818847 ;
18.600000 ;-21.688145 ;-29.818935 ;
18.700000 ;-21.673510 ;-29.818241 ;
18.800000 ;-21.680066 ;-29.818586 ;
18.900000 ;-21.689675 ;-29.819097 ;
19.000000 ;-21.677244 ;-29.818563 ;
19.100000 ;-21.678231 ;-29.818690 ;
19.200000 ;-21.687134 ;-29.819211 ;
19.300000 ;-21.678084 ;-29.818882 ;
19.400000 ;-21.676609 ;-29.818929 ;
19.500000 ;-21.685375 ;-29.819480 ;
19.600000 ;-21.679356 ;-29.819330 ;
19.700000 ;-21.673322 ;-29.819188 ;
19.800000 ;-21.682388 ;-29.819781 ;
19.900000 ;-21.685597 ;-29.820101 ;
20.000000 ;-21.671747 ;-29.819607 ;
20.100000 ;-21.675030 ;-29.819944 ;
20.200000 ;-21.690617 ;-29.820880 ;
20.300000 ;-21.679720 ;-29.820547 ;
20.400000 ;-21.671205 ;-29.820333 ;
20.500000 ;-21.686108 ;-29.821252 ;
20.600000 ;-21.687286 ;-29.821514 ;
20.700000 ;-21.675254 ;-29.821145 ;
20.800000 ;-21.682602 ;-29.821712 ;
20.900000 ;-21.687481 ;-29.822163 ;
21.000000 ;-21.677840 ;-29.821920 ;
21.100000 ;-21.681310 ;-29.822309 ;
21.200000 ;-21.687347 ;-29.822825 ;
21.300000 ;-21.678374 ;-29.822621 ;
21.400000 ;-21.678930 ;-29.822877 ;
21.500000 ;-21.688433 ;-29.823566 ;
21.600000 ;-21.681178 ;-29.823451 ;
21.700000 ;-21.674253 ;-29.823353 ;
21.800000 ;-21.685392 ;-29.824125 ;
21.900000 ;-21.691313 ;-29.824647 ;
22.000000 ;-21.675055 ;-29.824104 ;
22.100000 ;-21.677643 ;-29.824469 ;
22.200000 ;-21.695657 ;-29.825577 ;
22.300000 ;-21.685111 ;-29.825312 ;
22.400000 ;-21.677529 ;-29.825189 ;
22.500000 ;-21.691438 ;-29.826102 ;
22.600000 ;-21.689330 ;-29.826245 ;
22.700000 ;-21.681236 ;-29.826100 ;
22.800000 ;-21.689032 ;-29.826719 ;
22.900000 ;-21.689379 ;-29.826981 ;
23.000000 ;-21.682197 ;-29.826882 ;
23.100000 ;-21.687475 ;-29.827381 ;
23.200000 ;-21.691711 ;-29.827831 ;
23.300000 ;-21.681908 ;-29.827605 ;
23.400000 ;-21.683500 ;-29.827928 ;
23.500000 ;-21.695081 ;-29.828731 ;
23.600000 ;-21.687228 ;-29.828600 ;
23.700000 ;-21.677566 ;-29.828381 ;
23.800000 ;-21.690496 ;-29.829250 ;
23.900000 ;-21.700151 ;-29.829961 ;
24.000000 ;-21.682509 ;-29.829358 ;
24.100000 ;-21.684362 ;-29.829693 ;
24.200000 ;-21.701926 ;-29.830784 ;
24.300000 ;-21.691099 ;-29.830510 ;
24.400000 ;-21.686629 ;-29.830540 ;
24.500000 ;-21.698103 ;-29.831337 ;
24.600000 ;-21.692651 ;-29.831320 ;
24.700000 ;-21.688512 ;-29.831366 ;
24.800000 ;-21.696292 ;-29.831985 ;
24.900000 ;-21.693554 ;-29.832098 ;
25.000000 ;-21.687644 ;-29.832058 ;
25.100000 ;-21.694486 ;-29.832631 ;
25.200000 ;-21.698774 ;-29.833080 ;
25.300000 ;-21.686549 ;-29.832736 ;
25.400000 ;-21.687945 ;-29.833046 ;
25.500000 ;-21.703221 ;-29.834023 ;
25.600000 ;-21.696442 ;-29.833939 ;
25.700000 ;-21.683179 ;-29.833543 ;
25.800000 ;-21.696722 ;-29.834436 ;
25.900000 ;-21.708514 ;-29.835245 ;
26.000000 ;-21.691610 ;-29.834672 ;
26.100000 ;-21.694039 ;-29.835029 ;
26.200000 ;-21.707197 ;-29.835902 ;
26.300000 ;-21.696579 ;-29.835632 ;
26.400000 ;-21.696000 ;-29.835843 ;
26.500000 ;-21.704179 ;-29.836475 ;
26.600000 ;-21.697138 ;-29.836375 ;
26.700000 ;-21.695853 ;-29.836551 ;
26.800000 ;-21.703764 ;-29.837169 ;
26.900000 ;-21.699039 ;-29.837179 ;
27.000000 ;-21.692578 ;-29.837105 ;
27.100000 ;-21.701228 ;-29.837757 ;
27.200000 ;-21.708206 ;-29.838328 ;
27.300000 ;-21.692477 ;-29.837807 ;
27.400000 ;-21.691790 ;-29.838008 ;
27.500000 ;-21.711364 ;-29.839184 ;
27.600000 ;-21.707155 ;-29.839216 ;
27.700000 ;-21.691988 ;-29.838720 ;
27.800000 ;-21.704766 ;-29.839567 ;
27.900000 ;-21.713649 ;-29.840228 ;
28.000000 ;-21.700141 ;-29.839810 ;
28.100000 ;-21.704331 ;-29.840243 ;
28.200000 ;-21.710431 ;-29.840768 ;
28.300000 ;-21.702179 ;-29.840602 ;
28.400000 ;-21.704610 ;-29.840949 ;
28.500000 ;-21.709892 ;-29.841432 ;
28.600000 ;-21.702140 ;-29.841289 ;
28.700000 ;-21.702397 ;-29.841529 ;
28.800000 ;-21.711592 ;-29.842200 ;
28.900000 ;-21.705826 ;-29.842150 ;
29.000000 ;-21.696217 ;-29.841915 ;
29.100000 ;-21.706652 ;-29.842643 ;
29.200000 ;-21.719354 ;-29.843480 ;
29.300000 ;-21.701255 ;-29.842835 ;
29.400000 ;-21.697005 ;-29.842855 ;
29.500000 ;-21.718880 ;-29.844133 ;
29.600000 ;-21.715910 ;-29.844215 ;
29.700000 ;-21.702755 ;-29.843805 ;
29.800000 ;-21.714058 ;-29.844572 ;
29.900000 ;-21.716059 ;-29.844891 ;
30.000000 ;-21.707698 ;-29.844711 ;
30.100000 ;-21.713279 ;-29.845201 ;
30.200000 ;-21.713986 ;-29.845456 ;
30.300000 ;-21.707950 ;-29.845386 ;
30.400000 ;-21.712300 ;-29.845815 ;
30.500000 ;-21.716450 ;-29.846234 ;
30.600000 ;-21.706782 ;-29.845987 ;
30.700000 ;-21.707151 ;-29.846223 ;
30.800000 ;-21.719612 ;-29.847040 ;
30.900000 ;-21.715310 ;-29.847051 ;
31.000000 ;-21.699780 ;-29.846520 ;
31.100000 ;-21.710452 ;-29.847249 ;
31.200000 ;-21.730202 ;-29.848416 ;
31.300000 ;-21.712400 ;-29.847774 ;
31.400000 ;-21.706109 ;-29.847686 ;
31.500000 ;-21.726028 ;-29.848859 ;
31.600000 ;-21.720652 ;-29.848814 ;
31.700000 ;-21.712925 ;-29.848655 ;
31.800000 ;-21.722086 ;-29.849308 ;
31.900000 ;-21.718600 ;-29.849352 ;
32.000000 ;-21.714716 ;-29.849377 ;
32.100000 ;-21.720798 ;-29.849880 ;
32.200000 ;-21.718539 ;-29.849981 ;
32.300000 ;-21.713004 ;-29.849925 ;
32.400000 ;-21.718958 ;-29.850420 ;
32.500000 ;-21.724660 ;-29.850903 ;
32.600000 ;-21.711279 ;-29.850467 ;
32.700000 ;-21.709195 ;-29.850574 ;
32.800000 ;-21.726707 ;-29.851623 ;
32.900000 ;-21.728224 ;-29.851903 ;
33.000000 ;-21.706842 ;-29.851079 ;
33.100000 ;-21.715169 ;-29.851685 ;
33.200000 ;-21.738232 ;-29.853001 ;
33.300000 ;-21.721935 ;-29.852421 ;
33.400000 ;-21.717719 ;-29.852421 ;
33.500000 ;-21.731643 ;-29.853295 ;
33.600000 ;-21.723605 ;-29.853111 ;
33.700000 ;-21.721488 ;-29.853211 ;
33.800000 ;-21.727920 ;-29.853722 ;
33.900000 ;-21.722309 ;-29.853653 ;
34.000000 ;-21.721036 ;-29.853792 ;
34.100000 ;-21.727740 ;-29.854314 ;
34.200000 ;-21.723869 ;-29.854327 ;
34.300000 ;-21.716160 ;-29.854155 ;
34.400000 ;-21.723755 ;-29.854718 ;
34.500000 ;-21.734709 ;-29.855443 ;
34.600000 ;-21.718507 ;-29.854860 ;
34.700000 ;-21.709954 ;-29.854644 ;
34.800000 ;-21.731652 ;-29.855885 ;
34.900000 ;-21.741182 ;-29.856540 ;
35.000000 ;-21.718271 ;-29.855631 ;
35.100000 ;-21.724067 ;-29.856104 ;
35.200000 ;-21.741760 ;-29.857151 ;
35.300000 ;-21.727870 ;-29.856676 ;
35.400000 ;-21.728052 ;-29.856877 ;
35.500000 ;-21.734196 ;-29.857365 ;
35.600000 ;-21.727319 ;-29.857226 ;
35.700000 ;-21.728721 ;-29.857484 ;
35.800000 ;-21.733109 ;-29.857886 ;
35.900000 ;-21.726264 ;-29.857747 ;
36.000000 ;-21.725850 ;-29.857916 ;
36.100000 ;-21.734586 ;-29.858525 ;
36.200000 ;-21.731227 ;-29.858552 ;
36.300000 ;-21.717344 ;-29.858071 ;
36.400000 ;-21.725101 ;-29.858632 ;
36.500000 ;-21.745122 ;-29.859783 ;
36.600000 ;-21.731312 ;-29.859304 ;
36.700000 ;-21.715038 ;-29.858705 ;
36.800000 ;-21.736391 ;-29.859919 ;
36.900000 ;-21.748231 ;-29.860675 ;
37.000000 ;-21.729278 ;-29.859947 ;
37.100000 ;-21.734839 ;-29.860398 ;
37.200000 ;-21.740868 ;-29.860872 ;
37.300000 ;-21.732543 ;-29.860654 ;
37.400000 ;-21.735801 ;-29.860992 ;
37.500000 ;-21.736786 ;-29.861221 ;
37.600000 ;-21.731595 ;-29.861153 ;
37.700000 ;-21.734882 ;-29.861491 ;
37.800000 ;-21.739236 ;-29.861880 ;
37.900000 ;-21.729584 ;-29.861595 ;
38.000000 ;-21.727691 ;-29.861683 ;
38.100000 ;-21.740554 ;-29.862480 ;
38.200000 ;-21.743261 ;-29.862788 ;
38.300000 ;-21.720669 ;-29.861877 ;
38.400000 ;-21.723893 ;-29.862209 ;
38.500000 ;-21.752976 ;-29.863787 ;
38.600000 ;-21.745241 ;-29.863591 ;
38.700000 ;-21.726817 ;-29.862878 ;
38.800000 ;-21.743881 ;-29.863875 ;
38.900000 ;-21.747951 ;-29.864246 ;
39.000000 ;-21.737028 ;-29.863894 ;
39.100000 ;-21.742847 ;-29.864347 ;
39.200000 ;-21.741321 ;-29.864447 ;
39.300000 ;-21.737471 ;-29.864434 ;
39.400000 ;-21.742009 ;-29.864824 ;
39.500000 ;-21.740620 ;-29.864928 ;
39.600000 ;-21.734938 ;-29.864825 ;
39.700000 ;-21.739586 ;-29.865219 ;
39.800000 ;-21.746927 ;-29.865742 ;
39.900000 ;-21.740484 ;-29.865602 ;
40.000000 ;-21.739409 ;-29.865720 ;
40.100000 ;-21.745733 ;-29.866186 ;
40.200000 ;-21.744341 ;-29.866264 ;
40.300000 ;-21.745013 ;-29.866432 ;
40.400000 ;-21.746928 ;-29.866660 ;
40.500000 ;-21.749397 ;-29.866926 ;
40.600000 ;-21.752816 ;-29.867264 ;
40.700000 ;-21.756627 ;-29.867656 ;
40.800000 ;-21.761438 ;-29.868141 ;
40.900000 ;-21.766829 ;-29.868707 ;
41.000000 ;-21.772139 ;-29.869332 ;
41.100000 ;-21.779240 ;-29.870105 ;
41.200000 ;-21.787706 ;-29.871009 ;
41.300000 ;-21.792403 ;-29.871815 ;
41.400000 ;-21.796851 ;-29.872688 ;
41.500000 ;-21.810990 ;-29.874090 ;
41.600000 ;-21.831165 ;-29.875849 ;
41.700000 ;-21.840723 ;-29.877185 ;
41.800000 ;-21.845332 ;-29.878369 ;
41.900000 ;-21.864590 ;-29.880334 ;
42.000000 ;-21.882568 ;-29.882310 ;
42.100000 ;-21.891080 ;-29.883901 ;
42.200000 ;-21.911030 ;-29.886111 ;
42.300000 ;-21.933945 ;-29.888523 ;
42.400000 ;-21.943876 ;-29.890365 ;
42.500000 ;-21.964518 ;-29.892773 ;
42.600000 ;-21.998052 ;-29.895839 ;
42.700000 ;-22.015471 ;-29.898151 ;
42.800000 ;-22.026940 ;-29.900191 ;
42.900000 ;-22.064603 ;-29.903514 ;
43.000000 ;-22.106762 ;-29.907041 ;
43.100000 ;-22.116657 ;-29.908957 ;
43.200000 ;-22.144624 ;-29.911719 ;
43.300000 ;-22.194790 ;-29.915512 ;
43.400000 ;-22.218623 ;-29.917916 ;
43.500000 ;-22.246716 ;-29.920427 ;
43.600000 ;-22.292493 ;-29.923684 ;
43.700000 ;-22.324308 ;-29.926094 ;
43.800000 ;-22.358298 ;-29.928436 ;
43.900000 ;-22.405171 ;-29.931213 ;
44.000000 ;-22.442917 ;-29.933305 ;
44.100000 ;-22.478514 ;-29.935034 ;
44.200000 ;-22.529192 ;-29.937229 ;
44.300000 ;-22.578781 ;-29.939053 ;
44.400000 ;-22.610888 ;-29.939657 ;
44.500000 ;-22.658777 ;-29.940690 ;
44.600000 ;-22.723334 ;-29.942164 ;
44.700000 ;-22.765462 ;-29.942070 ;
44.800000 ;-22.802664 ;-29.941272 ;
44.900000 ;-22.866744 ;-29.941372 ;
45.000000 ;-22.927559 ;-29.940794 ;
45.100000 ;-22.965325 ;-29.938499 ;
45.200000 ;-23.022060 ;-29.936631 ;
45.300000 ;-23.086850 ;-29.934600 ;
45.400000 ;-23.131498 ;-29.930929 ;
45.500000 ;-23.186793 ;-29.927195 ;
45.600000 ;-23.251660 ;-29.923324 ;
45.700000 ;-23.301053 ;-29.917998 ;
45.800000 ;-23.354888 ;-29.912244 ;
45.900000 ;-23.421755 ;-29.906496 ;
46.000000 ;-23.478531 ;-29.899535 ;
46.100000 ;-23.525803 ;-29.891386 ;
46.200000 ;-23.590406 ;-29.883458 ;
46.300000 ;-23.662128 ;-29.875206 ;
46.400000 ;-23.708125 ;-29.864889 ;
46.500000 ;-23.759825 ;-29.854182 ;
46.600000 ;-23.834652 ;-29.844015 ;
46.700000 ;-23.897636 ;-29.832524 ;
46.800000 ;-23.941182 ;-29.819311 ;
46.900000 ;-24.005079 ;-29.806521 ;
47.000000 ;-24.076519 ;-29.793476 ;
47.100000 ;-24.123413 ;-29.778459 ;
47.200000 ;-24.179759 ;-29.763320 ;
47.300000 ;-24.248339 ;-29.748225 ;
47.400000 ;-24.300446 ;-29.731638 ;
47.500000 ;-24.352315 ;-29.714458 ;
47.600000 ;-24.417522 ;-29.697440 ;
47.700000 ;-24.476513 ;-29.679543 ;
47.800000 ;-24.521858 ;-29.660387 ;
47.900000 ;-24.580337 ;-29.641452 ;
48.000000 ;-24.648584 ;-29.622577 ;
48.100000 ;-24.695757 ;-29.602102 ;
48.200000 ;-24.739254 ;-29.581006 ;
48.300000 ;-24.804298 ;-29.560694 ;
48.400000 ;-24.870676 ;-29.540082 ;
48.500000 ;-24.907205 ;-29.517484 ;
48.600000 ;-24.955569 ;-29.495219 ;
48.700000 ;-25.024059 ;-29.473767 ;
48.800000 ;-25.072961 ;-29.450966 ;
48.900000 ;-25.111952 ;-29.427377 ;
49.000000 ;-25.169227 ;-29.404579 ;
49.100000 ;-25.225523 ;-29.381534 ;
49.200000 ;-25.263377 ;-29.357303 ;
49.300000 ;-25.311867 ;-29.333516 ;
49.400000 ;-25.369089 ;-29.310092 ;
49.500000 ;-25.409148 ;-29.285623 ;
49.600000 ;-25.448805 ;-29.261058 ;
49.700000 ;-25.502743 ;-29.237232 ;
49.800000 ;-25.553830 ;-29.213217 ;
49.900000 ;-25.584168 ;-29.188045 ;
50.000000 ;-25.625542 ;-29.163496 ;
50.100000 ;-25.683871 ;-29.139917 ;
50.200000 ;-25.727071 ;-29.115548 ;
50.300000 ;-25.751427 ;-29.090202 ;
50.400000 ;-25.796458 ;-29.066087 ;
50.500000 ;-25.855411 ;-29.042847 ;
50.600000 ;-25.885191 ;-29.018103 ;
50.700000 ;-25.913759 ;-28.993425 ;
50.800000 ;-25.963606 ;-28.970074 ;
50.900000 ;-26.006440 ;-28.946494 ;
51.000000 ;-26.031379 ;-28.922093 ;
51.100000 ;-26.069858 ;-28.898628 ;
51.200000 ;-26.115525 ;-28.875757 ;
51.300000 ;-26.142207 ;-28.852040 ;
51.400000 ;-26.172239 ;-28.828725 ;
51.500000 ;-26.215208 ;-28.806354 ;
51.600000 ;-26.250725 ;-28.783803 ;
51.700000 ;-26.271182 ;-28.760660 ;
51.800000 ;-26.304593 ;-28.738486 ;
51.900000 ;-26.350415 ;-28.717256 ;
52.000000 ;-26.377510 ;-28.695250 ;
52.100000 ;-26.392505 ;-28.672842 ;
52.200000 ;-26.429182 ;-28.651910 ;
52.300000 ;-26.477371 ;-28.631895 ;
52.400000 ;-26.494753 ;-28.610454 ;
52.500000 ;-26.510890 ;-28.589229 ;
52.600000 ;-26.551618 ;-28.569658 ;
52.700000 ;-26.588324 ;-28.550155 ;
52.800000 ;-26.600255 ;-28.529573 ;
52.900000 ;-26.626397 ;-28.510074 ;
53.000000 ;-26.664174 ;-28.491517 ;
53.100000 ;-26.682164 ;-28.472163 ;
53.200000 ;-26.700843 ;-28.453146 ;
53.300000 ;-26.732992 ;-28.435175 ;
53.400000 ;-26.759573 ;-28.417195 ;
53.500000 ;-26.772023 ;-28.398733 ;
53.600000 ;-26.795643 ;-28.381189 ;
53.700000 ;-26.830031 ;-28.364539 ;
53.800000 ;-26.848021 ;-28.347279 ;
53.900000 ;-26.855653 ;-28.329743 ;
54.000000 ;-26.882642 ;-28.313572 ;
54.100000 ;-26.921084 ;-28.298329 ;
54.200000 ;-26.931804 ;-28.281844 ;
54.300000 ;-26.936451 ;-28.265313 ;
54.400000 ;-26.967438 ;-28.250526 ;
54.500000 ;-27.003566 ;-28.236309 ;
54.600000 ;-27.006041 ;-28.220514 ;
54.700000 ;-27.018439 ;-28.205548 ;
54.800000 ;-27.050649 ;-28.191955 ;
54.900000 ;-27.066735 ;-28.177746 ;
55.000000 ;-27.073778 ;-28.163309 ;
55.100000 ;-27.095806 ;-28.149968 ;
55.200000 ;-27.119043 ;-28.136961 ;
55.300000 ;-27.125229 ;-28.123275 ;
55.400000 ;-27.139244 ;-28.110280 ;
55.500000 ;-27.164561 ;-28.098166 ;
55.600000 ;-27.178423 ;-28.085673 ;
55.700000 ;-27.180872 ;-28.072800 ;
55.800000 ;-27.198625 ;-28.061017 ;
55.900000 ;-27.228094 ;-28.050124 ;
56.000000 ;-27.236279 ;-28.038296 ;
56.100000 ;-27.232888 ;-28.026066 ;
56.200000 ;-27.253824 ;-28.015410 ;
56.300000 ;-27.288120 ;-28.005720 ;
56.400000 ;-27.289370 ;-27.994434 ;
56.500000 ;-27.287844 ;-27.983216 ;
56.600000 ;-27.312883 ;-27.973681 ;
56.700000 ;-27.335776 ;-27.964243 ;
56.800000 ;-27.332552 ;-27.953578 ;
56.900000 ;-27.343215 ;-27.943886 ;
57.000000 ;-27.365801 ;-27.935055 ;
57.100000 ;-27.369956 ;-27.925410 ;
57.200000 ;-27.374811 ;-27.916002 ;
57.300000 ;-27.392512 ;-27.907495 ;
57.400000 ;-27.405737 ;-27.898932 ;
57.500000 ;-27.404946 ;-27.889786 ;
57.600000 ;-27.414664 ;-27.881403 ;
57.700000 ;-27.436234 ;-27.873852 ;
57.800000 ;-27.444162 ;-27.865728 ;
57.900000 ;-27.437064 ;-27.856953 ;
58.000000 ;-27.448981 ;-27.849395 ;
58.100000 ;-27.477779 ;-27.842934 ;
58.200000 ;-27.483116 ;-27.835347 ;
58.300000 ;-27.471154 ;-27.826971 ;
58.400000 ;-27.486030 ;-27.820230 ;
58.500000 ;-27.516280 ;-27.814490 ;
58.600000 ;-27.512132 ;-27.807012 ;
58.700000 ;-27.509018 ;-27.799740 ;
58.800000 ;-27.528302 ;-27.793847 ;
58.900000 ;-27.538915 ;-27.787621 ;
59.000000 ;-27.535133 ;-27.780746 ;
59.100000 ;-27.544625 ;-27.774739 ;
59.200000 ;-27.559338 ;-27.769154 ;
59.300000 ;-27.557524 ;-27.762795 ;
59.400000 ;-27.560330 ;-27.756820 ;
59.500000 ;-27.575183 ;-27.751635 ;
59.600000 ;-27.584034 ;-27.746245 ;
59.700000 ;-27.576589 ;-27.740084 ;
59.800000 ;-27.581513 ;-27.734723 ;
59.900000 ;-27.602790 ;-27.730376 ;
60.000000 ;-27.611785 ;-27.725472 ;
60.100000 ;-27.595960 ;-27.719318 ;
60.200000 ;-27.600537 ;-27.714396 ;
60.300000 ;-27.629688 ;-27.710930 ;
60.400000 ;-27.636368 ;-27.706338 ;
60.500000 ;-27.620502 ;-27.700613 ;
60.600000 ;-27.630333 ;-27.696400 ;
60.700000 ;-27.653527 ;-27.693021 ;
60.800000 ;-27.646220 ;-27.688066 ;
60.900000 ;-27.644669 ;-27.683523 ;
61.000000 ;-27.658942 ;-27.679941 ;
61.100000 ;-27.661436 ;-27.675805 ;
61.200000 ;-27.658031 ;-27.671436 ;
61.300000 ;-27.666476 ;-27.667804 ;
61.400000 ;-27.676805 ;-27.664362 ;
61.500000 ;-27.671029 ;-27.660122 ;
61.600000 ;-27.670862 ;-27.656272 ;
61.700000 ;-27.684856 ;-27.653278 ;
61.800000 ;-27.695005 ;-27.650154 ;
61.900000 ;-27.681096 ;-27.645788 ;
62.000000 ;-27.678664 ;-27.642127 ;
62.100000 ;-27.700849 ;-27.639890 ;
62.200000 ;-27.717194 ;-27.637406 ;
62.300000 ;-27.696746 ;-27.632975 ;
62.400000 ;-27.693451 ;-27.629555 ;
62.500000 ;-27.719865 ;-27.627832 ;
62.600000 ;-27.726385 ;-27.625085 ;
62.700000 ;-27.711828 ;-27.621247 ;
62.800000 ;-27.719049 ;-27.618667 ;
62.900000 ;-27.733006 ;-27.616519 ;
63.000000 ;-27.725077 ;-27.613232 ;
63.100000 ;-27.725604 ;-27.610469 ;
63.200000 ;-27.736243 ;-27.608318 ;
63.300000 ;-27.734542 ;-27.605548 ;
63.400000 ;-27.730501 ;-27.602706 ;
63.500000 ;-27.738234 ;-27.600564 ;
63.600000 ;-27.748117 ;-27.598593 ;
63.700000 ;-27.738942 ;-27.595631 ;
63.800000 ;-27.733225 ;-27.592909 ;
63.900000 ;-27.747198 ;-27.591316 ;
64.000000 ;-27.764105 ;-27.589933 ;
64.100000 ;-27.748422 ;-27.586813 ;
64.200000 ;-27.735422 ;-27.583887 ;
64.300000 ;-27.755476 ;-27.582818 ;
64.400000 ;-27.779885 ;-27.582033 ;
64.500000 ;-27.760436 ;-27.578889 ;
64.600000 ;-27.752989 ;-27.576445 ;
64.700000 ;-27.773161 ;-27.575556 ;
64.800000 ;-27.775087 ;-27.573710 ;
64.900000 ;-27.765018 ;-27.571247 ;
65.000000 ;-27.771431 ;-27.569725 ;
65.100000 ;-27.777648 ;-27.568231 ;
65.200000 ;-27.770741 ;-27.566057 ;
65.300000 ;-27.772401 ;-27.564388 ;
65.400000 ;-27.781392 ;-27.563157 ;
65.500000 ;-27.777696 ;-27.561267 ;
65.600000 ;-27.770810 ;-27.559236 ;
65.700000 ;-27.777885 ;-27.558004 ;
65.800000 ;-27.791231 ;-27.557147 ;
65.900000 ;-27.782350 ;-27.555107 ;
66.000000 ;-27.766745 ;-27.552730 ;
66.100000 ;-27.777879 ;-27.551847 ;
66.200000 ;-27.804348 ;-27.551835 ;
66.300000 ;-27.795429 ;-27.549915 ;
66.400000 ;-27.773705 ;-27.547322 ;
66.500000 ;-27.787194 ;-27.546686 ;
66.600000 ;-27.812355 ;-27.546717 ;
66.700000 ;-27.796147 ;-27.544510 ;
66.800000 ;-27.790107 ;-27.542886 ;
66.900000 ;-27.803506 ;-27.542352 ;
67.000000 ;-27.800409 ;-27.540941 ;
67.100000 ;-27.794679 ;-27.539410 ;
67.200000 ;-27.800786 ;-27.538550 ;
67.300000 ;-27.803231 ;-27.537515 ;
67.400000 ;-27.796044 ;-27.535975 ;
67.500000 ;-27.797694 ;-27.534942 ;
67.600000 ;-27.807340 ;-27.534368 ;
67.700000 ;-27.804326 ;-27.533123 ;
67.800000 ;-27.790944 ;-27.531332 ;
67.900000 ;-27.795185 ;-27.530526 ;
68.000000 ;-27.815045 ;-27.530595 ;
68.100000 ;-27.815685 ;-27.529632 ;
68.200000 ;-27.789396 ;-27.527215 ;
68.300000 ;-27.791268 ;-27.526359 ;
68.400000 ;-27.823149 ;-27.527163 ;
68.500000 ;-27.824421 ;-27.526311 ;
68.600000 ;-27.801521 ;-27.524153 ;
68.700000 ;-27.808800 ;-27.523664 ;
68.800000 ;-27.825739 ;-27.523721 ;
68.900000 ;-27.812830 ;-27.522162 ;
69.000000 ;-27.810615 ;-27.521203 ;
69.100000 ;-27.818965 ;-27.520838 ;
69.200000 ;-27.813684 ;-27.519743 ;
69.300000 ;-27.810256 ;-27.518765 ;
69.400000 ;-27.816392 ;-27.518325 ;
69.500000 ;-27.818298 ;-27.517668 ;
69.600000 ;-27.808406 ;-27.516379 ;
69.700000 ;-27.808151 ;-27.515632 ;
69.800000 ;-27.820582 ;-27.515592 ;
69.900000 ;-27.824699 ;-27.515111 ;
70.000000 ;-27.802828 ;-27.513222 ;
70.100000 ;-27.797533 ;-27.512252 ;
70.200000 ;-27.822397 ;-27.512944 ;
70.300000 ;-27.840563 ;-27.513283 ;
70.400000 ;-27.811919 ;-27.511072 ;
70.500000 ;-27.802803 ;-27.509941 ;
70.600000 ;-27.830388 ;-27.510831 ;
70.700000 ;-27.834565 ;-27.510451 ;
70.800000 ;-27.817266 ;-27.508906 ;
70.900000 ;-27.822194 ;-27.508588 ;
71.000000 ;-27.828641 ;-27.508364 ;
71.100000 ;-27.819883 ;-27.507318 ;
71.200000 ;-27.820511 ;-27.506795 ;
71.300000 ;-27.826302 ;-27.506564 ;
71.400000 ;-27.820106 ;-27.505688 ;
71.500000 ;-27.816625 ;-27.504969 ;
71.600000 ;-27.823404 ;-27.504820 ;
71.700000 ;-27.828513 ;-27.504589 ;
71.800000 ;-27.814201 ;-27.503305 ;
71.900000 ;-27.807127 ;-27.502426 ;
72.000000 ;-27.822164 ;-27.502764 ;
72.100000 ;-27.840093 ;-27.503268 ;
72.200000 ;-27.819495 ;-27.501673 ;
72.300000 ;-27.798411 ;-27.500059 ;
72.400000 ;-27.819201 ;-27.500745 ;
72.500000 ;-27.850949 ;-27.502038 ;
72.600000 ;-27.828508 ;-27.500373 ;
72.700000 ;-27.815901 ;-27.499253 ;
72.800000 ;-27.833980 ;-27.499819 ;
72.900000 ;-27.832937 ;-27.499346 ;
73.000000 ;-27.823156 ;-27.498402 ;
73.100000 ;-27.827792 ;-27.498253 ;
73.200000 ;-27.828616 ;-27.497901 ;
73.300000 ;-27.822249 ;-27.497163 ;
73.400000 ;-27.824176 ;-27.496884 ;
73.500000 ;-27.829917 ;-27.496820 ;
73.600000 ;-27.822615 ;-27.496049 ;
73.700000 ;-27.815730 ;-27.495306 ;
73.800000 ;-27.823073 ;-27.495347 ;
73.900000 ;-27.835448 ;-27.495669 ;
74.000000 ;-27.823262 ;-27.494653 ;
74.100000 ;-27.801677 ;-27.493128 ;
74.200000 ;-27.812218 ;-27.493366 ;
74.300000 ;-27.845082 ;-27.494830 ;
74.400000 ;-27.840150 ;-27.494232 ;
74.500000 ;-27.809288 ;-27.492220 ;
74.600000 ;-27.818823 ;-27.492423 ;
74.700000 ;-27.848606 ;-27.493739 ;
74.800000 ;-27.832079 ;-27.492526 ;
74.900000 ;-27.823857 ;-27.491771 ;
75.000000 ;-27.833981 ;-27.492024 ;
75.100000 ;-27.828826 ;-27.491446 ;
75.200000 ;-27.824194 ;-27.490901 ;
75.300000 ;-27.828892 ;-27.490869 ;
75.400000 ;-27.827943 ;-27.490533 ;
75.500000 ;-27.821257 ;-27.489887 ;
75.600000 ;-27.823325 ;-27.489724 ;
75.700000 ;-27.831419 ;-27.489894 ;
75.800000 ;-27.825764 ;-27.489316 ;
75.900000 ;-27.809862 ;-27.488181 ;
76.000000 ;-27.813658 ;-27.488127 ;
76.100000 ;-27.835949 ;-27.489088 ;
76.200000 ;-27.840821 ;-27.489100 ;
76.300000 ;-27.807001 ;-27.486998 ;
76.400000 ;-27.801851 ;-27.486469 ;
76.500000 ;-27.838818 ;-27.488247 ;
76.600000 ;-27.850401 ;-27.488641 ;
76.700000 ;-27.821679 ;-27.486831 ;
76.800000 ;-27.824059 ;-27.486726 ;
76.900000 ;-27.840772 ;-27.487408 ;
77.000000 ;-27.828206 ;-27.486492 ;
77.100000 ;-27.825522 ;-27.486118 ;
77.200000 ;-27.831099 ;-27.486199 ;
77.300000 ;-27.825291 ;-27.485660 ;
77.400000 ;-27.822778 ;-27.485304 ;
77.500000 ;-27.827933 ;-27.485370 ;
77.600000 ;-27.827673 ;-27.485142 ;
77.700000 ;-27.817314 ;-27.484365 ;
77.800000 ;-27.817135 ;-27.484147 ;
77.900000 ;-27.829614 ;-27.484622 ;
78.000000 ;-27.834804 ;-27.484702 ;
78.100000 ;-27.808929 ;-27.483086 ;
78.200000 ;-27.798066 ;-27.482293 ;
78.300000 ;-27.824889 ;-27.483563 ;
78.400000 ;-27.854089 ;-27.484966 ;
78.500000 ;-27.824916 ;-27.483178 ;
78.600000 ;-27.805663 ;-27.481934 ;
78.700000 ;-27.832577 ;-27.483219 ;
78.800000 ;-27.844348 ;-27.483678 ;
78.900000 ;-27.824905 ;-27.482431 ;
79.000000 ;-27.826820 ;-27.482354 ;
79.100000 ;-27.831553 ;-27.482432 ;
79.200000 ;-27.823701 ;-27.481824 ;
79.300000 ;-27.824170 ;-27.481673 ;
79.400000 ;-27.828173 ;-27.481717 ;
79.500000 ;-27.821870 ;-27.481199 ;
79.600000 ;-27.818909 ;-27.480865 ;
79.700000 ;-27.825171 ;-27.481038 ;
79.800000 ;-27.829630 ;-27.481113 ;
79.900000 ;-27.826073 ;-27.480752 ;
80.000000 ;-27.824881 ;-27.480522 ;
