0.000000 ;-27.500000 ;-20.600000 ;
0.100000 ;-27.073792 ;-20.673649 ;
0.200000 ;-26.787183 ;-20.724690 ;
0.300000 ;-26.596632 ;-20.757684 ;
0.400000 ;-26.444574 ;-20.774037 ;
0.500000 ;-26.328961 ;-20.778807 ;
0.600000 ;-26.238716 ;-20.775050 ;
0.700000 ;-26.163333 ;-20.764983 ;
0.800000 ;-26.106257 ;-20.751098 ;
0.900000 ;-26.062300 ;-20.734729 ;
1.000000 ;-26.019616 ;-20.716325 ;
1.100000 ;-25.983560 ;-20.697243 ;
1.200000 ;-25.962237 ;-20.678763 ;
1.300000 ;-25.951560 ;-20.661047 ;
1.400000 ;-25.935399 ;-20.643159 ;
1.500000 ;-25.911224 ;-20.625117 ;
1.600000 ;-25.900240 ;-20.608990 ;
1.700000 ;-25.901546 ;-20.594793 ;
1.800000 ;-25.891486 ;-20.580349 ;
1.900000 ;-25.875967 ;-20.566245 ;
2.000000 ;-25.874465 ;-20.554334 ;
2.100000 ;-25.880345 ;-20.543965 ;
2.200000 ;-25.869220 ;-20.532784 ;
2.300000 ;-25.857394 ;-20.522315 ;
2.400000 ;-25.862584 ;-20.514210 ;
2.500000 ;-25.873216 ;-20.507319 ;
2.600000 ;-25.860408 ;-20.498838 ;
2.700000 ;-25.848540 ;-20.491056 ;
2.800000 ;-25.858409 ;-20.485921 ;
2.900000 ;-25.872468 ;-20.481713 ;
3.000000 ;-25.857774 ;-20.475240 ;
3.100000 ;-25.849006 ;-20.469785 ;
3.200000 ;-25.861650 ;-20.466794 ;
3.300000 ;-25.868813 ;-20.463661 ;
3.400000 ;-25.855317 ;-20.458903 ;
3.500000 ;-25.854563 ;-20.455688 ;
3.600000 ;-25.866255 ;-20.453960 ;
3.700000 ;-25.862316 ;-20.451009 ;
3.800000 ;-25.854449 ;-20.447932 ;
3.900000 ;-25.859895 ;-20.446357 ;
4.000000 ;-25.868199 ;-20.445262 ;
4.100000 ;-25.859059 ;-20.442691 ;
4.200000 ;-25.854299 ;-20.440712 ;
4.300000 ;-25.863904 ;-20.440265 ;
4.400000 ;-25.871697 ;-20.439788 ;
4.500000 ;-25.858347 ;-20.437423 ;
4.600000 ;-25.853304 ;-20.435970 ;
4.700000 ;-25.867424 ;-20.436458 ;
4.800000 ;-25.877584 ;-20.436665 ;
4.900000 ;-25.860876 ;-20.434393 ;
5.000000 ;-25.856059 ;-20.433338 ;
5.100000 ;-25.872875 ;-20.434424 ;
5.200000 ;-25.878613 ;-20.434516 ;
5.300000 ;-25.863671 ;-20.432690 ;
5.400000 ;-25.864612 ;-20.432436 ;
5.500000 ;-25.878556 ;-20.433472 ;
5.600000 ;-25.873160 ;-20.432703 ;
5.700000 ;-25.865690 ;-20.431773 ;
5.800000 ;-25.872387 ;-20.432231 ;
5.900000 ;-25.878845 ;-20.432697 ;
6.000000 ;-25.869514 ;-20.431681 ;
6.100000 ;-25.867595 ;-20.431398 ;
6.200000 ;-25.877436 ;-20.432259 ;
6.300000 ;-25.879483 ;-20.432394 ;
6.400000 ;-25.867310 ;-20.431187 ;
6.500000 ;-25.867379 ;-20.431163 ;
6.600000 ;-25.881795 ;-20.432524 ;
6.700000 ;-25.884104 ;-20.432738 ;
6.800000 ;-25.867228 ;-20.431128 ;
6.900000 ;-25.867380 ;-20.431154 ;
7.000000 ;-25.886496 ;-20.432998 ;
7.100000 ;-25.887716 ;-20.433138 ;
7.200000 ;-25.871125 ;-20.431581 ;
7.300000 ;-25.874334 ;-20.431920 ;
7.400000 ;-25.890858 ;-20.433534 ;
7.500000 ;-25.883406 ;-20.432860 ;
7.600000 ;-25.875181 ;-20.432113 ;
7.700000 ;-25.883059 ;-20.432907 ;
7.800000 ;-25.888403 ;-20.433460 ;
7.900000 ;-25.878945 ;-20.432599 ;
8.000000 ;-25.878550 ;-20.432604 ;
8.100000 ;-25.887870 ;-20.433537 ;
8.200000 ;-25.885618 ;-20.433364 ;
8.300000 ;-25.876255 ;-20.432511 ;
8.400000 ;-25.879861 ;-20.432897 ;
8.500000 ;-25.892070 ;-20.434105 ;
8.600000 ;-25.886875 ;-20.433648 ;
8.700000 ;-25.873268 ;-20.432387 ;
8.800000 ;-25.878889 ;-20.432962 ;
8.900000 ;-25.897314 ;-20.434760 ;
9.000000 ;-25.891613 ;-20.434251 ;
9.100000 ;-25.875179 ;-20.432715 ;
9.200000 ;-25.882341 ;-20.433433 ;
9.300000 ;-25.901193 ;-20.435268 ;
9.400000 ;-25.890789 ;-20.434305 ;
9.500000 ;-25.881390 ;-20.433437 ;
9.600000 ;-25.891249 ;-20.434409 ;
9.700000 ;-25.896967 ;-20.434984 ;
9.800000 ;-25.892615 ;-20.434596 ;
9.900000 ;-25.891031 ;-20.450170 ;
10.000000 ;-25.864921 ;-20.707000 ;
10.100000 ;-25.767616 ;-21.101930 ;
10.200000 ;-25.588984 ;-21.515631 ;
10.300000 ;-25.333391 ;-21.901159 ;
10.400000 ;-25.021957 ;-22.243665 ;
10.500000 ;-24.674507 ;-22.539178 ;
10.600000 ;-24.310079 ;-22.788867 ;
10.700000 ;-23.945191 ;-22.996161 ;
10.800000 ;-23.588641 ;-23.165045 ;
10.900000 ;-23.251431 ;-23.300379 ;
11.000000 ;-22.941617 ;-23.406970 ;
11.100000 ;-22.641789 ;-23.487385 ;
11.200000 ;-22.379869 ;-23.548010 ;
11.300000 ;-22.162404 ;-23.592977 ;
11.400000 ;-21.942799 ;-23.621457 ;
11.500000 ;-21.744238 ;-23.638459 ;
11.600000 ;-21.592015 ;-23.648658 ;
11.700000 ;-21.442840 ;-23.650354 ;
11.800000 ;-21.302765 ;-23.645944 ;
11.900000 ;-21.194837 ;-23.638923 ;
12.000000 ;-21.091006 ;-23.628075 ;
12.100000 ;-20.994649 ;-23.614741 ;
12.200000 ;-20.921019 ;-23.601029 ;
12.300000 ;-20.849907 ;-23.585862 ;
12.400000 ;-20.779809 ;-23.569666 ;
12.500000 ;-20.729615 ;-23.554451 ;
12.600000 ;-20.686267 ;-23.539412 ;
12.700000 ;-20.631049 ;-23.523209 ;
12.800000 ;-20.591494 ;-23.508417 ;
12.900000 ;-20.569297 ;-23.495314 ;
13.000000 ;-20.532450 ;-23.481215 ;
13.100000 ;-20.494249 ;-23.467377 ;
13.200000 ;-20.478869 ;-23.455967 ;
13.300000 ;-20.463069 ;-23.444969 ;
13.400000 ;-20.429569 ;-23.432889 ;
13.500000 ;-20.412887 ;-23.422781 ;
13.600000 ;-20.406835 ;-23.414093 ;
13.700000 ;-20.382368 ;-23.404260 ;
13.800000 ;-20.365747 ;-23.395591 ;
13.900000 ;-20.362167 ;-23.388525 ;
14.000000 ;-20.346306 ;-23.380815 ;
14.100000 ;-20.329744 ;-23.373468 ;
14.200000 ;-20.327184 ;-23.367753 ;
14.300000 ;-20.321096 ;-23.362108 ;
14.400000 ;-20.302527 ;-23.355730 ;
14.500000 ;-20.297359 ;-23.350874 ;
14.600000 ;-20.301831 ;-23.347188 ;
14.700000 ;-20.287082 ;-23.342115 ;
14.800000 ;-20.273595 ;-23.337440 ;
14.900000 ;-20.279613 ;-23.334750 ;
15.000000 ;-20.279747 ;-23.331793 ;
15.100000 ;-20.261556 ;-23.327459 ;
15.200000 ;-20.260220 ;-23.324829 ;
15.300000 ;-20.268513 ;-23.323250 ;
15.400000 ;-20.254949 ;-23.319942 ;
15.500000 ;-20.248232 ;-23.317414 ;
15.600000 ;-20.254989 ;-23.316236 ;
15.700000 ;-20.248023 ;-23.314008 ;
15.800000 ;-20.239265 ;-23.311766 ;
15.900000 ;-20.243641 ;-23.310811 ;
16.000000 ;-20.243188 ;-23.309557 ;
16.100000 ;-20.231782 ;-23.307457 ;
16.200000 ;-20.232692 ;-23.306545 ;
16.300000 ;-20.240373 ;-23.306325 ;
16.400000 ;-20.229463 ;-23.304567 ;
16.500000 ;-20.222010 ;-23.303197 ;
16.600000 ;-20.232035 ;-23.303439 ;
16.700000 ;-20.234241 ;-23.303069 ;
16.800000 ;-20.218966 ;-23.301231 ;
16.900000 ;-20.221230 ;-23.300995 ;
17.000000 ;-20.233841 ;-23.301724 ;
17.100000 ;-20.222402 ;-23.300397 ;
17.200000 ;-20.216765 ;-23.299627 ;
17.300000 ;-20.226909 ;-23.300287 ;
17.400000 ;-20.223030 ;-23.299758 ;
17.500000 ;-20.215271 ;-23.298928 ;
17.600000 ;-20.221178 ;-23.299331 ;
17.700000 ;-20.222495 ;-23.299364 ;
17.800000 ;-20.213423 ;-23.298517 ;
17.900000 ;-20.215870 ;-23.298707 ;
18.000000 ;-20.223299 ;-23.299358 ;
18.100000 ;-20.213690 ;-23.298540 ;
18.200000 ;-20.209351 ;-23.298205 ;
18.300000 ;-20.219934 ;-23.299197 ;
18.400000 ;-20.220822 ;-23.299357 ;
18.500000 ;-20.207125 ;-23.298256 ;
18.600000 ;-20.211394 ;-23.298744 ;
18.700000 ;-20.225389 ;-23.300099 ;
18.800000 ;-20.214038 ;-23.299245 ;
18.900000 ;-20.208012 ;-23.298870 ;
19.000000 ;-20.220400 ;-23.300118 ;
19.100000 ;-20.218671 ;-23.300139 ;
19.200000 ;-20.209858 ;-23.299549 ;
19.300000 ;-20.216242 ;-23.300297 ;
19.400000 ;-20.219174 ;-23.300751 ;
19.500000 ;-20.210694 ;-23.300211 ;
19.600000 ;-20.213349 ;-23.300653 ;
19.700000 ;-20.220212 ;-23.301469 ;
19.800000 ;-20.211616 ;-23.300936 ;
19.900000 ;-20.209245 ;-23.300953 ;
20.000000 ;-20.219121 ;-23.302046 ;
20.100000 ;-20.217813 ;-23.302164 ;
20.200000 ;-20.206251 ;-23.301386 ;
20.300000 ;-20.212187 ;-23.302145 ;
20.400000 ;-20.225395 ;-23.303543 ;
20.500000 ;-20.213248 ;-23.302722 ;
20.600000 ;-20.207291 ;-23.302446 ;
20.700000 ;-20.221590 ;-23.303947 ;
20.800000 ;-20.221613 ;-23.304198 ;
20.900000 ;-20.210797 ;-23.303502 ;
21.000000 ;-20.217461 ;-23.304337 ;
21.100000 ;-20.222800 ;-23.305059 ;
21.200000 ;-20.213727 ;-23.304518 ;
21.300000 ;-20.215927 ;-23.304966 ;
21.400000 ;-20.222845 ;-23.305828 ;
21.500000 ;-20.215081 ;-23.305405 ;
21.600000 ;-20.213689 ;-23.305540 ;
21.700000 ;-20.222463 ;-23.306566 ;
21.800000 ;-20.219414 ;-23.306556 ;
21.900000 ;-20.210530 ;-23.306037 ;
22.000000 ;-20.217512 ;-23.306906 ;
22.100000 ;-20.228133 ;-23.308095 ;
22.200000 ;-20.215128 ;-23.307215 ;
22.300000 ;-20.210557 ;-23.307073 ;
22.400000 ;-20.226166 ;-23.308699 ;
22.500000 ;-20.226776 ;-23.309011 ;
22.600000 ;-20.213825 ;-23.308135 ;
22.700000 ;-20.220941 ;-23.309017 ;
22.800000 ;-20.229750 ;-23.310047 ;
22.900000 ;-20.219109 ;-23.309373 ;
23.000000 ;-20.220304 ;-23.309735 ;
23.100000 ;-20.228319 ;-23.310694 ;
23.200000 ;-20.221003 ;-23.310311 ;
23.300000 ;-20.219653 ;-23.310449 ;
23.400000 ;-20.227523 ;-23.311395 ;
23.500000 ;-20.223742 ;-23.311320 ;
23.600000 ;-20.217312 ;-23.311013 ;
23.700000 ;-20.224449 ;-23.311893 ;
23.800000 ;-20.231563 ;-23.312771 ;
23.900000 ;-20.218725 ;-23.311901 ;
24.000000 ;-20.216744 ;-23.311981 ;
24.100000 ;-20.232369 ;-23.313604 ;
24.200000 ;-20.231521 ;-23.313783 ;
24.300000 ;-20.217325 ;-23.312792 ;
24.400000 ;-20.225450 ;-23.313757 ;
24.500000 ;-20.238016 ;-23.315110 ;
24.600000 ;-20.225295 ;-23.314247 ;
24.700000 ;-20.224954 ;-23.314468 ;
24.800000 ;-20.235282 ;-23.315623 ;
24.900000 ;-20.228161 ;-23.315250 ;
25.000000 ;-20.225906 ;-23.315302 ;
25.100000 ;-20.233433 ;-23.316210 ;
25.200000 ;-20.229795 ;-23.316141 ;
25.300000 ;-20.224900 ;-23.315960 ;
25.400000 ;-20.231523 ;-23.316787 ;
25.500000 ;-20.235363 ;-23.317371 ;
25.600000 ;-20.224244 ;-23.316644 ;
25.700000 ;-20.224989 ;-23.316955 ;
25.800000 ;-20.238897 ;-23.318419 ;
25.900000 ;-20.234870 ;-23.318311 ;
26.000000 ;-20.221355 ;-23.317372 ;
26.100000 ;-20.231178 ;-23.318476 ;
26.200000 ;-20.245809 ;-23.320002 ;
26.300000 ;-20.231083 ;-23.318956 ;
26.400000 ;-20.229056 ;-23.319020 ;
26.500000 ;-20.242760 ;-23.320463 ;
26.600000 ;-20.236164 ;-23.320127 ;
26.700000 ;-20.231882 ;-23.319993 ;
26.800000 ;-20.239761 ;-23.320923 ;
26.900000 ;-20.236917 ;-23.320914 ;
27.000000 ;-20.232350 ;-23.320754 ;
27.100000 ;-20.238239 ;-23.321508 ;
27.200000 ;-20.240043 ;-23.321905 ;
27.300000 ;-20.231348 ;-23.321381 ;
27.400000 ;-20.233847 ;-23.321837 ;
27.500000 ;-20.244785 ;-23.323032 ;
27.600000 ;-20.237576 ;-23.322636 ;
27.700000 ;-20.227087 ;-23.321953 ;
27.800000 ;-20.238558 ;-23.323193 ;
27.900000 ;-20.251937 ;-23.324600 ;
28.000000 ;-20.235344 ;-23.323380 ;
28.100000 ;-20.232568 ;-23.323370 ;
28.200000 ;-20.250045 ;-23.325135 ;
28.300000 ;-20.244716 ;-23.324901 ;
28.400000 ;-20.237141 ;-23.324469 ;
28.500000 ;-20.246009 ;-23.325477 ;
28.600000 ;-20.244933 ;-23.325614 ;
28.700000 ;-20.239357 ;-23.325356 ;
28.800000 ;-20.244558 ;-23.326041 ;
28.900000 ;-20.245842 ;-23.326383 ;
29.000000 ;-20.239034 ;-23.326015 ;
29.100000 ;-20.242060 ;-23.326508 ;
29.200000 ;-20.249920 ;-23.327423 ;
29.300000 ;-20.241328 ;-23.326898 ;
29.400000 ;-20.235124 ;-23.326580 ;
29.500000 ;-20.246894 ;-23.327837 ;
29.600000 ;-20.255653 ;-23.328830 ;
29.700000 ;-20.238063 ;-23.327513 ;
29.800000 ;-20.236730 ;-23.327620 ;
29.900000 ;-20.257031 ;-23.329624 ;
30.000000 ;-20.252730 ;-23.329470 ;
30.100000 ;-20.241108 ;-23.328674 ;
30.200000 ;-20.251472 ;-23.329804 ;
30.300000 ;-20.254112 ;-23.330257 ;
30.400000 ;-20.245960 ;-23.329764 ;
30.500000 ;-20.250409 ;-23.330374 ;
30.600000 ;-20.252664 ;-23.330791 ;
30.700000 ;-20.246515 ;-23.330471 ;
30.800000 ;-20.249205 ;-23.330925 ;
30.900000 ;-20.254857 ;-23.331638 ;
31.000000 ;-20.246943 ;-23.331162 ;
31.100000 ;-20.244294 ;-23.331147 ;
31.200000 ;-20.254617 ;-23.332267 ;
31.300000 ;-20.257409 ;-23.332727 ;
31.400000 ;-20.241273 ;-23.331528 ;
31.500000 ;-20.243427 ;-23.331932 ;
31.600000 ;-20.263737 ;-23.333926 ;
31.700000 ;-20.258085 ;-23.333644 ;
31.800000 ;-20.243376 ;-23.332568 ;
31.900000 ;-20.255847 ;-23.333873 ;
32.000000 ;-20.264543 ;-23.334848 ;
32.100000 ;-20.252184 ;-23.333976 ;
32.200000 ;-20.255374 ;-23.334466 ;
32.300000 ;-20.260618 ;-23.335136 ;
32.400000 ;-20.253698 ;-23.334739 ;
32.500000 ;-20.255407 ;-23.335098 ;
32.600000 ;-20.260211 ;-23.335727 ;
32.700000 ;-20.253702 ;-23.335364 ;
32.800000 ;-20.252856 ;-23.335497 ;
32.900000 ;-20.260953 ;-23.336413 ;
33.000000 ;-20.259097 ;-23.336456 ;
33.100000 ;-20.247248 ;-23.335623 ;
33.200000 ;-20.252703 ;-23.336306 ;
33.300000 ;-20.269261 ;-23.337962 ;
33.400000 ;-20.259602 ;-23.337319 ;
33.500000 ;-20.245055 ;-23.336247 ;
33.600000 ;-20.260349 ;-23.337791 ;
33.700000 ;-20.274684 ;-23.339251 ;
33.800000 ;-20.257430 ;-23.337940 ;
33.900000 ;-20.258604 ;-23.338244 ;
34.000000 ;-20.269973 ;-23.339441 ;
34.100000 ;-20.261069 ;-23.338861 ;
34.200000 ;-20.260783 ;-23.339035 ;
34.300000 ;-20.266325 ;-23.339719 ;
34.400000 ;-20.260692 ;-23.339424 ;
34.500000 ;-20.260071 ;-23.339567 ;
34.600000 ;-20.266330 ;-23.340313 ;
34.700000 ;-20.262627 ;-23.340185 ;
34.800000 ;-20.255538 ;-23.339760 ;
34.900000 ;-20.262109 ;-23.340531 ;
35.000000 ;-20.272687 ;-23.341653 ;
35.100000 ;-20.259427 ;-23.340684 ;
35.200000 ;-20.249418 ;-23.340001 ;
35.300000 ;-20.266917 ;-23.341729 ;
35.400000 ;-20.281101 ;-23.343166 ;
35.500000 ;-20.260054 ;-23.341512 ;
35.600000 ;-20.259669 ;-23.341670 ;
35.700000 ;-20.278858 ;-23.343544 ;
35.800000 ;-20.269287 ;-23.342897 ;
35.900000 ;-20.265101 ;-23.342720 ;
36.000000 ;-20.272993 ;-23.343601 ;
36.100000 ;-20.267890 ;-23.343342 ;
36.200000 ;-20.266135 ;-23.343377 ;
36.300000 ;-20.271444 ;-23.344030 ;
36.400000 ;-20.267971 ;-23.343913 ;
36.500000 ;-20.263839 ;-23.343737 ;
36.600000 ;-20.269693 ;-23.344436 ;
36.700000 ;-20.274747 ;-23.345065 ;
36.800000 ;-20.261751 ;-23.344111 ;
36.900000 ;-20.258266 ;-23.343990 ;
37.000000 ;-20.274867 ;-23.345629 ;
37.100000 ;-20.282248 ;-23.346460 ;
37.200000 ;-20.259530 ;-23.344651 ;
37.300000 ;-20.260619 ;-23.344929 ;
37.400000 ;-20.286164 ;-23.347352 ;
37.500000 ;-20.277804 ;-23.346802 ;
37.600000 ;-20.267502 ;-23.346079 ;
37.700000 ;-20.278948 ;-23.347263 ;
37.800000 ;-20.276243 ;-23.347206 ;
37.900000 ;-20.271500 ;-23.346970 ;
38.000000 ;-20.276570 ;-23.347593 ;
38.100000 ;-20.274186 ;-23.347562 ;
38.200000 ;-20.270884 ;-23.347450 ;
38.300000 ;-20.275528 ;-23.348034 ;
38.400000 ;-20.277125 ;-23.348351 ;
38.500000 ;-20.267822 ;-23.347712 ;
38.600000 ;-20.268730 ;-23.347967 ;
38.700000 ;-20.281244 ;-23.349239 ;
38.800000 ;-20.279849 ;-23.349291 ;
38.900000 ;-20.259903 ;-23.347716 ;
39.000000 ;-20.265834 ;-23.348410 ;
39.100000 ;-20.292187 ;-23.350895 ;
39.200000 ;-20.282943 ;-23.350258 ;
39.300000 ;-20.266829 ;-23.349016 ;
39.400000 ;-20.282475 ;-23.350560 ;
39.500000 ;-20.287111 ;-23.351139 ;
39.600000 ;-20.276527 ;-23.350382 ;
39.700000 ;-20.281238 ;-23.350965 ;
39.800000 ;-20.281247 ;-23.351136 ;
39.900000 ;-20.276840 ;-23.350922 ;
40.000000 ;-20.280449 ;-23.351402 ;
40.100000 ;-20.281947 ;-23.351670 ;
40.200000 ;-20.280801 ;-23.351664 ;
40.300000 ;-20.283300 ;-23.351970 ;
40.400000 ;-20.285426 ;-23.352213 ;
40.500000 ;-20.287791 ;-23.352467 ;
40.600000 ;-20.291124 ;-23.352818 ;
40.700000 ;-20.294710 ;-23.353212 ;
40.800000 ;-20.299327 ;-23.353722 ;
40.900000 ;-20.304579 ;-23.354321 ;
41.000000 ;-20.309408 ;-23.354926 ;
41.100000 ;-20.315882 ;-23.355709 ;
41.200000 ;-20.324213 ;-23.356687 ;
41.300000 ;-20.329983 ;-23.357493 ;
41.400000 ;-20.330577 ;-23.357910 ;
41.500000 ;-20.340526 ;-23.359163 ;
41.600000 ;-20.362005 ;-23.361425 ;
41.700000 ;-20.381325 ;-23.363526 ;
41.800000 ;-20.382945 ;-23.364139 ;
41.900000 ;-20.393448 ;-23.365558 ;
42.000000 ;-20.414720 ;-23.367937 ;
42.100000 ;-20.424672 ;-23.369330 ;
42.200000 ;-20.439350 ;-23.371139 ;
42.300000 ;-20.460669 ;-23.373520 ;
42.400000 ;-20.474122 ;-23.375196 ;
42.500000 ;-20.490357 ;-23.377087 ;
42.600000 ;-20.517956 ;-23.379923 ;
42.700000 ;-20.543027 ;-23.382473 ;
42.800000 ;-20.550709 ;-23.383424 ;
42.900000 ;-20.574193 ;-23.385683 ;
43.000000 ;-20.619861 ;-23.389790 ;
43.100000 ;-20.649239 ;-23.392309 ;
43.200000 ;-20.654976 ;-23.392566 ;
43.300000 ;-20.691584 ;-23.395423 ;
43.400000 ;-20.745117 ;-23.399595 ;
43.500000 ;-20.762910 ;-23.400315 ;
43.600000 ;-20.792388 ;-23.401838 ;
43.700000 ;-20.837457 ;-23.404488 ;
43.800000 ;-20.866714 ;-23.405395 ;
43.900000 ;-20.902627 ;-23.406565 ;
44.000000 ;-20.946660 ;-23.408096 ;
44.100000 ;-20.981296 ;-23.408379 ;
44.200000 ;-21.020269 ;-23.408627 ;
44.300000 ;-21.069626 ;-23.409346 ;
44.400000 ;-21.112171 ;-23.408953 ;
44.500000 ;-21.145581 ;-23.407213 ;
44.600000 ;-21.195712 ;-23.406451 ;
44.700000 ;-21.257436 ;-23.406160 ;
44.800000 ;-21.296109 ;-23.403133 ;
44.900000 ;-21.330859 ;-23.399113 ;
45.000000 ;-21.393876 ;-23.397066 ;
45.100000 ;-21.458904 ;-23.394511 ;
45.200000 ;-21.492993 ;-23.388348 ;
45.300000 ;-21.543737 ;-23.383025 ;
45.400000 ;-21.609550 ;-23.378368 ;
45.500000 ;-21.654480 ;-23.370971 ;
45.600000 ;-21.704818 ;-23.363306 ;
45.700000 ;-21.766219 ;-23.355890 ;
45.800000 ;-21.816544 ;-23.346620 ;
45.900000 ;-21.867415 ;-23.336593 ;
46.000000 ;-21.928942 ;-23.326753 ;
46.100000 ;-21.985899 ;-23.315654 ;
46.200000 ;-22.031845 ;-23.302692 ;
46.300000 ;-22.089929 ;-23.290068 ;
46.400000 ;-22.158464 ;-23.277621 ;
46.500000 ;-22.209163 ;-23.262652 ;
46.600000 ;-22.252048 ;-23.246135 ;
46.700000 ;-22.317345 ;-23.230999 ;
46.800000 ;-22.390540 ;-23.215847 ;
46.900000 ;-22.432782 ;-23.196929 ;
47.000000 ;-22.481078 ;-23.177863 ;
47.100000 ;-22.551566 ;-23.160241 ;
47.200000 ;-22.608445 ;-23.140584 ;
47.300000 ;-22.653123 ;-23.119059 ;
47.400000 ;-22.713039 ;-23.098372 ;
47.500000 ;-22.773277 ;-23.077087 ;
47.600000 ;-22.819330 ;-23.053812 ;
47.700000 ;-22.873851 ;-23.030795 ;
47.800000 ;-22.935051 ;-23.007886 ;
47.900000 ;-22.982453 ;-22.983109 ;
48.000000 ;-23.029536 ;-22.957820 ;
48.100000 ;-23.089192 ;-22.933312 ;
48.200000 ;-23.148028 ;-22.908297 ;
48.300000 ;-23.186245 ;-22.880864 ;
48.400000 ;-23.232423 ;-22.853862 ;
48.500000 ;-23.297256 ;-22.828373 ;
48.600000 ;-23.353864 ;-22.801774 ;
48.700000 ;-23.385007 ;-22.772393 ;
48.800000 ;-23.432597 ;-22.744413 ;
48.900000 ;-23.498986 ;-22.718094 ;
49.000000 ;-23.542658 ;-22.689350 ;
49.100000 ;-23.577539 ;-22.659596 ;
49.200000 ;-23.630837 ;-22.631558 ;
49.300000 ;-23.683130 ;-22.603337 ;
49.400000 ;-23.718018 ;-22.573335 ;
49.500000 ;-23.762277 ;-22.544236 ;
49.600000 ;-23.813883 ;-22.515863 ;
49.700000 ;-23.851093 ;-22.486087 ;
49.800000 ;-23.888163 ;-22.456348 ;
49.900000 ;-23.936356 ;-22.427783 ;
50.000000 ;-23.982674 ;-22.399126 ;
50.100000 ;-24.011434 ;-22.368848 ;
50.200000 ;-24.047800 ;-22.339463 ;
50.300000 ;-24.099535 ;-22.311758 ;
50.400000 ;-24.144028 ;-22.283510 ;
50.500000 ;-24.164285 ;-22.253057 ;
50.600000 ;-24.198666 ;-22.224217 ;
50.700000 ;-24.254053 ;-22.197688 ;
50.800000 ;-24.293065 ;-22.169777 ;
50.900000 ;-24.311285 ;-22.140065 ;
51.000000 ;-24.349019 ;-22.112557 ;
51.100000 ;-24.398409 ;-22.086488 ;
51.200000 ;-24.422781 ;-22.058236 ;
51.300000 ;-24.449702 ;-22.030542 ;
51.400000 ;-24.490356 ;-22.004522 ;
51.500000 ;-24.522398 ;-21.977975 ;
51.600000 ;-24.545707 ;-21.950899 ;
51.700000 ;-24.579035 ;-21.925153 ;
51.800000 ;-24.616573 ;-21.900169 ;
51.900000 ;-24.638603 ;-21.874008 ;
52.000000 ;-24.661546 ;-21.848298 ;
52.100000 ;-24.697842 ;-21.824267 ;
52.200000 ;-24.734823 ;-21.800671 ;
52.300000 ;-24.748922 ;-21.775192 ;
52.400000 ;-24.767194 ;-21.750500 ;
52.500000 ;-24.807037 ;-21.728309 ;
52.600000 ;-24.847524 ;-21.706559 ;
52.700000 ;-24.855446 ;-21.681985 ;
52.800000 ;-24.871576 ;-21.658600 ;
52.900000 ;-24.912638 ;-21.638051 ;
53.000000 ;-24.943989 ;-21.616927 ;
53.100000 ;-24.952151 ;-21.593907 ;
53.200000 ;-24.975836 ;-21.572792 ;
53.300000 ;-25.009935 ;-21.553081 ;
53.400000 ;-25.024650 ;-21.531846 ;
53.500000 ;-25.041455 ;-21.511194 ;
53.600000 ;-25.069430 ;-21.492012 ;
53.700000 ;-25.091268 ;-21.472602 ;
53.800000 ;-25.103234 ;-21.452596 ;
53.900000 ;-25.124394 ;-21.433858 ;
54.000000 ;-25.153267 ;-21.416241 ;
54.100000 ;-25.168659 ;-21.397666 ;
54.200000 ;-25.175319 ;-21.378598 ;
54.300000 ;-25.197719 ;-21.361423 ;
54.400000 ;-25.231916 ;-21.345754 ;
54.500000 ;-25.245824 ;-21.328449 ;
54.600000 ;-25.244195 ;-21.309973 ;
54.700000 ;-25.265950 ;-21.294121 ;
54.800000 ;-25.305118 ;-21.280305 ;
54.900000 ;-25.315075 ;-21.263970 ;
55.000000 ;-25.315533 ;-21.247036 ;
55.100000 ;-25.339430 ;-21.232713 ;
55.200000 ;-25.366651 ;-21.219033 ;
55.300000 ;-25.369550 ;-21.203297 ;
55.400000 ;-25.381743 ;-21.188777 ;
55.500000 ;-25.404718 ;-21.175613 ;
55.600000 ;-25.414808 ;-21.161496 ;
55.700000 ;-25.422575 ;-21.147451 ;
55.800000 ;-25.440657 ;-21.134701 ;
55.900000 ;-25.459322 ;-21.122295 ;
56.000000 ;-25.462761 ;-21.108693 ;
56.100000 ;-25.470903 ;-21.095826 ;
56.200000 ;-25.492715 ;-21.084562 ;
56.300000 ;-25.513248 ;-21.073443 ;
56.400000 ;-25.509424 ;-21.060224 ;
56.500000 ;-25.511707 ;-21.047858 ;
56.600000 ;-25.538323 ;-21.038111 ;
56.700000 ;-25.566836 ;-21.028798 ;
56.800000 ;-25.559068 ;-21.016213 ;
56.900000 ;-25.558388 ;-21.004558 ;
57.000000 ;-25.585807 ;-20.995867 ;
57.100000 ;-25.605944 ;-20.986704 ;
57.200000 ;-25.599960 ;-20.975238 ;
57.300000 ;-25.609189 ;-20.965472 ;
57.400000 ;-25.629578 ;-20.957008 ;
57.500000 ;-25.631986 ;-20.947020 ;
57.600000 ;-25.636380 ;-20.937437 ;
57.700000 ;-25.651250 ;-20.929077 ;
57.800000 ;-25.660882 ;-20.920416 ;
57.900000 ;-25.661194 ;-20.911053 ;
58.000000 ;-25.670161 ;-20.902725 ;
58.100000 ;-25.687347 ;-20.895385 ;
58.200000 ;-25.693157 ;-20.887135 ;
58.300000 ;-25.686964 ;-20.877910 ;
58.400000 ;-25.696041 ;-20.870344 ;
58.500000 ;-25.720861 ;-20.864477 ;
58.600000 ;-25.731243 ;-20.857389 ;
58.700000 ;-25.715456 ;-20.847946 ;
58.800000 ;-25.720464 ;-20.840680 ;
58.900000 ;-25.751691 ;-20.836110 ;
59.000000 ;-25.762331 ;-20.829713 ;
59.100000 ;-25.748970 ;-20.821156 ;
59.200000 ;-25.757901 ;-20.814907 ;
59.300000 ;-25.779305 ;-20.810013 ;
59.400000 ;-25.775697 ;-20.802853 ;
59.500000 ;-25.776519 ;-20.796266 ;
59.600000 ;-25.789389 ;-20.790984 ;
59.700000 ;-25.793622 ;-20.785007 ;
59.800000 ;-25.792613 ;-20.778662 ;
59.900000 ;-25.800803 ;-20.773337 ;
60.000000 ;-25.812493 ;-20.768480 ;
60.100000 ;-25.810127 ;-20.762397 ;
60.200000 ;-25.808001 ;-20.756463 ;
60.300000 ;-25.819943 ;-20.752006 ;
60.400000 ;-25.836788 ;-20.748142 ;
60.500000 ;-25.830877 ;-20.742203 ;
60.600000 ;-25.818497 ;-20.735758 ;
60.700000 ;-25.832055 ;-20.731923 ;
60.800000 ;-25.861397 ;-20.729718 ;
60.900000 ;-25.858317 ;-20.724498 ;
61.000000 ;-25.841025 ;-20.718015 ;
61.100000 ;-25.853879 ;-20.714540 ;
61.200000 ;-25.879021 ;-20.712348 ;
61.300000 ;-25.869369 ;-20.706905 ;
61.400000 ;-25.866150 ;-20.702178 ;
61.500000 ;-25.879284 ;-20.699120 ;
61.600000 ;-25.880933 ;-20.695049 ;
61.700000 ;-25.877896 ;-20.690618 ;
61.800000 ;-25.884762 ;-20.687228 ;
61.900000 ;-25.892045 ;-20.683965 ;
62.000000 ;-25.887662 ;-20.679666 ;
62.100000 ;-25.888534 ;-20.675954 ;
62.200000 ;-25.899361 ;-20.673281 ;
62.300000 ;-25.906416 ;-20.670325 ;
62.400000 ;-25.894653 ;-20.665638 ;
62.500000 ;-25.891536 ;-20.661858 ;
62.600000 ;-25.909236 ;-20.660153 ;
62.700000 ;-25.927996 ;-20.658623 ;
62.800000 ;-25.911301 ;-20.653757 ;
62.900000 ;-25.897306 ;-20.649220 ;
63.000000 ;-25.917878 ;-20.648074 ;
63.100000 ;-25.944530 ;-20.647579 ;
63.200000 ;-25.927540 ;-20.642954 ;
63.300000 ;-25.920633 ;-20.639362 ;
63.400000 ;-25.937383 ;-20.638107 ;
63.500000 ;-25.938955 ;-20.635453 ;
63.600000 ;-25.932256 ;-20.632064 ;
63.700000 ;-25.937909 ;-20.629920 ;
63.800000 ;-25.943099 ;-20.627789 ;
63.900000 ;-25.938276 ;-20.624752 ;
64.000000 ;-25.939913 ;-20.622390 ;
64.100000 ;-25.948360 ;-20.620735 ;
64.200000 ;-25.947906 ;-20.618277 ;
64.300000 ;-25.939547 ;-20.615112 ;
64.400000 ;-25.943066 ;-20.613138 ;
64.500000 ;-25.958079 ;-20.612315 ;
64.600000 ;-25.961840 ;-20.610460 ;
64.700000 ;-25.940740 ;-20.606266 ;
64.800000 ;-25.937624 ;-20.603844 ;
64.900000 ;-25.963891 ;-20.604287 ;
65.000000 ;-25.982615 ;-20.604050 ;
65.100000 ;-25.957656 ;-20.599661 ;
65.200000 ;-25.950682 ;-20.597042 ;
65.300000 ;-25.974878 ;-20.597457 ;
65.400000 ;-25.978603 ;-20.595945 ;
65.500000 ;-25.965856 ;-20.592892 ;
65.600000 ;-25.970648 ;-20.591559 ;
65.700000 ;-25.976983 ;-20.590413 ;
65.800000 ;-25.970638 ;-20.588086 ;
65.900000 ;-25.971551 ;-20.586490 ;
66.000000 ;-25.978210 ;-20.585482 ;
66.100000 ;-25.974882 ;-20.583549 ;
66.200000 ;-25.970443 ;-20.581543 ;
66.300000 ;-25.975898 ;-20.580519 ;
66.400000 ;-25.985154 ;-20.579891 ;
66.500000 ;-25.977613 ;-20.577684 ;
66.600000 ;-25.964127 ;-20.574938 ;
66.700000 ;-25.971406 ;-20.574213 ;
66.800000 ;-25.994513 ;-20.575035 ;
66.900000 ;-25.995938 ;-20.573805 ;
67.000000 ;-25.967806 ;-20.569770 ;
67.100000 ;-25.968221 ;-20.568501 ;
67.200000 ;-26.000702 ;-20.570334 ;
67.300000 ;-26.004369 ;-20.569429 ;
67.400000 ;-25.983790 ;-20.566224 ;
67.500000 ;-25.988803 ;-20.565498 ;
67.600000 ;-26.001394 ;-20.565524 ;
67.700000 ;-25.991566 ;-20.563424 ;
67.800000 ;-25.990343 ;-20.562172 ;
67.900000 ;-25.996661 ;-20.561665 ;
68.000000 ;-25.992658 ;-20.560192 ;
68.100000 ;-25.989705 ;-20.558841 ;
68.200000 ;-25.994784 ;-20.558281 ;
68.300000 ;-25.998891 ;-20.557649 ;
68.400000 ;-25.989433 ;-20.555737 ;
68.500000 ;-25.985044 ;-20.554332 ;
68.600000 ;-25.995410 ;-20.554360 ;
68.700000 ;-26.008316 ;-20.554650 ;
68.800000 ;-25.994055 ;-20.552356 ;
68.900000 ;-25.973682 ;-20.549494 ;
69.000000 ;-25.986075 ;-20.549792 ;
69.100000 ;-26.019149 ;-20.552089 ;
69.200000 ;-26.013588 ;-20.550699 ;
69.300000 ;-25.987290 ;-20.547338 ;
69.400000 ;-25.996289 ;-20.547378 ;
69.500000 ;-26.019984 ;-20.548844 ;
69.600000 ;-26.005896 ;-20.546702 ;
69.700000 ;-26.000370 ;-20.545396 ;
69.800000 ;-26.008533 ;-20.545417 ;
69.900000 ;-26.004492 ;-20.544283 ;
70.000000 ;-26.000753 ;-20.543192 ;
70.100000 ;-26.005046 ;-20.542884 ;
70.200000 ;-26.006159 ;-20.542286 ;
70.300000 ;-25.999312 ;-20.540938 ;
70.400000 ;-25.999350 ;-20.540263 ;
70.500000 ;-26.007772 ;-20.540404 ;
70.600000 ;-26.010068 ;-20.539971 ;
70.700000 ;-25.992728 ;-20.537669 ;
70.800000 ;-25.986741 ;-20.536467 ;
70.900000 ;-26.004976 ;-20.537597 ;
71.000000 ;-26.025914 ;-20.538998 ;
71.100000 ;-26.005404 ;-20.536438 ;
71.200000 ;-25.981898 ;-20.533603 ;
71.300000 ;-26.000827 ;-20.534847 ;
71.400000 ;-26.033532 ;-20.537420 ;
71.500000 ;-26.014329 ;-20.535028 ;
71.600000 ;-26.002487 ;-20.533351 ;
71.700000 ;-26.015726 ;-20.534089 ;
71.800000 ;-26.014026 ;-20.533405 ;
71.900000 ;-26.006856 ;-20.532205 ;
72.000000 ;-26.010341 ;-20.532035 ;
72.100000 ;-26.011065 ;-20.531609 ;
72.200000 ;-26.005611 ;-20.530601 ;
72.300000 ;-26.006646 ;-20.530223 ;
72.400000 ;-26.012449 ;-20.530309 ;
72.500000 ;-26.008317 ;-20.529453 ;
72.600000 ;-25.998217 ;-20.528033 ;
72.700000 ;-26.001010 ;-20.527856 ;
72.800000 ;-26.015564 ;-20.528813 ;
72.900000 ;-26.019155 ;-20.528727 ;
73.000000 ;-25.991992 ;-20.525703 ;
73.100000 ;-25.982876 ;-20.524416 ;
73.200000 ;-26.011025 ;-20.526707 ;
73.300000 ;-26.038842 ;-20.528971 ;
73.400000 ;-26.011091 ;-20.525917 ;
73.500000 ;-25.995821 ;-20.524068 ;
73.600000 ;-26.018531 ;-20.525865 ;
73.700000 ;-26.024626 ;-20.526076 ;
73.800000 ;-26.010138 ;-20.524320 ;
73.900000 ;-26.012320 ;-20.524167 ;
74.000000 ;-26.015439 ;-20.524109 ;
74.100000 ;-26.009075 ;-20.523149 ;
74.200000 ;-26.009447 ;-20.522840 ;
74.300000 ;-26.013761 ;-20.522914 ;
74.400000 ;-26.008723 ;-20.522097 ;
74.500000 ;-26.004093 ;-20.521325 ;
74.600000 ;-26.008810 ;-20.521453 ;
74.700000 ;-26.016651 ;-20.521886 ;
74.800000 ;-26.007361 ;-20.520683 ;
74.900000 ;-25.990270 ;-20.518738 ;
75.000000 ;-25.995857 ;-20.518970 ;
75.100000 ;-26.021443 ;-20.521122 ;
75.200000 ;-26.029037 ;-20.521555 ;
75.300000 ;-25.994583 ;-20.517965 ;
75.400000 ;-25.986515 ;-20.516909 ;
75.500000 ;-26.021245 ;-20.519957 ;
75.600000 ;-26.034733 ;-20.520973 ;
75.700000 ;-26.009652 ;-20.518298 ;
75.800000 ;-26.009988 ;-20.518062 ;
75.900000 ;-26.021700 ;-20.518920 ;
76.000000 ;-26.011921 ;-20.517723 ;
76.100000 ;-26.009847 ;-20.517267 ;
76.200000 ;-26.014180 ;-20.517428 ;
76.300000 ;-26.009609 ;-20.516741 ;
76.400000 ;-26.006715 ;-20.516217 ;
76.500000 ;-26.010859 ;-20.516371 ;
76.600000 ;-26.013631 ;-20.516397 ;
76.700000 ;-26.003208 ;-20.515163 ;
76.800000 ;-25.997795 ;-20.514412 ;
76.900000 ;-26.007577 ;-20.515119 ;
77.000000 ;-26.021515 ;-20.516227 ;
77.100000 ;-26.008664 ;-20.514773 ;
77.200000 ;-25.981329 ;-20.511936 ;
77.300000 ;-25.989369 ;-20.512490 ;
77.400000 ;-26.027820 ;-20.515959 ;
77.500000 ;-26.033172 ;-20.516259 ;
77.600000 ;-25.999691 ;-20.512843 ;
77.700000 ;-26.001616 ;-20.512823 ;
77.800000 ;-26.028375 ;-20.515185 ;
77.900000 ;-26.016491 ;-20.513847 ;
78.000000 ;-26.008605 ;-20.512893 ;
78.100000 ;-26.014730 ;-20.513284 ;
78.200000 ;-26.010768 ;-20.512711 ;
78.300000 ;-26.006977 ;-20.512157 ;
78.400000 ;-26.010303 ;-20.512286 ;
78.500000 ;-26.010672 ;-20.512135 ;
78.600000 ;-26.003817 ;-20.511294 ;
78.700000 ;-26.003402 ;-20.511072 ;
78.800000 ;-26.011076 ;-20.511627 ;
78.900000 ;-26.013878 ;-20.511717 ;
79.000000 ;-25.995215 ;-20.509755 ;
79.100000 ;-25.985853 ;-20.508685 ;
79.200000 ;-26.003243 ;-20.510179 ;
79.300000 ;-26.028952 ;-20.512471 ;
79.400000 ;-26.013866 ;-20.510858 ;
79.500000 ;-25.981315 ;-20.507576 ;
79.600000 ;-25.994114 ;-20.508640 ;
79.700000 ;-26.034304 ;-20.512330 ;
79.800000 ;-26.024090 ;-20.511191 ;
79.900000 ;-26.012933 ;-20.509963 ;
80.000000 ;-26.012528 ;-20.509767 ;
