0.000000 ;-27.500000 ;-20.600000 ;
0.100000 ;-27.282150 ;-20.643824 ;
0.200000 ;-27.131485 ;-20.673606 ;
0.300000 ;-27.035999 ;-20.693136 ;
0.400000 ;-26.960465 ;-20.703051 ;
0.500000 ;-26.897772 ;-20.705693 ;
0.600000 ;-26.853266 ;-20.703800 ;
0.700000 ;-26.814065 ;-20.698031 ;
0.800000 ;-26.781579 ;-20.689831 ;
0.900000 ;-26.760144 ;-20.680486 ;
1.000000 ;-26.744487 ;-20.670321 ;
1.100000 ;-26.720558 ;-20.658742 ;
1.200000 ;-26.697346 ;-20.646905 ;
1.300000 ;-26.692401 ;-20.636621 ;
1.400000 ;-26.702701 ;-20.627823 ;
1.500000 ;-26.704240 ;-20.618532 ;
1.600000 ;-26.683219 ;-20.607618 ;
1.700000 ;-26.676048 ;-20.598444 ;
1.800000 ;-26.682380 ;-20.591007 ;
1.900000 ;-26.674502 ;-20.582756 ;
2.000000 ;-26.668310 ;-20.575164 ;
2.100000 ;-26.670685 ;-20.568861 ;
2.200000 ;-26.668556 ;-20.562619 ;
2.300000 ;-26.661057 ;-20.556340 ;
2.400000 ;-26.661602 ;-20.551242 ;
2.500000 ;-26.668840 ;-20.547176 ;
2.600000 ;-26.665681 ;-20.542533 ;
2.700000 ;-26.648236 ;-20.536927 ;
2.800000 ;-26.647570 ;-20.533216 ;
2.900000 ;-26.668570 ;-20.531826 ;
3.000000 ;-26.682930 ;-20.530110 ;
3.100000 ;-26.653032 ;-20.524559 ;
3.200000 ;-26.635953 ;-20.520446 ;
3.300000 ;-26.665449 ;-20.520884 ;
3.400000 ;-26.694990 ;-20.521535 ;
3.500000 ;-26.667797 ;-20.517116 ;
3.600000 ;-26.660317 ;-20.514704 ;
3.700000 ;-26.677654 ;-20.514758 ;
3.800000 ;-26.671117 ;-20.512748 ;
3.900000 ;-26.665553 ;-20.510965 ;
4.000000 ;-26.670681 ;-20.510298 ;
4.100000 ;-26.668501 ;-20.509069 ;
4.200000 ;-26.664631 ;-20.507788 ;
4.300000 ;-26.668190 ;-20.507291 ;
4.400000 ;-26.672458 ;-20.506948 ;
4.500000 ;-26.664131 ;-20.505517 ;
4.600000 ;-26.658891 ;-20.504445 ;
4.700000 ;-26.667634 ;-20.504734 ;
4.800000 ;-26.680645 ;-20.505479 ;
4.900000 ;-26.668764 ;-20.503971 ;
5.000000 ;-26.643833 ;-20.501304 ;
5.100000 ;-26.652629 ;-20.501807 ;
5.200000 ;-26.689884 ;-20.504989 ;
5.300000 ;-26.694900 ;-20.505217 ;
5.400000 ;-26.660108 ;-20.501789 ;
5.500000 ;-26.662727 ;-20.501860 ;
5.600000 ;-26.694445 ;-20.504657 ;
5.700000 ;-26.683395 ;-20.503511 ;
5.800000 ;-26.673529 ;-20.502495 ;
5.900000 ;-26.681259 ;-20.503130 ;
6.000000 ;-26.678117 ;-20.502775 ;
6.100000 ;-26.674037 ;-20.502347 ;
6.200000 ;-26.677897 ;-20.502669 ;
6.300000 ;-26.678357 ;-20.502688 ;
6.400000 ;-26.672333 ;-20.502117 ;
6.500000 ;-26.673255 ;-20.502199 ;
6.600000 ;-26.681159 ;-20.502936 ;
6.700000 ;-26.680852 ;-20.502920 ;
6.800000 ;-26.663261 ;-20.501309 ;
6.900000 ;-26.660070 ;-20.501039 ;
7.000000 ;-26.680468 ;-20.502959 ;
7.100000 ;-26.700018 ;-20.504804 ;
7.200000 ;-26.684378 ;-20.503392 ;
7.300000 ;-26.676619 ;-20.502713 ;
7.400000 ;-26.686901 ;-20.503710 ;
7.500000 ;-26.684318 ;-20.503516 ;
7.600000 ;-26.679412 ;-20.503109 ;
7.700000 ;-26.683077 ;-20.503497 ;
7.800000 ;-26.683501 ;-20.503586 ;
7.900000 ;-26.677798 ;-20.503109 ;
8.000000 ;-26.678891 ;-20.503262 ;
8.100000 ;-26.686122 ;-20.503984 ;
8.200000 ;-26.684071 ;-20.503847 ;
8.300000 ;-26.668571 ;-20.502463 ;
8.400000 ;-26.667993 ;-20.502463 ;
8.500000 ;-26.687396 ;-20.504314 ;
8.600000 ;-26.701922 ;-20.505713 ;
8.700000 ;-26.685922 ;-20.504283 ;
8.800000 ;-26.680781 ;-20.503859 ;
8.900000 ;-26.691594 ;-20.504914 ;
9.000000 ;-26.688073 ;-20.504640 ;
9.100000 ;-26.683135 ;-20.504234 ;
9.200000 ;-26.687320 ;-20.504673 ;
9.300000 ;-26.688073 ;-20.504794 ;
9.400000 ;-26.681626 ;-20.504247 ;
9.500000 ;-26.682467 ;-20.504375 ;
9.600000 ;-26.690335 ;-20.505154 ;
9.700000 ;-26.690698 ;-20.505237 ;
9.800000 ;-26.688609 ;-20.504882 ;
9.900000 ;-26.687630 ;-20.529772 ;
10.000000 ;-26.654073 ;-20.803846 ;
10.100000 ;-26.540200 ;-21.201980 ;
10.200000 ;-26.339665 ;-21.613090 ;
10.300000 ;-26.060437 ;-21.993741 ;
10.400000 ;-25.726026 ;-22.330292 ;
10.500000 ;-25.357602 ;-22.619290 ;
10.600000 ;-24.974810 ;-22.862156 ;
10.700000 ;-24.594435 ;-23.062492 ;
10.800000 ;-24.225188 ;-23.224421 ;
10.900000 ;-23.877161 ;-23.352852 ;
11.000000 ;-23.560226 ;-23.452875 ;
11.100000 ;-23.254931 ;-23.527023 ;
11.200000 ;-22.986569 ;-23.581496 ;
11.300000 ;-22.766216 ;-23.620863 ;
11.400000 ;-22.546249 ;-23.644353 ;
11.500000 ;-22.345054 ;-23.656536 ;
11.600000 ;-22.192074 ;-23.662391 ;
11.700000 ;-22.043821 ;-23.660299 ;
11.800000 ;-21.903343 ;-23.652372 ;
11.900000 ;-21.796106 ;-23.642232 ;
12.000000 ;-21.693224 ;-23.628637 ;
12.100000 ;-21.597407 ;-23.612836 ;
12.200000 ;-21.524982 ;-23.596962 ;
12.300000 ;-21.454644 ;-23.579867 ;
12.400000 ;-21.385334 ;-23.561991 ;
12.500000 ;-21.336624 ;-23.545330 ;
12.600000 ;-21.293808 ;-23.528949 ;
12.700000 ;-21.238881 ;-23.511593 ;
12.800000 ;-21.201153 ;-23.495896 ;
12.900000 ;-21.180246 ;-23.481939 ;
13.000000 ;-21.142056 ;-23.466928 ;
13.100000 ;-21.105485 ;-23.452544 ;
13.200000 ;-21.092584 ;-23.440699 ;
13.300000 ;-21.074691 ;-23.428962 ;
13.400000 ;-21.041727 ;-23.416493 ;
13.500000 ;-21.028003 ;-23.406224 ;
13.600000 ;-21.020970 ;-23.397069 ;
13.700000 ;-20.995397 ;-23.386862 ;
13.800000 ;-20.981547 ;-23.378173 ;
13.900000 ;-20.978446 ;-23.370897 ;
14.000000 ;-20.959882 ;-23.362776 ;
14.100000 ;-20.945768 ;-23.355489 ;
14.200000 ;-20.945253 ;-23.349790 ;
14.300000 ;-20.935098 ;-23.343674 ;
14.400000 ;-20.917664 ;-23.337324 ;
14.500000 ;-20.916540 ;-23.332725 ;
14.600000 ;-20.919293 ;-23.328794 ;
14.700000 ;-20.900310 ;-23.323331 ;
14.800000 ;-20.891732 ;-23.319053 ;
14.900000 ;-20.901000 ;-23.316576 ;
15.000000 ;-20.893040 ;-23.312890 ;
15.100000 ;-20.877166 ;-23.308775 ;
15.200000 ;-20.881941 ;-23.306646 ;
15.300000 ;-20.884722 ;-23.304558 ;
15.400000 ;-20.869356 ;-23.301123 ;
15.500000 ;-20.868466 ;-23.299102 ;
15.600000 ;-20.874197 ;-23.297816 ;
15.700000 ;-20.862123 ;-23.295173 ;
15.800000 ;-20.858152 ;-23.293366 ;
15.900000 ;-20.864658 ;-23.292585 ;
16.000000 ;-20.856814 ;-23.290711 ;
16.100000 ;-20.848622 ;-23.288925 ;
16.200000 ;-20.855021 ;-23.288487 ;
16.300000 ;-20.856614 ;-23.287740 ;
16.400000 ;-20.842320 ;-23.285737 ;
16.500000 ;-20.843154 ;-23.285104 ;
16.600000 ;-20.855526 ;-23.285531 ;
16.700000 ;-20.844896 ;-23.284077 ;
16.800000 ;-20.835210 ;-23.282770 ;
16.900000 ;-20.846731 ;-23.283328 ;
17.000000 ;-20.848649 ;-23.283127 ;
17.100000 ;-20.835187 ;-23.281673 ;
17.200000 ;-20.839417 ;-23.281770 ;
17.300000 ;-20.846553 ;-23.282159 ;
17.400000 ;-20.835379 ;-23.281035 ;
17.500000 ;-20.835244 ;-23.280886 ;
17.600000 ;-20.842993 ;-23.281441 ;
17.700000 ;-20.834571 ;-23.280656 ;
17.800000 ;-20.831001 ;-23.280312 ;
17.900000 ;-20.839377 ;-23.281009 ;
18.000000 ;-20.836577 ;-23.280782 ;
18.100000 ;-20.826619 ;-23.279972 ;
18.200000 ;-20.832782 ;-23.280550 ;
18.300000 ;-20.842294 ;-23.281431 ;
18.400000 ;-20.828559 ;-23.280358 ;
18.500000 ;-20.824824 ;-23.280149 ;
18.600000 ;-20.839865 ;-23.281548 ;
18.700000 ;-20.837166 ;-23.281456 ;
18.800000 ;-20.824906 ;-23.280565 ;
18.900000 ;-20.833509 ;-23.281455 ;
19.000000 ;-20.839991 ;-23.282175 ;
19.100000 ;-20.828390 ;-23.281371 ;
19.200000 ;-20.830807 ;-23.281764 ;
19.300000 ;-20.838532 ;-23.282615 ;
19.400000 ;-20.829529 ;-23.282055 ;
19.500000 ;-20.828844 ;-23.282207 ;
19.600000 ;-20.837210 ;-23.283131 ;
19.700000 ;-20.831062 ;-23.282831 ;
19.800000 ;-20.825541 ;-23.282588 ;
19.900000 ;-20.834236 ;-23.283555 ;
20.000000 ;-20.837501 ;-23.284066 ;
20.100000 ;-20.824314 ;-23.283185 ;
20.200000 ;-20.826831 ;-23.283638 ;
20.300000 ;-20.841869 ;-23.285157 ;
20.400000 ;-20.832848 ;-23.284638 ;
20.500000 ;-20.823448 ;-23.284089 ;
20.600000 ;-20.836604 ;-23.285455 ;
20.700000 ;-20.840535 ;-23.286041 ;
20.800000 ;-20.828084 ;-23.285239 ;
20.900000 ;-20.833226 ;-23.285930 ;
21.000000 ;-20.840612 ;-23.286812 ;
21.100000 ;-20.831000 ;-23.286255 ;
21.200000 ;-20.832282 ;-23.286622 ;
21.300000 ;-20.839885 ;-23.287526 ;
21.400000 ;-20.832177 ;-23.287132 ;
21.500000 ;-20.830234 ;-23.287228 ;
21.600000 ;-20.839226 ;-23.288251 ;
21.700000 ;-20.836333 ;-23.288267 ;
21.800000 ;-20.827006 ;-23.287738 ;
21.900000 ;-20.834334 ;-23.288621 ;
22.000000 ;-20.845135 ;-23.289798 ;
22.100000 ;-20.831212 ;-23.288880 ;
22.200000 ;-20.827231 ;-23.288804 ;
22.300000 ;-20.843904 ;-23.290481 ;
22.400000 ;-20.842627 ;-23.290635 ;
22.500000 ;-20.829987 ;-23.289825 ;
22.600000 ;-20.838864 ;-23.290839 ;
22.700000 ;-20.845677 ;-23.291679 ;
22.800000 ;-20.834927 ;-23.291029 ;
22.900000 ;-20.837902 ;-23.291543 ;
23.000000 ;-20.844681 ;-23.292378 ;
23.100000 ;-20.836497 ;-23.291946 ;
23.200000 ;-20.836955 ;-23.292245 ;
23.300000 ;-20.844916 ;-23.293180 ;
23.400000 ;-20.838387 ;-23.292886 ;
23.500000 ;-20.833803 ;-23.292757 ;
23.600000 ;-20.843191 ;-23.293811 ;
23.700000 ;-20.846460 ;-23.294347 ;
23.800000 ;-20.832583 ;-23.293429 ;
23.900000 ;-20.835387 ;-23.293924 ;
24.000000 ;-20.852148 ;-23.295603 ;
24.100000 ;-20.843562 ;-23.295132 ;
24.200000 ;-20.832985 ;-23.294492 ;
24.300000 ;-20.846709 ;-23.295912 ;
24.400000 ;-20.851645 ;-23.296587 ;
24.500000 ;-20.839286 ;-23.295794 ;
24.600000 ;-20.844427 ;-23.296484 ;
24.700000 ;-20.850864 ;-23.297285 ;
24.800000 ;-20.842158 ;-23.296801 ;
24.900000 ;-20.844146 ;-23.297222 ;
25.000000 ;-20.850624 ;-23.298024 ;
25.100000 ;-20.843047 ;-23.297634 ;
25.200000 ;-20.842156 ;-23.297811 ;
25.300000 ;-20.851109 ;-23.298821 ;
25.400000 ;-20.847410 ;-23.298758 ;
25.500000 ;-20.838026 ;-23.298213 ;
25.600000 ;-20.846115 ;-23.299148 ;
25.700000 ;-20.858018 ;-23.300407 ;
25.800000 ;-20.843272 ;-23.299405 ;
25.900000 ;-20.838219 ;-23.299225 ;
26.000000 ;-20.856330 ;-23.301009 ;
26.100000 ;-20.856427 ;-23.301265 ;
26.200000 ;-20.842880 ;-23.300363 ;
26.300000 ;-20.851538 ;-23.301344 ;
26.400000 ;-20.858134 ;-23.302149 ;
26.500000 ;-20.848053 ;-23.301540 ;
26.600000 ;-20.851267 ;-23.302057 ;
26.700000 ;-20.856547 ;-23.302749 ;
26.800000 ;-20.849107 ;-23.302362 ;
26.900000 ;-20.850423 ;-23.302716 ;
27.000000 ;-20.857592 ;-23.303566 ;
27.100000 ;-20.850448 ;-23.303203 ;
27.200000 ;-20.846546 ;-23.303113 ;
27.300000 ;-20.856470 ;-23.304196 ;
27.400000 ;-20.859693 ;-23.304709 ;
27.500000 ;-20.844542 ;-23.303664 ;
27.600000 ;-20.847233 ;-23.304131 ;
27.700000 ;-20.866004 ;-23.305963 ;
27.800000 ;-20.858083 ;-23.305529 ;
27.900000 ;-20.845688 ;-23.304715 ;
28.000000 ;-20.859663 ;-23.306138 ;
28.100000 ;-20.865642 ;-23.306883 ;
28.200000 ;-20.853275 ;-23.306070 ;
28.300000 ;-20.858164 ;-23.306720 ;
28.400000 ;-20.863338 ;-23.307394 ;
28.500000 ;-20.855558 ;-23.306969 ;
28.600000 ;-20.858054 ;-23.307414 ;
28.700000 ;-20.863136 ;-23.308078 ;
28.800000 ;-20.855776 ;-23.307687 ;
28.900000 ;-20.855774 ;-23.307919 ;
29.000000 ;-20.864551 ;-23.308894 ;
29.100000 ;-20.859974 ;-23.308737 ;
29.200000 ;-20.850168 ;-23.308136 ;
29.300000 ;-20.858936 ;-23.309109 ;
29.400000 ;-20.872362 ;-23.310478 ;
29.500000 ;-20.856745 ;-23.309381 ;
29.600000 ;-20.849864 ;-23.309026 ;
29.700000 ;-20.869440 ;-23.310915 ;
29.800000 ;-20.871543 ;-23.311321 ;
29.900000 ;-20.856817 ;-23.310298 ;
30.000000 ;-20.864904 ;-23.311210 ;
30.100000 ;-20.871145 ;-23.311965 ;
30.200000 ;-20.861782 ;-23.311396 ;
30.300000 ;-20.865065 ;-23.311899 ;
30.400000 ;-20.868796 ;-23.312439 ;
30.500000 ;-20.862162 ;-23.312099 ;
30.600000 ;-20.864152 ;-23.312491 ;
30.700000 ;-20.870424 ;-23.313244 ;
30.800000 ;-20.862704 ;-23.312811 ;
30.900000 ;-20.859305 ;-23.312743 ;
31.000000 ;-20.869755 ;-23.313850 ;
31.100000 ;-20.873271 ;-23.314368 ;
31.200000 ;-20.856376 ;-23.313153 ;
31.300000 ;-20.858442 ;-23.313547 ;
31.400000 ;-20.879678 ;-23.315568 ;
31.500000 ;-20.873240 ;-23.315239 ;
31.600000 ;-20.858372 ;-23.314194 ;
31.700000 ;-20.872170 ;-23.315581 ;
31.800000 ;-20.879521 ;-23.316422 ;
31.900000 ;-20.867124 ;-23.315585 ;
32.000000 ;-20.871541 ;-23.316174 ;
32.100000 ;-20.875444 ;-23.316719 ;
32.200000 ;-20.868624 ;-23.316354 ;
32.300000 ;-20.871435 ;-23.316805 ;
32.400000 ;-20.875153 ;-23.317333 ;
32.500000 ;-20.868122 ;-23.316948 ;
32.600000 ;-20.868829 ;-23.317219 ;
32.700000 ;-20.877408 ;-23.318157 ;
32.800000 ;-20.872088 ;-23.317916 ;
32.900000 ;-20.861452 ;-23.317223 ;
33.000000 ;-20.870749 ;-23.318220 ;
33.100000 ;-20.886295 ;-23.319748 ;
33.200000 ;-20.870182 ;-23.318588 ;
33.300000 ;-20.860499 ;-23.317973 ;
33.400000 ;-20.881360 ;-23.319951 ;
33.500000 ;-20.886512 ;-23.320595 ;
33.600000 ;-20.870364 ;-23.319430 ;
33.700000 ;-20.877460 ;-23.320237 ;
33.800000 ;-20.883392 ;-23.320945 ;
33.900000 ;-20.874751 ;-23.320416 ;
34.000000 ;-20.877927 ;-23.320888 ;
34.100000 ;-20.880319 ;-23.321294 ;
34.200000 ;-20.874489 ;-23.321001 ;
34.300000 ;-20.876931 ;-23.321410 ;
34.400000 ;-20.882366 ;-23.322071 ;
34.500000 ;-20.874163 ;-23.321576 ;
34.600000 ;-20.871023 ;-23.321509 ;
34.700000 ;-20.881979 ;-23.322638 ;
34.800000 ;-20.886339 ;-23.323206 ;
34.900000 ;-20.867348 ;-23.321792 ;
35.000000 ;-20.868010 ;-23.322046 ;
35.100000 ;-20.892022 ;-23.324282 ;
35.200000 ;-20.888417 ;-23.324173 ;
35.300000 ;-20.870431 ;-23.322841 ;
35.400000 ;-20.883373 ;-23.324135 ;
35.500000 ;-20.892566 ;-23.325112 ;
35.600000 ;-20.880086 ;-23.324247 ;
35.700000 ;-20.883809 ;-23.324756 ;
35.800000 ;-20.886653 ;-23.325191 ;
35.900000 ;-20.880717 ;-23.324880 ;
36.000000 ;-20.883636 ;-23.325319 ;
36.100000 ;-20.886252 ;-23.325732 ;
36.200000 ;-20.879557 ;-23.325355 ;
36.300000 ;-20.880739 ;-23.325646 ;
36.400000 ;-20.889157 ;-23.326550 ;
36.500000 ;-20.883384 ;-23.326249 ;
36.600000 ;-20.871465 ;-23.325426 ;
36.700000 ;-20.880971 ;-23.326421 ;
36.800000 ;-20.899170 ;-23.328153 ;
36.900000 ;-20.883462 ;-23.327007 ;
37.000000 ;-20.869896 ;-23.326041 ;
37.100000 ;-20.891442 ;-23.328057 ;
37.200000 ;-20.900935 ;-23.329050 ;
37.300000 ;-20.883182 ;-23.327728 ;
37.400000 ;-20.888815 ;-23.328390 ;
37.500000 ;-20.894624 ;-23.329068 ;
37.600000 ;-20.886605 ;-23.328570 ;
37.700000 ;-20.889509 ;-23.328999 ;
37.800000 ;-20.890930 ;-23.329302 ;
37.900000 ;-20.885794 ;-23.329048 ;
38.000000 ;-20.888456 ;-23.329455 ;
38.100000 ;-20.893239 ;-23.330041 ;
38.200000 ;-20.884659 ;-23.329493 ;
38.300000 ;-20.881475 ;-23.329403 ;
38.400000 ;-20.892848 ;-23.330547 ;
38.500000 ;-20.898637 ;-23.331216 ;
38.600000 ;-20.877548 ;-23.329604 ;
38.700000 ;-20.875813 ;-23.329634 ;
38.800000 ;-20.902477 ;-23.332076 ;
38.900000 ;-20.903417 ;-23.332333 ;
39.000000 ;-20.881891 ;-23.330680 ;
39.100000 ;-20.893080 ;-23.331806 ;
39.200000 ;-20.904614 ;-23.332962 ;
39.300000 ;-20.891955 ;-23.332062 ;
39.400000 ;-20.894796 ;-23.332476 ;
39.500000 ;-20.896930 ;-23.332831 ;
39.600000 ;-20.891686 ;-23.332559 ;
39.700000 ;-20.894537 ;-23.332973 ;
39.800000 ;-20.896407 ;-23.333304 ;
39.900000 ;-20.889884 ;-23.332926 ;
40.000000 ;-20.891294 ;-23.333217 ;
40.100000 ;-20.899897 ;-23.334100 ;
40.200000 ;-20.898794 ;-23.334126 ;
40.300000 ;-20.898259 ;-23.334165 ;
40.400000 ;-20.900352 ;-23.334407 ;
40.500000 ;-20.902278 ;-23.334621 ;
40.600000 ;-20.905516 ;-23.334955 ;
40.700000 ;-20.909012 ;-23.335327 ;
40.800000 ;-20.913354 ;-23.335799 ;
40.900000 ;-20.918668 ;-23.336386 ;
41.000000 ;-20.923613 ;-23.336985 ;
41.100000 ;-20.929576 ;-23.337713 ;
41.200000 ;-20.937767 ;-23.338665 ;
41.300000 ;-20.945400 ;-23.339617 ;
41.400000 ;-20.945878 ;-23.340038 ;
41.500000 ;-20.953025 ;-23.341056 ;
41.600000 ;-20.972938 ;-23.343162 ;
41.700000 ;-20.994893 ;-23.345465 ;
41.800000 ;-20.998657 ;-23.346294 ;
41.900000 ;-21.006261 ;-23.347486 ;
42.000000 ;-21.027824 ;-23.349888 ;
42.100000 ;-21.039471 ;-23.351462 ;
42.200000 ;-21.052671 ;-23.353178 ;
42.300000 ;-21.074285 ;-23.355607 ;
42.400000 ;-21.089181 ;-23.357458 ;
42.500000 ;-21.103977 ;-23.359284 ;
42.600000 ;-21.130962 ;-23.362103 ;
42.700000 ;-21.158347 ;-23.364903 ;
42.800000 ;-21.166399 ;-23.365995 ;
42.900000 ;-21.187562 ;-23.368133 ;
43.000000 ;-21.233139 ;-23.372261 ;
43.100000 ;-21.265648 ;-23.375137 ;
43.200000 ;-21.270665 ;-23.375495 ;
43.300000 ;-21.306109 ;-23.378339 ;
43.400000 ;-21.360793 ;-23.382665 ;
43.500000 ;-21.379016 ;-23.383591 ;
43.600000 ;-21.408511 ;-23.385264 ;
43.700000 ;-21.454273 ;-23.388091 ;
43.800000 ;-21.483596 ;-23.389178 ;
43.900000 ;-21.520031 ;-23.390563 ;
44.000000 ;-21.564704 ;-23.392309 ;
44.100000 ;-21.599321 ;-23.392790 ;
44.200000 ;-21.639091 ;-23.393308 ;
44.300000 ;-21.689497 ;-23.394302 ;
44.400000 ;-21.731400 ;-23.394067 ;
44.500000 ;-21.765478 ;-23.392640 ;
44.600000 ;-21.817966 ;-23.392304 ;
44.700000 ;-21.880330 ;-23.392267 ;
44.800000 ;-21.916303 ;-23.389272 ;
44.900000 ;-21.953975 ;-23.385812 ;
45.000000 ;-22.021086 ;-23.384360 ;
45.100000 ;-22.082175 ;-23.381677 ;
45.200000 ;-22.116700 ;-23.375884 ;
45.300000 ;-22.172289 ;-23.371293 ;
45.400000 ;-22.237515 ;-23.366838 ;
45.500000 ;-22.281175 ;-23.359652 ;
45.600000 ;-22.335164 ;-23.352641 ;
45.700000 ;-22.397433 ;-23.345599 ;
45.800000 ;-22.446315 ;-23.336533 ;
45.900000 ;-22.500466 ;-23.327149 ;
46.000000 ;-22.564470 ;-23.317853 ;
46.100000 ;-22.618278 ;-23.306804 ;
46.200000 ;-22.666531 ;-23.294432 ;
46.300000 ;-22.730071 ;-23.282661 ;
46.400000 ;-22.798846 ;-23.270559 ;
46.500000 ;-22.843702 ;-23.255427 ;
46.600000 ;-22.892809 ;-23.239905 ;
46.700000 ;-22.966018 ;-23.225860 ;
46.800000 ;-23.033091 ;-23.210462 ;
46.900000 ;-23.072564 ;-23.191712 ;
47.000000 ;-23.130690 ;-23.173992 ;
47.100000 ;-23.204633 ;-23.157050 ;
47.200000 ;-23.252964 ;-23.136983 ;
47.300000 ;-23.303811 ;-23.116485 ;
47.400000 ;-23.369619 ;-23.096758 ;
47.500000 ;-23.423930 ;-23.075314 ;
47.600000 ;-23.473307 ;-23.052808 ;
47.700000 ;-23.534162 ;-23.030823 ;
47.800000 ;-23.593244 ;-23.008128 ;
47.900000 ;-23.638652 ;-22.983625 ;
48.000000 ;-23.693046 ;-22.959500 ;
48.100000 ;-23.757765 ;-22.935907 ;
48.200000 ;-23.808156 ;-22.910528 ;
48.300000 ;-23.847816 ;-22.883741 ;
48.400000 ;-23.906121 ;-22.858387 ;
48.500000 ;-23.975097 ;-22.833729 ;
48.600000 ;-24.016346 ;-22.806121 ;
48.700000 ;-24.054013 ;-22.777913 ;
48.800000 ;-24.116880 ;-22.751901 ;
48.900000 ;-24.179049 ;-22.725622 ;
49.000000 ;-24.212428 ;-22.696407 ;
49.100000 ;-24.259373 ;-22.668363 ;
49.200000 ;-24.319730 ;-22.641500 ;
49.300000 ;-24.360313 ;-22.612655 ;
49.400000 ;-24.401197 ;-22.583789 ;
49.500000 ;-24.454289 ;-22.556071 ;
49.600000 ;-24.500089 ;-22.527653 ;
49.700000 ;-24.536273 ;-22.498340 ;
49.800000 ;-24.582849 ;-22.470075 ;
49.900000 ;-24.635124 ;-22.442432 ;
50.000000 ;-24.670011 ;-22.413215 ;
50.100000 ;-24.703296 ;-22.383964 ;
50.200000 ;-24.753549 ;-22.356483 ;
50.300000 ;-24.806892 ;-22.329457 ;
50.400000 ;-24.832493 ;-22.299941 ;
50.500000 ;-24.861848 ;-22.270984 ;
50.600000 ;-24.916054 ;-22.244629 ;
50.700000 ;-24.967045 ;-22.218190 ;
50.800000 ;-24.986199 ;-22.188935 ;
50.900000 ;-25.020017 ;-22.161347 ;
51.000000 ;-25.072564 ;-22.135829 ;
51.100000 ;-25.103954 ;-22.108559 ;
51.200000 ;-25.129739 ;-22.081046 ;
51.300000 ;-25.170746 ;-22.055297 ;
51.400000 ;-25.208331 ;-22.029533 ;
51.500000 ;-25.232635 ;-22.002818 ;
51.600000 ;-25.266074 ;-21.977309 ;
51.700000 ;-25.306378 ;-21.952795 ;
51.800000 ;-25.332022 ;-21.927221 ;
51.900000 ;-25.355238 ;-21.901767 ;
52.000000 ;-25.392276 ;-21.877988 ;
52.100000 ;-25.432562 ;-21.854880 ;
52.200000 ;-25.449566 ;-21.829910 ;
52.300000 ;-25.467787 ;-21.805425 ;
52.400000 ;-25.508676 ;-21.783475 ;
52.500000 ;-25.552558 ;-21.762182 ;
52.600000 ;-25.562377 ;-21.738011 ;
52.700000 ;-25.578997 ;-21.714865 ;
52.800000 ;-25.622056 ;-21.694619 ;
52.900000 ;-25.655590 ;-21.673840 ;
53.000000 ;-25.664729 ;-21.651111 ;
53.100000 ;-25.690318 ;-21.630326 ;
53.200000 ;-25.726196 ;-21.610897 ;
53.300000 ;-25.741581 ;-21.589890 ;
53.400000 ;-25.760328 ;-21.569577 ;
53.500000 ;-25.790408 ;-21.550712 ;
53.600000 ;-25.812353 ;-21.531443 ;
53.700000 ;-25.825779 ;-21.511732 ;
53.800000 ;-25.849643 ;-21.493376 ;
53.900000 ;-25.880041 ;-21.476002 ;
54.000000 ;-25.893955 ;-21.457422 ;
54.100000 ;-25.902814 ;-21.438719 ;
54.200000 ;-25.929512 ;-21.422059 ;
54.300000 ;-25.965124 ;-21.406593 ;
54.400000 ;-25.974324 ;-21.388969 ;
54.500000 ;-25.975759 ;-21.370951 ;
54.600000 ;-26.004485 ;-21.355856 ;
54.700000 ;-26.044201 ;-21.342135 ;
54.800000 ;-26.047429 ;-21.325288 ;
54.900000 ;-26.053033 ;-21.308992 ;
55.000000 ;-26.083126 ;-21.295334 ;
55.100000 ;-26.104538 ;-21.281172 ;
55.200000 ;-26.108535 ;-21.265675 ;
55.300000 ;-26.126054 ;-21.251765 ;
55.400000 ;-26.149246 ;-21.238694 ;
55.500000 ;-26.156442 ;-21.224411 ;
55.600000 ;-26.168113 ;-21.210845 ;
55.700000 ;-26.189761 ;-21.198511 ;
55.800000 ;-26.204348 ;-21.185797 ;
55.900000 ;-26.207539 ;-21.172289 ;
56.000000 ;-26.221808 ;-21.160102 ;
56.100000 ;-26.247580 ;-21.149270 ;
56.200000 ;-26.260148 ;-21.137462 ;
56.300000 ;-26.254180 ;-21.124172 ;
56.400000 ;-26.267332 ;-21.112940 ;
56.500000 ;-26.301568 ;-21.103948 ;
56.600000 ;-26.316106 ;-21.093350 ;
56.700000 ;-26.304990 ;-21.080584 ;
56.800000 ;-26.318669 ;-21.070392 ;
56.900000 ;-26.352227 ;-21.062306 ;
57.000000 ;-26.355002 ;-21.051557 ;
57.100000 ;-26.354608 ;-21.040738 ;
57.200000 ;-26.373582 ;-21.031963 ;
57.300000 ;-26.386778 ;-21.022864 ;
57.400000 ;-26.387739 ;-21.012832 ;
57.500000 ;-26.399110 ;-21.003988 ;
57.600000 ;-26.415257 ;-20.995800 ;
57.700000 ;-26.417459 ;-20.986506 ;
57.800000 ;-26.422142 ;-20.977645 ;
57.900000 ;-26.438176 ;-20.970044 ;
58.000000 ;-26.452708 ;-20.962494 ;
58.100000 ;-26.447616 ;-20.953291 ;
58.200000 ;-26.449514 ;-20.944929 ;
58.300000 ;-26.471559 ;-20.938635 ;
58.400000 ;-26.493594 ;-20.932518 ;
58.500000 ;-26.481707 ;-20.923394 ;
58.600000 ;-26.476448 ;-20.915063 ;
58.700000 ;-26.503207 ;-20.909898 ;
58.800000 ;-26.529068 ;-20.904812 ;
58.900000 ;-26.515119 ;-20.896155 ;
59.000000 ;-26.516457 ;-20.889088 ;
59.100000 ;-26.539662 ;-20.884221 ;
59.200000 ;-26.542622 ;-20.877610 ;
59.300000 ;-26.540334 ;-20.870653 ;
59.400000 ;-26.552017 ;-20.865148 ;
59.500000 ;-26.560651 ;-20.859499 ;
59.600000 ;-26.558994 ;-20.853025 ;
59.700000 ;-26.565629 ;-20.847462 ;
59.800000 ;-26.578723 ;-20.842635 ;
59.900000 ;-26.579388 ;-20.836776 ;
60.000000 ;-26.575754 ;-20.830642 ;
60.100000 ;-26.586111 ;-20.825940 ;
60.200000 ;-26.604631 ;-20.822122 ;
60.300000 ;-26.602900 ;-20.816530 ;
60.400000 ;-26.588426 ;-20.809865 ;
60.500000 ;-26.599376 ;-20.805690 ;
60.600000 ;-26.630325 ;-20.803494 ;
60.700000 ;-26.631842 ;-20.798657 ;
60.800000 ;-26.612615 ;-20.791990 ;
60.900000 ;-26.623913 ;-20.788279 ;
61.000000 ;-26.651277 ;-20.786172 ;
61.100000 ;-26.642652 ;-20.780802 ;
61.200000 ;-26.638801 ;-20.775976 ;
61.300000 ;-26.652508 ;-20.772885 ;
61.400000 ;-26.654661 ;-20.768810 ;
61.500000 ;-26.651738 ;-20.764352 ;
61.600000 ;-26.659202 ;-20.760953 ;
61.700000 ;-26.666607 ;-20.757637 ;
61.800000 ;-26.662170 ;-20.753301 ;
61.900000 ;-26.663868 ;-20.749622 ;
62.000000 ;-26.675669 ;-20.746968 ;
62.100000 ;-26.681738 ;-20.743859 ;
62.200000 ;-26.669160 ;-20.739090 ;
62.300000 ;-26.668232 ;-20.735485 ;
62.400000 ;-26.688554 ;-20.733936 ;
62.500000 ;-26.705350 ;-20.732132 ;
62.600000 ;-26.684523 ;-20.726893 ;
62.700000 ;-26.674687 ;-20.722749 ;
62.800000 ;-26.700852 ;-20.722031 ;
62.900000 ;-26.722566 ;-20.720965 ;
63.000000 ;-26.702177 ;-20.716039 ;
63.100000 ;-26.700590 ;-20.712931 ;
63.200000 ;-26.719455 ;-20.711792 ;
63.300000 ;-26.715502 ;-20.708588 ;
63.400000 ;-26.711226 ;-20.705414 ;
63.500000 ;-26.719394 ;-20.703459 ;
63.600000 ;-26.721205 ;-20.700969 ;
63.700000 ;-26.717082 ;-20.697982 ;
63.800000 ;-26.721588 ;-20.695854 ;
63.900000 ;-26.730050 ;-20.694149 ;
64.000000 ;-26.724892 ;-20.691229 ;
64.100000 ;-26.718849 ;-20.688277 ;
64.200000 ;-26.727660 ;-20.686759 ;
64.300000 ;-26.743227 ;-20.685920 ;
64.400000 ;-26.735790 ;-20.682987 ;
64.500000 ;-26.716111 ;-20.678962 ;
64.600000 ;-26.725568 ;-20.677696 ;
64.700000 ;-26.757343 ;-20.678553 ;
64.800000 ;-26.756193 ;-20.676388 ;
64.900000 ;-26.731450 ;-20.672070 ;
65.000000 ;-26.740180 ;-20.670911 ;
65.100000 ;-26.765904 ;-20.671377 ;
65.200000 ;-26.753659 ;-20.668347 ;
65.300000 ;-26.747993 ;-20.665968 ;
65.400000 ;-26.758409 ;-20.665126 ;
65.500000 ;-26.756282 ;-20.663153 ;
65.600000 ;-26.752367 ;-20.661051 ;
65.700000 ;-26.757838 ;-20.659859 ;
65.800000 ;-26.760939 ;-20.658481 ;
65.900000 ;-26.754469 ;-20.656247 ;
66.000000 ;-26.755172 ;-20.654714 ;
66.100000 ;-26.764985 ;-20.654062 ;
66.200000 ;-26.767497 ;-20.652763 ;
66.300000 ;-26.751321 ;-20.649757 ;
66.400000 ;-26.748608 ;-20.648035 ;
66.500000 ;-26.768861 ;-20.648480 ;
66.600000 ;-26.785887 ;-20.648653 ;
66.700000 ;-26.761185 ;-20.644973 ;
66.800000 ;-26.746347 ;-20.642241 ;
66.900000 ;-26.772269 ;-20.643329 ;
67.000000 ;-26.796469 ;-20.644282 ;
67.100000 ;-26.773104 ;-20.640836 ;
67.200000 ;-26.768644 ;-20.639175 ;
67.300000 ;-26.785154 ;-20.639491 ;
67.400000 ;-26.779123 ;-20.637734 ;
67.500000 ;-26.774154 ;-20.636100 ;
67.600000 ;-26.780291 ;-20.635522 ;
67.700000 ;-26.779343 ;-20.634308 ;
67.800000 ;-26.774682 ;-20.632772 ;
67.900000 ;-26.778243 ;-20.632022 ;
68.000000 ;-26.784452 ;-20.631539 ;
68.100000 ;-26.776994 ;-20.629808 ;
68.200000 ;-26.769873 ;-20.628128 ;
68.300000 ;-26.778011 ;-20.627888 ;
68.400000 ;-26.792941 ;-20.628298 ;
68.500000 ;-26.784175 ;-20.626525 ;
68.600000 ;-26.760084 ;-20.623346 ;
68.700000 ;-26.767461 ;-20.623113 ;
68.800000 ;-26.801801 ;-20.625403 ;
68.900000 ;-26.803886 ;-20.624712 ;
69.000000 ;-26.774425 ;-20.621104 ;
69.100000 ;-26.779679 ;-20.620744 ;
69.200000 ;-26.806092 ;-20.622367 ;
69.300000 ;-26.793523 ;-20.620381 ;
69.400000 ;-26.786427 ;-20.618919 ;
69.500000 ;-26.794786 ;-20.618909 ;
69.600000 ;-26.791304 ;-20.617814 ;
69.700000 ;-26.787202 ;-20.616675 ;
69.800000 ;-26.791589 ;-20.616340 ;
69.900000 ;-26.792863 ;-20.615730 ;
70.000000 ;-26.785831 ;-20.614362 ;
70.100000 ;-26.786110 ;-20.613687 ;
70.200000 ;-26.794990 ;-20.613824 ;
70.300000 ;-26.796515 ;-20.613290 ;
70.400000 ;-26.778279 ;-20.610934 ;
70.500000 ;-26.773727 ;-20.609861 ;
70.600000 ;-26.794177 ;-20.611124 ;
70.700000 ;-26.813954 ;-20.612336 ;
70.800000 ;-26.788652 ;-20.609370 ;
70.900000 ;-26.768064 ;-20.606854 ;
71.000000 ;-26.792752 ;-20.608559 ;
71.100000 ;-26.822455 ;-20.610741 ;
71.200000 ;-26.798294 ;-20.607924 ;
71.300000 ;-26.790636 ;-20.606652 ;
71.400000 ;-26.805721 ;-20.607505 ;
71.500000 ;-26.799674 ;-20.606404 ;
71.600000 ;-26.794271 ;-20.605371 ;
71.700000 ;-26.799181 ;-20.605306 ;
71.800000 ;-26.797345 ;-20.604624 ;
71.900000 ;-26.792638 ;-20.603684 ;
72.000000 ;-26.795655 ;-20.603470 ;
72.100000 ;-26.800883 ;-20.603471 ;
72.200000 ;-26.792706 ;-20.602235 ;
72.300000 ;-26.784815 ;-20.601033 ;
72.400000 ;-26.792374 ;-20.601276 ;
72.500000 ;-26.807571 ;-20.602235 ;
72.600000 ;-26.799962 ;-20.601084 ;
72.700000 ;-26.772011 ;-20.598051 ;
72.800000 ;-26.776240 ;-20.598016 ;
72.900000 ;-26.812903 ;-20.601002 ;
73.000000 ;-26.821701 ;-20.601404 ;
73.100000 ;-26.788392 ;-20.597900 ;
73.200000 ;-26.789118 ;-20.597569 ;
73.300000 ;-26.816776 ;-20.599747 ;
73.400000 ;-26.805761 ;-20.598337 ;
73.500000 ;-26.797193 ;-20.597159 ;
73.600000 ;-26.804166 ;-20.597432 ;
73.700000 ;-26.800601 ;-20.596732 ;
73.800000 ;-26.796397 ;-20.595979 ;
73.900000 ;-26.800104 ;-20.595966 ;
74.000000 ;-26.800827 ;-20.595681 ;
74.100000 ;-26.793690 ;-20.594672 ;
74.200000 ;-26.793587 ;-20.594322 ;
74.300000 ;-26.801943 ;-20.594763 ;
74.400000 ;-26.803785 ;-20.594605 ;
74.500000 ;-26.784462 ;-20.592485 ;
74.600000 ;-26.777792 ;-20.591547 ;
74.700000 ;-26.797923 ;-20.593103 ;
74.800000 ;-26.821008 ;-20.594937 ;
74.900000 ;-26.797768 ;-20.592473 ;
75.000000 ;-26.771302 ;-20.589715 ;
75.100000 ;-26.793237 ;-20.591460 ;
75.200000 ;-26.828844 ;-20.594479 ;
75.300000 ;-26.806085 ;-20.592077 ;
75.400000 ;-26.794936 ;-20.590758 ;
75.500000 ;-26.808883 ;-20.591777 ;
75.600000 ;-26.803863 ;-20.591036 ;
75.700000 ;-26.797937 ;-20.590215 ;
75.800000 ;-26.802027 ;-20.590328 ;
75.900000 ;-26.800190 ;-20.589894 ;
76.000000 ;-26.795461 ;-20.589196 ;
76.100000 ;-26.798020 ;-20.589178 ;
76.200000 ;-26.802915 ;-20.589380 ;
76.300000 ;-26.794867 ;-20.588384 ;
76.400000 ;-26.786241 ;-20.587338 ;
76.500000 ;-26.793012 ;-20.587726 ;
76.600000 ;-26.808605 ;-20.588935 ;
76.700000 ;-26.803535 ;-20.588229 ;
76.800000 ;-26.772690 ;-20.585133 ;
76.900000 ;-26.772914 ;-20.584927 ;
77.000000 ;-26.810592 ;-20.588202 ;
77.100000 ;-26.827643 ;-20.589562 ;
77.200000 ;-26.791838 ;-20.586015 ;
77.300000 ;-26.787334 ;-20.585381 ;
77.400000 ;-26.815781 ;-20.587813 ;
77.500000 ;-26.807707 ;-20.586852 ;
77.600000 ;-26.797526 ;-20.585698 ;
77.700000 ;-26.803418 ;-20.586039 ;
77.800000 ;-26.800396 ;-20.585555 ;
77.900000 ;-26.795973 ;-20.584943 ;
78.000000 ;-26.799151 ;-20.585039 ;
78.100000 ;-26.799999 ;-20.584921 ;
78.200000 ;-26.792902 ;-20.584068 ;
78.300000 ;-26.792307 ;-20.583821 ;
78.400000 ;-26.800239 ;-20.584368 ;
78.500000 ;-26.802990 ;-20.584436 ;
78.600000 ;-26.783463 ;-20.582438 ;
78.700000 ;-26.774541 ;-20.581427 ;
78.800000 ;-26.793605 ;-20.583017 ;
78.900000 ;-26.819480 ;-20.585241 ;
79.000000 ;-26.806771 ;-20.583884 ;
79.100000 ;-26.794134 ;-20.582535 ;
79.200000 ;-26.802519 ;-20.583142 ;
79.300000 ;-26.801599 ;-20.582886 ;
79.400000 ;-26.795737 ;-20.582173 ;
79.500000 ;-26.798160 ;-20.582230 ;
79.600000 ;-26.798258 ;-20.582074 ;
79.700000 ;-26.790267 ;-20.581169 ;
79.800000 ;-26.789739 ;-20.580958 ;
79.900000 ;-26.798965 ;-20.581655 ;
80.000000 ;-26.803556 ;-20.581922 ;
