0.000000 ;-27.500000 ;-20.600000 ;
0.100000 ;-29.025165 ;-20.386404 ;
0.200000 ;-30.045059 ;-20.235809 ;
0.300000 ;-30.768996 ;-20.140141 ;
0.400000 ;-31.324213 ;-20.090225 ;
0.500000 ;-31.753912 ;-20.074005 ;
0.600000 ;-32.101645 ;-20.083250 ;
0.700000 ;-32.376052 ;-20.109710 ;
0.800000 ;-32.602047 ;-20.148498 ;
0.900000 ;-32.789421 ;-20.195206 ;
1.000000 ;-32.937855 ;-20.246233 ;
1.100000 ;-33.057796 ;-20.299458 ;
1.200000 ;-33.167530 ;-20.354001 ;
1.300000 ;-33.260640 ;-20.407894 ;
1.400000 ;-33.325260 ;-20.459151 ;
1.500000 ;-33.367592 ;-20.507514 ;
1.600000 ;-33.412063 ;-20.554474 ;
1.700000 ;-33.467836 ;-20.600478 ;
1.800000 ;-33.503219 ;-20.642332 ;
1.900000 ;-33.518533 ;-20.679943 ;
2.000000 ;-33.546113 ;-20.716517 ;
2.100000 ;-33.575615 ;-20.751011 ;
2.200000 ;-33.587928 ;-20.781530 ;
2.300000 ;-33.594516 ;-20.809321 ;
2.400000 ;-33.617789 ;-20.836767 ;
2.500000 ;-33.634595 ;-20.861600 ;
2.600000 ;-33.633350 ;-20.882741 ;
2.700000 ;-33.630918 ;-20.902040 ;
2.800000 ;-33.655313 ;-20.922502 ;
2.900000 ;-33.672960 ;-20.940771 ;
3.000000 ;-33.661448 ;-20.954632 ;
3.100000 ;-33.643649 ;-20.966556 ;
3.200000 ;-33.667863 ;-20.981652 ;
3.300000 ;-33.689837 ;-20.995422 ;
3.400000 ;-33.674040 ;-21.004262 ;
3.500000 ;-33.653458 ;-21.011679 ;
3.600000 ;-33.677230 ;-21.022857 ;
3.700000 ;-33.687175 ;-21.031817 ;
3.800000 ;-33.672695 ;-21.037521 ;
3.900000 ;-33.675723 ;-21.044394 ;
4.000000 ;-33.688129 ;-21.051647 ;
4.100000 ;-33.684756 ;-21.056710 ;
4.200000 ;-33.678589 ;-21.060983 ;
4.300000 ;-33.689613 ;-21.066595 ;
4.400000 ;-33.693771 ;-21.071077 ;
4.500000 ;-33.684850 ;-21.073817 ;
4.600000 ;-33.682010 ;-21.076850 ;
4.700000 ;-33.698620 ;-21.081602 ;
4.800000 ;-33.702729 ;-21.084767 ;
4.900000 ;-33.685916 ;-21.085492 ;
5.000000 ;-33.674513 ;-21.086550 ;
5.100000 ;-33.700055 ;-21.091254 ;
5.200000 ;-33.712413 ;-21.094392 ;
5.300000 ;-33.688182 ;-21.093542 ;
5.400000 ;-33.665587 ;-21.092708 ;
5.500000 ;-33.692300 ;-21.096880 ;
5.600000 ;-33.702654 ;-21.099220 ;
5.700000 ;-33.680728 ;-21.098079 ;
5.800000 ;-33.677996 ;-21.098841 ;
5.900000 ;-33.693578 ;-21.101424 ;
6.000000 ;-33.689996 ;-21.101926 ;
6.100000 ;-33.680974 ;-21.101787 ;
6.200000 ;-33.691033 ;-21.103577 ;
6.300000 ;-33.693881 ;-21.104557 ;
6.400000 ;-33.685274 ;-21.104290 ;
6.500000 ;-33.685858 ;-21.104939 ;
6.600000 ;-33.697601 ;-21.106714 ;
6.700000 ;-33.696251 ;-21.107087 ;
6.800000 ;-33.681956 ;-21.106078 ;
6.900000 ;-33.681588 ;-21.106497 ;
7.000000 ;-33.704596 ;-21.109335 ;
7.100000 ;-33.706686 ;-21.109968 ;
7.200000 ;-33.680304 ;-21.107611 ;
7.300000 ;-33.666475 ;-21.106550 ;
7.400000 ;-33.697475 ;-21.110158 ;
7.500000 ;-33.705792 ;-21.111387 ;
7.600000 ;-33.676264 ;-21.108657 ;
7.700000 ;-33.668203 ;-21.108160 ;
7.800000 ;-33.690500 ;-21.110826 ;
7.900000 ;-33.688235 ;-21.110923 ;
8.000000 ;-33.673645 ;-21.109728 ;
8.100000 ;-33.684529 ;-21.111190 ;
8.200000 ;-33.688924 ;-21.111972 ;
8.300000 ;-33.680665 ;-21.111430 ;
8.400000 ;-33.682318 ;-21.111922 ;
8.500000 ;-33.690949 ;-21.113142 ;
8.600000 ;-33.687801 ;-21.113131 ;
8.700000 ;-33.677411 ;-21.112363 ;
8.800000 ;-33.684374 ;-21.113409 ;
8.900000 ;-33.699525 ;-21.115310 ;
9.000000 ;-33.693892 ;-21.115041 ;
9.100000 ;-33.671911 ;-21.113063 ;
9.200000 ;-33.672541 ;-21.113448 ;
9.300000 ;-33.703340 ;-21.116986 ;
9.400000 ;-33.703706 ;-21.117346 ;
9.500000 ;-33.668597 ;-21.114002 ;
9.600000 ;-33.659988 ;-21.113426 ;
9.700000 ;-33.674526 ;-21.115266 ;
9.800000 ;-33.676785 ;-21.115823 ;
9.900000 ;-33.678321 ;-21.167974 ;
10.000000 ;-33.656399 ;-21.464405 ;
10.100000 ;-33.589926 ;-21.859234 ;
10.200000 ;-33.470479 ;-22.254743 ;
10.300000 ;-33.304540 ;-22.618096 ;
10.400000 ;-33.101241 ;-22.938155 ;
10.500000 ;-32.872088 ;-23.213507 ;
10.600000 ;-32.627834 ;-23.446415 ;
10.700000 ;-32.376947 ;-23.640513 ;
10.800000 ;-32.128336 ;-23.800180 ;
10.900000 ;-31.885158 ;-23.929386 ;
11.000000 ;-31.652123 ;-24.032287 ;
11.100000 ;-31.437275 ;-24.113215 ;
11.200000 ;-31.230387 ;-24.174327 ;
11.300000 ;-31.030437 ;-24.218552 ;
11.400000 ;-30.865591 ;-24.251640 ;
11.500000 ;-30.729682 ;-24.275282 ;
11.600000 ;-30.579170 ;-24.286764 ;
11.700000 ;-30.422856 ;-24.288964 ;
11.800000 ;-30.321309 ;-24.290394 ;
11.900000 ;-30.257347 ;-24.290401 ;
12.000000 ;-30.149844 ;-24.280757 ;
12.100000 ;-30.047865 ;-24.268168 ;
12.200000 ;-29.992740 ;-24.258228 ;
12.300000 ;-29.932143 ;-24.245498 ;
12.400000 ;-29.861086 ;-24.229965 ;
12.500000 ;-29.813603 ;-24.216021 ;
12.600000 ;-29.769562 ;-24.201694 ;
12.700000 ;-29.720723 ;-24.186336 ;
12.800000 ;-29.686221 ;-24.172367 ;
12.900000 ;-29.659592 ;-24.159223 ;
13.000000 ;-29.621052 ;-24.144790 ;
13.100000 ;-29.589167 ;-24.131303 ;
13.200000 ;-29.575743 ;-24.120182 ;
13.300000 ;-29.564057 ;-24.109571 ;
13.400000 ;-29.524878 ;-24.096163 ;
13.500000 ;-29.495956 ;-24.084328 ;
13.600000 ;-29.501938 ;-24.076918 ;
13.700000 ;-29.510593 ;-24.070223 ;
13.800000 ;-29.470471 ;-24.058311 ;
13.900000 ;-29.446060 ;-24.048623 ;
14.000000 ;-29.462392 ;-24.044041 ;
14.100000 ;-29.458482 ;-24.037511 ;
14.200000 ;-29.430819 ;-24.028615 ;
14.300000 ;-29.427865 ;-24.022929 ;
14.400000 ;-29.427243 ;-24.017858 ;
14.500000 ;-29.410495 ;-24.011260 ;
14.600000 ;-29.405142 ;-24.006286 ;
14.700000 ;-29.405478 ;-24.002264 ;
14.800000 ;-29.392488 ;-23.996992 ;
14.900000 ;-29.384370 ;-23.992545 ;
15.000000 ;-29.388070 ;-23.989704 ;
15.100000 ;-29.386934 ;-23.986543 ;
15.200000 ;-29.366351 ;-23.981370 ;
15.300000 ;-29.359561 ;-23.977989 ;
15.400000 ;-29.375630 ;-23.977427 ;
15.500000 ;-29.383946 ;-23.976156 ;
15.600000 ;-29.351638 ;-23.970387 ;
15.700000 ;-29.340132 ;-23.967168 ;
15.800000 ;-29.369545 ;-23.968801 ;
15.900000 ;-29.379649 ;-23.968354 ;
16.000000 ;-29.349914 ;-23.963457 ;
16.100000 ;-29.350552 ;-23.962169 ;
16.200000 ;-29.367231 ;-23.962836 ;
16.300000 ;-29.352239 ;-23.959972 ;
16.400000 ;-29.347395 ;-23.958368 ;
16.500000 ;-29.353593 ;-23.958122 ;
16.600000 ;-29.345894 ;-23.956366 ;
16.700000 ;-29.341136 ;-23.955025 ;
16.800000 ;-29.346272 ;-23.954890 ;
16.900000 ;-29.345202 ;-23.954112 ;
17.000000 ;-29.332912 ;-23.952110 ;
17.100000 ;-29.333020 ;-23.951588 ;
17.200000 ;-29.346236 ;-23.952622 ;
17.300000 ;-29.345558 ;-23.952113 ;
17.400000 ;-29.318928 ;-23.948674 ;
17.500000 ;-29.317569 ;-23.948176 ;
17.600000 ;-29.348366 ;-23.951408 ;
17.700000 ;-29.357218 ;-23.952160 ;
17.800000 ;-29.322985 ;-23.948002 ;
17.900000 ;-29.323569 ;-23.947869 ;
18.000000 ;-29.354864 ;-23.951292 ;
18.100000 ;-29.342772 ;-23.949765 ;
18.200000 ;-29.330864 ;-23.948283 ;
18.300000 ;-29.340898 ;-23.949338 ;
18.400000 ;-29.337207 ;-23.948844 ;
18.500000 ;-29.330805 ;-23.948058 ;
18.600000 ;-29.335433 ;-23.948553 ;
18.700000 ;-29.335327 ;-23.948524 ;
18.800000 ;-29.327345 ;-23.947608 ;
18.900000 ;-29.329117 ;-23.947824 ;
19.000000 ;-29.338121 ;-23.948882 ;
19.100000 ;-29.331539 ;-23.948166 ;
19.200000 ;-29.314917 ;-23.946312 ;
19.300000 ;-29.320897 ;-23.947058 ;
19.400000 ;-29.344936 ;-23.949885 ;
19.500000 ;-29.342676 ;-23.949706 ;
19.600000 ;-29.308799 ;-23.945908 ;
19.700000 ;-29.313890 ;-23.946589 ;
19.800000 ;-29.354029 ;-23.951298 ;
19.900000 ;-29.347110 ;-23.950617 ;
20.000000 ;-29.323983 ;-23.948081 ;
20.100000 ;-29.336831 ;-23.949675 ;
20.200000 ;-29.343624 ;-23.950582 ;
20.300000 ;-29.331512 ;-23.949326 ;
20.400000 ;-29.334170 ;-23.949767 ;
20.500000 ;-29.336853 ;-23.950214 ;
20.600000 ;-29.329897 ;-23.949561 ;
20.700000 ;-29.331064 ;-23.949841 ;
20.800000 ;-29.337483 ;-23.950726 ;
20.900000 ;-29.330495 ;-23.950079 ;
21.000000 ;-29.322241 ;-23.949289 ;
21.100000 ;-29.329925 ;-23.950327 ;
21.200000 ;-29.344201 ;-23.952123 ;
21.300000 ;-29.331290 ;-23.950806 ;
21.400000 ;-29.306717 ;-23.948153 ;
21.500000 ;-29.319615 ;-23.949798 ;
21.600000 ;-29.357177 ;-23.954274 ;
21.700000 ;-29.347820 ;-23.953372 ;
21.800000 ;-29.316342 ;-23.949931 ;
21.900000 ;-29.332239 ;-23.951927 ;
22.000000 ;-29.359205 ;-23.955195 ;
22.100000 ;-29.338248 ;-23.952968 ;
22.200000 ;-29.335236 ;-23.952798 ;
22.300000 ;-29.344514 ;-23.954037 ;
22.400000 ;-29.336227 ;-23.953264 ;
22.500000 ;-29.335013 ;-23.953302 ;
22.600000 ;-29.340689 ;-23.954130 ;
22.700000 ;-29.335503 ;-23.953714 ;
22.800000 ;-29.331037 ;-23.953381 ;
22.900000 ;-29.337379 ;-23.954287 ;
23.000000 ;-29.344171 ;-23.955244 ;
23.100000 ;-29.328955 ;-23.953680 ;
23.200000 ;-29.317862 ;-23.952589 ;
23.300000 ;-29.333863 ;-23.954603 ;
23.400000 ;-29.358317 ;-23.957587 ;
23.500000 ;-29.338840 ;-23.955535 ;
23.600000 ;-29.308947 ;-23.952286 ;
23.700000 ;-29.331014 ;-23.955000 ;
23.800000 ;-29.371761 ;-23.959858 ;
23.900000 ;-29.346985 ;-23.957200 ;
24.000000 ;-29.333545 ;-23.955840 ;
24.100000 ;-29.352628 ;-23.958209 ;
24.200000 ;-29.347165 ;-23.957766 ;
24.300000 ;-29.340091 ;-23.957137 ;
24.400000 ;-29.345866 ;-23.957979 ;
24.500000 ;-29.342825 ;-23.957812 ;
24.600000 ;-29.338613 ;-23.957511 ;
24.700000 ;-29.343241 ;-23.958222 ;
24.800000 ;-29.346323 ;-23.958756 ;
24.900000 ;-29.335422 ;-23.957688 ;
25.000000 ;-29.332615 ;-23.957547 ;
25.100000 ;-29.345536 ;-23.959207 ;
25.200000 ;-29.355539 ;-23.960533 ;
25.300000 ;-29.329964 ;-23.957781 ;
25.400000 ;-29.313356 ;-23.956057 ;
25.500000 ;-29.340733 ;-23.959377 ;
25.600000 ;-29.376763 ;-23.963690 ;
25.700000 ;-29.347627 ;-23.960528 ;
25.800000 ;-29.325984 ;-23.958224 ;
25.900000 ;-29.355347 ;-23.961772 ;
26.000000 ;-29.365069 ;-23.963069 ;
26.100000 ;-29.346310 ;-23.961099 ;
26.200000 ;-29.350614 ;-23.961770 ;
26.300000 ;-29.352756 ;-23.962193 ;
26.400000 ;-29.345894 ;-23.961585 ;
26.500000 ;-29.348553 ;-23.962067 ;
26.600000 ;-29.351231 ;-23.962551 ;
26.700000 ;-29.344132 ;-23.961914 ;
26.800000 ;-29.343825 ;-23.962055 ;
26.900000 ;-29.352477 ;-23.963222 ;
27.000000 ;-29.352757 ;-23.963430 ;
27.100000 ;-29.333047 ;-23.961347 ;
27.200000 ;-29.330643 ;-23.961247 ;
27.300000 ;-29.354833 ;-23.964194 ;
27.400000 ;-29.372513 ;-23.966396 ;
27.500000 ;-29.352465 ;-23.964273 ;
27.600000 ;-29.348678 ;-23.964012 ;
27.700000 ;-29.360613 ;-23.965554 ;
27.800000 ;-29.353292 ;-23.964889 ;
27.900000 ;-29.350652 ;-23.964760 ;
28.000000 ;-29.356072 ;-23.965553 ;
28.100000 ;-29.352062 ;-23.965267 ;
28.200000 ;-29.347563 ;-23.964924 ;
28.300000 ;-29.352961 ;-23.965714 ;
28.400000 ;-29.359437 ;-23.966627 ;
28.500000 ;-29.345780 ;-23.965234 ;
28.600000 ;-29.334811 ;-23.964147 ;
28.700000 ;-29.349011 ;-23.965945 ;
28.800000 ;-29.372755 ;-23.968837 ;
28.900000 ;-29.356444 ;-23.967137 ;
29.000000 ;-29.322898 ;-23.963457 ;
29.100000 ;-29.341241 ;-23.965732 ;
29.200000 ;-29.387784 ;-23.971244 ;
29.300000 ;-29.368525 ;-23.969205 ;
29.400000 ;-29.347750 ;-23.966989 ;
29.500000 ;-29.366757 ;-23.969336 ;
29.600000 ;-29.366849 ;-23.969516 ;
29.700000 ;-29.356861 ;-23.968539 ;
29.800000 ;-29.361620 ;-23.969250 ;
29.900000 ;-29.360115 ;-23.969244 ;
30.000000 ;-29.355372 ;-23.968866 ;
30.100000 ;-29.359105 ;-23.969459 ;
30.200000 ;-29.362520 ;-23.970015 ;
30.300000 ;-29.352853 ;-23.969072 ;
30.400000 ;-29.349831 ;-23.968889 ;
30.500000 ;-29.361192 ;-23.970354 ;
30.600000 ;-29.370678 ;-23.971605 ;
30.700000 ;-29.346859 ;-23.969036 ;
30.800000 ;-29.329233 ;-23.967177 ;
30.900000 ;-29.354111 ;-23.970193 ;
31.000000 ;-29.391892 ;-23.974690 ;
31.100000 ;-29.366932 ;-23.971988 ;
31.200000 ;-29.338466 ;-23.968882 ;
31.300000 ;-29.366159 ;-23.972221 ;
31.400000 ;-29.387620 ;-23.974848 ;
31.500000 ;-29.364369 ;-23.972343 ;
31.600000 ;-29.365357 ;-23.972615 ;
31.700000 ;-29.370886 ;-23.973408 ;
31.800000 ;-29.362911 ;-23.972653 ;
31.900000 ;-29.364225 ;-23.972962 ;
32.000000 ;-29.367619 ;-23.973508 ;
32.100000 ;-29.361144 ;-23.972923 ;
32.200000 ;-29.360241 ;-23.972976 ;
32.300000 ;-29.367866 ;-23.974006 ;
32.400000 ;-29.368551 ;-23.974241 ;
32.500000 ;-29.350527 ;-23.972330 ;
32.600000 ;-29.347677 ;-23.972159 ;
32.700000 ;-29.369478 ;-23.974813 ;
32.800000 ;-29.387021 ;-23.976979 ;
32.900000 ;-29.368511 ;-23.975011 ;
33.000000 ;-29.363715 ;-23.974615 ;
33.100000 ;-29.375867 ;-23.976161 ;
33.200000 ;-29.369575 ;-23.975594 ;
33.300000 ;-29.365930 ;-23.975329 ;
33.400000 ;-29.371499 ;-23.976119 ;
33.500000 ;-29.368656 ;-23.975945 ;
33.600000 ;-29.363000 ;-23.975449 ;
33.700000 ;-29.367546 ;-23.976121 ;
33.800000 ;-29.375328 ;-23.977163 ;
33.900000 ;-29.363743 ;-23.975985 ;
34.000000 ;-29.350554 ;-23.974623 ;
34.100000 ;-29.362335 ;-23.976124 ;
34.200000 ;-29.386894 ;-23.979089 ;
34.300000 ;-29.375444 ;-23.977924 ;
34.400000 ;-29.341364 ;-23.974162 ;
34.500000 ;-29.355274 ;-23.975907 ;
34.600000 ;-29.399967 ;-23.981186 ;
34.700000 ;-29.384561 ;-23.979568 ;
34.800000 ;-29.363286 ;-23.977273 ;
34.900000 ;-29.380443 ;-23.979387 ;
35.000000 ;-29.382320 ;-23.979750 ;
35.100000 ;-29.371827 ;-23.978693 ;
35.200000 ;-29.376201 ;-23.979340 ;
35.300000 ;-29.375831 ;-23.979442 ;
35.400000 ;-29.370357 ;-23.978959 ;
35.500000 ;-29.373510 ;-23.979464 ;
35.600000 ;-29.378127 ;-23.980136 ;
35.700000 ;-29.368763 ;-23.979206 ;
35.800000 ;-29.364039 ;-23.978807 ;
35.900000 ;-29.374634 ;-23.980163 ;
36.000000 ;-29.386089 ;-23.981618 ;
36.100000 ;-29.365227 ;-23.979367 ;
36.200000 ;-29.344897 ;-23.977175 ;
36.300000 ;-29.366312 ;-23.979774 ;
36.400000 ;-29.404659 ;-23.984315 ;
36.500000 ;-29.384201 ;-23.982108 ;
36.600000 ;-29.354844 ;-23.978877 ;
36.700000 ;-29.378994 ;-23.981789 ;
36.800000 ;-29.401584 ;-23.984524 ;
36.900000 ;-29.379025 ;-23.982076 ;
37.000000 ;-29.379151 ;-23.982228 ;
37.100000 ;-29.385595 ;-23.983105 ;
37.200000 ;-29.377412 ;-23.982304 ;
37.300000 ;-29.378169 ;-23.982528 ;
37.400000 ;-29.382383 ;-23.983147 ;
37.500000 ;-29.375847 ;-23.982534 ;
37.600000 ;-29.373934 ;-23.982450 ;
37.700000 ;-29.381464 ;-23.983448 ;
37.800000 ;-29.384204 ;-23.983896 ;
37.900000 ;-29.366115 ;-23.981957 ;
38.000000 ;-29.360710 ;-23.981471 ;
38.100000 ;-29.381372 ;-23.983974 ;
38.200000 ;-29.401552 ;-23.986422 ;
38.300000 ;-29.383994 ;-23.984541 ;
38.400000 ;-29.377254 ;-23.983901 ;
38.500000 ;-29.389382 ;-23.985423 ;
38.600000 ;-29.384198 ;-23.984961 ;
38.700000 ;-29.379749 ;-23.984583 ;
38.800000 ;-29.385048 ;-23.985321 ;
38.900000 ;-29.383030 ;-23.985221 ;
39.000000 ;-29.376956 ;-23.984656 ;
39.100000 ;-29.380819 ;-23.985228 ;
39.200000 ;-29.388869 ;-23.986281 ;
39.300000 ;-29.378610 ;-23.985234 ;
39.400000 ;-29.364511 ;-23.983746 ;
39.500000 ;-29.374720 ;-23.985045 ;
39.600000 ;-29.399362 ;-23.988000 ;
39.700000 ;-29.396657 ;-23.987818 ;
39.800000 ;-29.389421 ;-23.987116 ;
39.900000 ;-29.386606 ;-23.986920 ;
40.000000 ;-29.385610 ;-23.986931 ;
40.100000 ;-29.385478 ;-23.987027 ;
40.200000 ;-29.385903 ;-23.987159 ;
40.300000 ;-29.386787 ;-23.987323 ;
40.400000 ;-29.388053 ;-23.987509 ;
40.500000 ;-29.389701 ;-23.987729 ;
40.600000 ;-29.391720 ;-23.987990 ;
40.700000 ;-29.394118 ;-23.988299 ;
40.800000 ;-29.396965 ;-23.988672 ;
40.900000 ;-29.400126 ;-23.989096 ;
41.000000 ;-29.403681 ;-23.989586 ;
41.100000 ;-29.407970 ;-23.990178 ;
41.200000 ;-29.412656 ;-23.990838 ;
41.300000 ;-29.416635 ;-23.991451 ;
41.400000 ;-29.421866 ;-23.992226 ;
41.500000 ;-29.429436 ;-23.993276 ;
41.600000 ;-29.437698 ;-23.994420 ;
41.700000 ;-29.434973 ;-23.994348 ;
41.800000 ;-29.420222 ;-23.992937 ;
41.900000 ;-29.425079 ;-23.993760 ;
42.000000 ;-29.458921 ;-23.997866 ;
42.100000 ;-29.506469 ;-24.003509 ;
42.200000 ;-29.527779 ;-24.006146 ;
42.300000 ;-29.511290 ;-24.004467 ;
42.400000 ;-29.519977 ;-24.005655 ;
42.500000 ;-29.535394 ;-24.007578 ;
42.600000 ;-29.544177 ;-24.008686 ;
42.700000 ;-29.560176 ;-24.010558 ;
42.800000 ;-29.574597 ;-24.012173 ;
42.900000 ;-29.587567 ;-24.013536 ;
43.000000 ;-29.608131 ;-24.015652 ;
43.100000 ;-29.633063 ;-24.018136 ;
43.200000 ;-29.643881 ;-24.018862 ;
43.300000 ;-29.643466 ;-24.018142 ;
43.400000 ;-29.669725 ;-24.020305 ;
43.500000 ;-29.724382 ;-24.025519 ;
43.600000 ;-29.768653 ;-24.029295 ;
43.700000 ;-29.769824 ;-24.027845 ;
43.800000 ;-29.790639 ;-24.028397 ;
43.900000 ;-29.826941 ;-24.030442 ;
44.000000 ;-29.847095 ;-24.030279 ;
44.100000 ;-29.875079 ;-24.030664 ;
44.200000 ;-29.907944 ;-24.031227 ;
44.300000 ;-29.933010 ;-24.030480 ;
44.400000 ;-29.963074 ;-24.029870 ;
44.500000 ;-30.002475 ;-24.029862 ;
44.600000 ;-30.038187 ;-24.028929 ;
44.700000 ;-30.053428 ;-24.025109 ;
44.800000 ;-30.082030 ;-24.022298 ;
44.900000 ;-30.139098 ;-24.022218 ;
45.000000 ;-30.199450 ;-24.021910 ;
45.100000 ;-30.220118 ;-24.016356 ;
45.200000 ;-30.248305 ;-24.011046 ;
45.300000 ;-30.298409 ;-24.007643 ;
45.400000 ;-30.333719 ;-24.001822 ;
45.500000 ;-30.368115 ;-23.995195 ;
45.600000 ;-30.412934 ;-23.989072 ;
45.700000 ;-30.452111 ;-23.981561 ;
45.800000 ;-30.486498 ;-23.972757 ;
45.900000 ;-30.531157 ;-23.964398 ;
46.000000 ;-30.581508 ;-23.955940 ;
46.100000 ;-30.614597 ;-23.944706 ;
46.200000 ;-30.640799 ;-23.931910 ;
46.300000 ;-30.691471 ;-23.921211 ;
46.400000 ;-30.759832 ;-23.911812 ;
46.500000 ;-30.799690 ;-23.898304 ;
46.600000 ;-30.806063 ;-23.880112 ;
46.700000 ;-30.853361 ;-23.865994 ;
46.800000 ;-30.939743 ;-23.855739 ;
46.900000 ;-30.979580 ;-23.839271 ;
47.000000 ;-30.996045 ;-23.819342 ;
47.100000 ;-31.049495 ;-23.803074 ;
47.200000 ;-31.102511 ;-23.786075 ;
47.300000 ;-31.131886 ;-23.765636 ;
47.400000 ;-31.175262 ;-23.746202 ;
47.500000 ;-31.221700 ;-23.726509 ;
47.600000 ;-31.256283 ;-23.704836 ;
47.700000 ;-31.297551 ;-23.683373 ;
47.800000 ;-31.345848 ;-23.662182 ;
47.900000 ;-31.382852 ;-23.639157 ;
48.000000 ;-31.412491 ;-23.614789 ;
48.100000 ;-31.456955 ;-23.591678 ;
48.200000 ;-31.513148 ;-23.569490 ;
48.300000 ;-31.550788 ;-23.544733 ;
48.400000 ;-31.560203 ;-23.516323 ;
48.500000 ;-31.598328 ;-23.490903 ;
48.600000 ;-31.673032 ;-23.469413 ;
48.700000 ;-31.726796 ;-23.445191 ;
48.800000 ;-31.727012 ;-23.414488 ;
48.900000 ;-31.760023 ;-23.387363 ;
49.000000 ;-31.830193 ;-23.364344 ;
49.100000 ;-31.859872 ;-23.336451 ;
49.200000 ;-31.881231 ;-23.307445 ;
49.300000 ;-31.924685 ;-23.280871 ;
49.400000 ;-31.959177 ;-23.253168 ;
49.500000 ;-31.986204 ;-23.224534 ;
49.600000 ;-32.023381 ;-23.197023 ;
49.700000 ;-32.060213 ;-23.169452 ;
49.800000 ;-32.084652 ;-23.140467 ;
49.900000 ;-32.115261 ;-23.112216 ;
50.000000 ;-32.156382 ;-23.085212 ;
50.100000 ;-32.191653 ;-23.057610 ;
50.200000 ;-32.202543 ;-23.027324 ;
50.300000 ;-32.225060 ;-22.998476 ;
50.400000 ;-32.275803 ;-22.972968 ;
50.500000 ;-32.329230 ;-22.947911 ;
50.600000 ;-32.332449 ;-22.917313 ;
50.700000 ;-32.333299 ;-22.886634 ;
50.800000 ;-32.385946 ;-22.862030 ;
50.900000 ;-32.452805 ;-22.839247 ;
51.000000 ;-32.454148 ;-22.809265 ;
51.100000 ;-32.466567 ;-22.780777 ;
51.200000 ;-32.510936 ;-22.756153 ;
51.300000 ;-32.533647 ;-22.729347 ;
51.400000 ;-32.549534 ;-22.702045 ;
51.500000 ;-32.579196 ;-22.676575 ;
51.600000 ;-32.603691 ;-22.650818 ;
51.700000 ;-32.620717 ;-22.624524 ;
51.800000 ;-32.646161 ;-22.599481 ;
51.900000 ;-32.676122 ;-22.575258 ;
52.000000 ;-32.691383 ;-22.549715 ;
52.100000 ;-32.702761 ;-22.524068 ;
52.200000 ;-32.730785 ;-22.500607 ;
52.300000 ;-32.769712 ;-22.478696 ;
52.400000 ;-32.786829 ;-22.454698 ;
52.500000 ;-32.774255 ;-22.427751 ;
52.600000 ;-32.793416 ;-22.404674 ;
52.700000 ;-32.852958 ;-22.386425 ;
52.800000 ;-32.892673 ;-22.366325 ;
52.900000 ;-32.871542 ;-22.339839 ;
53.000000 ;-32.882550 ;-22.317267 ;
53.100000 ;-32.935019 ;-22.299635 ;
53.200000 ;-32.949067 ;-22.278111 ;
53.300000 ;-32.950909 ;-22.255593 ;
53.400000 ;-32.974875 ;-22.235870 ;
53.500000 ;-32.992236 ;-22.215773 ;
53.600000 ;-33.001292 ;-22.195115 ;
53.700000 ;-33.020046 ;-22.175874 ;
53.800000 ;-33.040073 ;-22.157122 ;
53.900000 ;-33.047489 ;-22.137337 ;
54.000000 ;-33.059588 ;-22.118410 ;
54.100000 ;-33.082868 ;-22.101049 ;
54.200000 ;-33.104282 ;-22.083825 ;
54.300000 ;-33.099970 ;-22.064132 ;
54.400000 ;-33.099767 ;-22.045224 ;
54.500000 ;-33.130015 ;-22.029968 ;
54.600000 ;-33.174063 ;-22.016544 ;
54.700000 ;-33.175578 ;-21.998811 ;
54.800000 ;-33.148261 ;-21.978269 ;
54.900000 ;-33.170967 ;-21.963487 ;
55.000000 ;-33.232162 ;-21.953205 ;
55.100000 ;-33.235836 ;-21.936980 ;
55.200000 ;-33.221921 ;-21.919153 ;
55.300000 ;-33.244874 ;-21.905633 ;
55.400000 ;-33.263418 ;-21.891936 ;
55.500000 ;-33.262400 ;-21.876413 ;
55.600000 ;-33.274605 ;-21.862615 ;
55.700000 ;-33.288978 ;-21.849340 ;
55.800000 ;-33.292289 ;-21.835153 ;
55.900000 ;-33.301669 ;-21.821902 ;
56.000000 ;-33.318466 ;-21.809726 ;
56.100000 ;-33.326494 ;-21.796877 ;
56.200000 ;-33.322647 ;-21.783017 ;
56.300000 ;-33.331936 ;-21.770835 ;
56.400000 ;-33.357691 ;-21.760684 ;
56.500000 ;-33.376823 ;-21.750076 ;
56.600000 ;-33.354647 ;-21.735278 ;
56.700000 ;-33.342505 ;-21.721807 ;
56.800000 ;-33.379605 ;-21.713869 ;
56.900000 ;-33.432532 ;-21.707868 ;
57.000000 ;-33.416596 ;-21.694704 ;
57.100000 ;-33.392684 ;-21.680919 ;
57.200000 ;-33.422496 ;-21.673126 ;
57.300000 ;-33.453888 ;-21.665726 ;
57.400000 ;-33.438952 ;-21.653574 ;
57.500000 ;-33.443715 ;-21.643748 ;
57.600000 ;-33.458484 ;-21.635204 ;
57.700000 ;-33.456986 ;-21.625126 ;
57.800000 ;-33.462041 ;-21.615952 ;
57.900000 ;-33.474240 ;-21.607741 ;
58.000000 ;-33.476615 ;-21.598677 ;
58.100000 ;-33.475981 ;-21.589483 ;
58.200000 ;-33.486114 ;-21.581627 ;
58.300000 ;-33.502341 ;-21.574606 ;
58.400000 ;-33.501314 ;-21.565927 ;
58.500000 ;-33.483800 ;-21.555669 ;
58.600000 ;-33.490999 ;-21.548220 ;
58.700000 ;-33.526808 ;-21.543989 ;
58.800000 ;-33.551418 ;-21.538732 ;
58.900000 ;-33.515820 ;-21.527229 ;
59.000000 ;-33.498381 ;-21.517824 ;
59.100000 ;-33.542264 ;-21.515105 ;
59.200000 ;-33.584299 ;-21.512341 ;
59.300000 ;-33.554433 ;-21.502076 ;
59.400000 ;-33.550342 ;-21.494704 ;
59.500000 ;-33.573811 ;-21.490410 ;
59.600000 ;-33.568797 ;-21.483230 ;
59.700000 ;-33.567184 ;-21.476550 ;
59.800000 ;-33.576960 ;-21.471217 ;
59.900000 ;-33.577539 ;-21.465043 ;
60.000000 ;-33.576694 ;-21.458849 ;
60.100000 ;-33.584621 ;-21.453714 ;
60.200000 ;-33.593683 ;-21.448826 ;
60.300000 ;-33.586644 ;-21.442356 ;
60.400000 ;-33.581432 ;-21.436200 ;
60.500000 ;-33.594484 ;-21.432099 ;
60.600000 ;-33.616387 ;-21.429051 ;
60.700000 ;-33.611575 ;-21.423287 ;
60.800000 ;-33.577091 ;-21.414496 ;
60.900000 ;-33.581196 ;-21.409900 ;
61.000000 ;-33.631347 ;-21.410284 ;
61.100000 ;-33.659621 ;-21.408456 ;
61.200000 ;-33.617026 ;-21.399227 ;
61.300000 ;-33.609638 ;-21.393829 ;
61.400000 ;-33.649573 ;-21.393540 ;
61.500000 ;-33.648810 ;-21.389037 ;
61.600000 ;-33.635432 ;-21.383293 ;
61.700000 ;-33.644175 ;-21.379980 ;
61.800000 ;-33.645866 ;-21.376012 ;
61.900000 ;-33.641879 ;-21.371532 ;
62.000000 ;-33.647228 ;-21.368124 ;
62.100000 ;-33.652658 ;-21.364810 ;
62.200000 ;-33.647029 ;-21.360411 ;
62.300000 ;-33.646971 ;-21.356680 ;
62.400000 ;-33.657677 ;-21.354166 ;
62.500000 ;-33.666329 ;-21.351512 ;
62.600000 ;-33.648704 ;-21.346161 ;
62.700000 ;-33.634700 ;-21.341268 ;
62.800000 ;-33.653215 ;-21.339878 ;
62.900000 ;-33.689393 ;-21.340422 ;
63.000000 ;-33.688469 ;-21.337121 ;
63.100000 ;-33.669079 ;-21.331940 ;
63.200000 ;-33.675932 ;-21.329595 ;
63.300000 ;-33.684567 ;-21.327504 ;
63.400000 ;-33.677141 ;-21.323782 ;
63.500000 ;-33.679022 ;-21.321104 ;
63.600000 ;-33.684942 ;-21.318913 ;
63.700000 ;-33.680190 ;-21.315657 ;
63.800000 ;-33.678757 ;-21.312810 ;
63.900000 ;-33.686638 ;-21.311001 ;
64.000000 ;-33.693471 ;-21.309137 ;
64.100000 ;-33.678963 ;-21.305081 ;
64.200000 ;-33.667532 ;-21.301403 ;
64.300000 ;-33.682170 ;-21.300522 ;
64.400000 ;-33.711184 ;-21.301207 ;
64.500000 ;-33.710697 ;-21.298834 ;
64.600000 ;-33.692772 ;-21.294674 ;
64.700000 ;-33.698161 ;-21.293019 ;
64.800000 ;-33.709112 ;-21.291996 ;
64.900000 ;-33.700473 ;-21.288957 ;
65.000000 ;-33.700209 ;-21.286843 ;
65.100000 ;-33.707396 ;-21.285558 ;
65.200000 ;-33.703406 ;-21.283140 ;
65.300000 ;-33.698697 ;-21.280689 ;
65.400000 ;-33.704830 ;-21.279419 ;
65.500000 ;-33.714413 ;-21.278552 ;
65.600000 ;-33.704121 ;-21.275634 ;
65.700000 ;-33.688008 ;-21.272144 ;
65.800000 ;-33.696859 ;-21.271316 ;
65.900000 ;-33.725227 ;-21.272578 ;
66.000000 ;-33.730126 ;-21.271406 ;
66.100000 ;-33.689054 ;-21.265438 ;
66.200000 ;-33.682189 ;-21.263103 ;
66.300000 ;-33.727794 ;-21.266320 ;
66.400000 ;-33.751108 ;-21.267223 ;
66.500000 ;-33.715184 ;-21.261927 ;
66.600000 ;-33.712730 ;-21.260185 ;
66.700000 ;-33.736449 ;-21.261228 ;
66.800000 ;-33.725215 ;-21.258623 ;
66.900000 ;-33.719419 ;-21.256619 ;
67.000000 ;-33.726670 ;-21.256016 ;
67.100000 ;-33.723133 ;-21.254306 ;
67.200000 ;-33.718875 ;-21.252549 ;
67.300000 ;-33.723860 ;-21.251790 ;
67.400000 ;-33.728510 ;-21.251022 ;
67.500000 ;-33.718168 ;-21.248705 ;
67.600000 ;-33.713050 ;-21.246962 ;
67.700000 ;-33.724180 ;-21.246951 ;
67.800000 ;-33.738844 ;-21.247334 ;
67.900000 ;-33.722619 ;-21.244498 ;
68.000000 ;-33.693855 ;-21.240369 ;
68.100000 ;-33.705440 ;-21.240501 ;
68.200000 ;-33.750077 ;-21.244126 ;
68.300000 ;-33.757397 ;-21.243852 ;
68.400000 ;-33.713080 ;-21.238175 ;
68.500000 ;-33.713027 ;-21.237172 ;
68.600000 ;-33.754965 ;-21.240603 ;
68.700000 ;-33.746844 ;-21.238791 ;
68.800000 ;-33.730094 ;-21.236091 ;
68.900000 ;-33.738748 ;-21.236079 ;
69.000000 ;-33.738336 ;-21.235133 ;
69.100000 ;-33.731243 ;-21.233503 ;
69.200000 ;-33.734593 ;-21.232988 ;
69.300000 ;-33.737473 ;-21.232440 ;
69.400000 ;-33.729995 ;-21.230822 ;
69.500000 ;-33.728945 ;-21.229895 ;
69.600000 ;-33.737524 ;-21.229995 ;
69.700000 ;-33.741064 ;-21.229582 ;
69.800000 ;-33.721613 ;-21.226772 ;
69.900000 ;-33.712519 ;-21.225065 ;
70.000000 ;-33.731624 ;-21.226332 ;
70.100000 ;-33.758903 ;-21.228471 ;
70.200000 ;-33.747548 ;-21.226569 ;
70.300000 ;-33.732196 ;-21.224262 ;
70.400000 ;-33.741461 ;-21.224553 ;
70.500000 ;-33.745692 ;-21.224329 ;
70.600000 ;-33.736636 ;-21.222724 ;
70.700000 ;-33.738124 ;-21.222237 ;
70.800000 ;-33.743239 ;-21.222144 ;
70.900000 ;-33.735997 ;-21.220767 ;
71.000000 ;-33.732694 ;-21.219814 ;
71.100000 ;-33.740083 ;-21.219996 ;
71.200000 ;-33.746191 ;-21.220054 ;
71.300000 ;-33.729723 ;-21.217755 ;
71.400000 ;-33.717721 ;-21.215936 ;
71.500000 ;-33.732412 ;-21.216928 ;
71.600000 ;-33.759097 ;-21.219188 ;
71.700000 ;-33.748227 ;-21.217518 ;
71.800000 ;-33.708317 ;-21.212814 ;
71.900000 ;-33.715605 ;-21.213073 ;
72.000000 ;-33.765483 ;-21.217810 ;
72.100000 ;-33.766988 ;-21.217477 ;
72.200000 ;-33.733686 ;-21.213501 ;
72.300000 ;-33.740944 ;-21.213793 ;
72.400000 ;-33.759718 ;-21.215303 ;
72.500000 ;-33.744166 ;-21.213217 ;
72.600000 ;-33.741571 ;-21.212499 ;
72.700000 ;-33.748011 ;-21.212737 ;
72.800000 ;-33.741366 ;-21.211610 ;
72.900000 ;-33.738503 ;-21.210887 ;
73.000000 ;-33.744325 ;-21.211083 ;
73.100000 ;-33.745031 ;-21.210750 ;
73.200000 ;-33.733296 ;-21.209120 ;
73.300000 ;-33.731486 ;-21.208538 ;
73.400000 ;-33.744773 ;-21.209546 ;
73.500000 ;-33.754891 ;-21.210228 ;
73.600000 ;-33.729154 ;-21.207158 ;
73.700000 ;-33.707322 ;-21.204505 ;
73.800000 ;-33.729371 ;-21.206460 ;
73.900000 ;-33.772744 ;-21.210657 ;
74.000000 ;-33.759840 ;-21.208956 ;
74.100000 ;-33.719702 ;-21.204407 ;
74.200000 ;-33.733571 ;-21.205532 ;
74.300000 ;-33.773221 ;-21.209368 ;
74.400000 ;-33.752724 ;-21.206896 ;
74.500000 ;-33.741373 ;-21.205389 ;
74.600000 ;-33.752265 ;-21.206221 ;
74.700000 ;-33.746669 ;-21.205329 ;
74.800000 ;-33.741168 ;-21.204451 ;
74.900000 ;-33.745799 ;-21.204640 ;
75.000000 ;-33.745314 ;-21.204298 ;
75.100000 ;-33.737804 ;-21.203224 ;
75.200000 ;-33.738980 ;-21.203066 ;
75.300000 ;-33.747883 ;-21.203722 ;
75.400000 ;-33.745633 ;-21.203214 ;
75.500000 ;-33.725068 ;-21.200791 ;
75.600000 ;-33.722294 ;-21.200237 ;
75.700000 ;-33.745874 ;-21.202450 ;
75.800000 ;-33.767183 ;-21.204429 ;
75.900000 ;-33.748089 ;-21.202176 ;
76.000000 ;-33.738307 ;-21.200904 ;
76.100000 ;-33.750661 ;-21.201957 ;
76.200000 ;-33.748644 ;-21.201507 ;
76.300000 ;-33.740981 ;-21.200469 ;
76.400000 ;-33.744598 ;-21.200617 ;
76.500000 ;-33.747058 ;-21.200648 ;
76.600000 ;-33.738759 ;-21.199554 ;
76.700000 ;-33.737606 ;-21.199212 ;
76.800000 ;-33.746270 ;-21.199903 ;
76.900000 ;-33.748388 ;-21.199912 ;
77.000000 ;-33.728889 ;-21.197657 ;
77.100000 ;-33.721966 ;-21.196725 ;
77.200000 ;-33.741692 ;-21.198589 ;
77.300000 ;-33.764940 ;-21.200825 ;
77.400000 ;-33.740678 ;-21.198083 ;
77.500000 ;-33.707603 ;-21.194422 ;
77.600000 ;-33.728132 ;-21.196386 ;
77.700000 ;-33.776297 ;-21.201249 ;
77.800000 ;-33.758663 ;-21.199212 ;
77.900000 ;-33.732935 ;-21.196330 ;
78.000000 ;-33.748708 ;-21.197806 ;
78.100000 ;-33.757272 ;-21.198527 ;
78.200000 ;-33.742892 ;-21.196843 ;
78.300000 ;-33.744021 ;-21.196788 ;
78.400000 ;-33.748073 ;-21.197041 ;
78.500000 ;-33.740485 ;-21.196076 ;
78.600000 ;-33.739638 ;-21.195821 ;
78.700000 ;-33.746095 ;-21.196332 ;
78.800000 ;-33.742926 ;-21.195837 ;
78.900000 ;-33.731463 ;-21.194476 ;
79.000000 ;-33.733183 ;-21.194498 ;
79.100000 ;-33.748146 ;-21.195910 ;
79.200000 ;-33.752625 ;-21.196225 ;
79.300000 ;-33.721335 ;-21.192793 ;
79.400000 ;-33.708020 ;-21.191249 ;
79.500000 ;-33.738761 ;-21.194325 ;
79.600000 ;-33.776775 ;-21.198164 ;
79.700000 ;-33.748302 ;-21.195033 ;
79.800000 ;-33.720131 ;-21.191938 ;
79.900000 ;-33.744746 ;-21.194382 ;
80.000000 ;-33.767505 ;-21.196633 ;
