0.000000 ;-27.500000 ;-20.600000 ;
0.100000 ;-30.070691 ;-20.188281 ;
0.200000 ;-31.856778 ;-19.894150 ;
0.300000 ;-33.178479 ;-19.700483 ;
0.400000 ;-34.212956 ;-19.588565 ;
0.500000 ;-35.041243 ;-19.538985 ;
0.600000 ;-35.719827 ;-19.536421 ;
0.700000 ;-36.273401 ;-19.567512 ;
0.800000 ;-36.740453 ;-19.623412 ;
0.900000 ;-37.128591 ;-19.695871 ;
1.000000 ;-37.449106 ;-19.779039 ;
1.100000 ;-37.724284 ;-19.869109 ;
1.200000 ;-37.964169 ;-19.962780 ;
1.300000 ;-38.160184 ;-20.056734 ;
1.400000 ;-38.316202 ;-20.149113 ;
1.500000 ;-38.450794 ;-20.239612 ;
1.600000 ;-38.585694 ;-20.328740 ;
1.700000 ;-38.698799 ;-20.413675 ;
1.800000 ;-38.778359 ;-20.492571 ;
1.900000 ;-38.846208 ;-20.567269 ;
2.000000 ;-38.931226 ;-20.640542 ;
2.100000 ;-38.999193 ;-20.708576 ;
2.200000 ;-39.037007 ;-20.769892 ;
2.300000 ;-39.072459 ;-20.827523 ;
2.400000 ;-39.135041 ;-20.884766 ;
2.500000 ;-39.179727 ;-20.936762 ;
2.600000 ;-39.192503 ;-20.982079 ;
2.700000 ;-39.209776 ;-21.024899 ;
2.800000 ;-39.260811 ;-21.068634 ;
2.900000 ;-39.291100 ;-21.107360 ;
3.000000 ;-39.290587 ;-21.140104 ;
3.100000 ;-39.305841 ;-21.172244 ;
3.200000 ;-39.345512 ;-21.204910 ;
3.300000 ;-39.361277 ;-21.232811 ;
3.400000 ;-39.357707 ;-21.256604 ;
3.500000 ;-39.380167 ;-21.281543 ;
3.600000 ;-39.406849 ;-21.305297 ;
3.700000 ;-39.411014 ;-21.324959 ;
3.800000 ;-39.410056 ;-21.342614 ;
3.900000 ;-39.435701 ;-21.361965 ;
4.000000 ;-39.453686 ;-21.379227 ;
4.100000 ;-39.449961 ;-21.392895 ;
4.200000 ;-39.449352 ;-21.405878 ;
4.300000 ;-39.477407 ;-21.421163 ;
4.400000 ;-39.492304 ;-21.434067 ;
4.500000 ;-39.481120 ;-21.443186 ;
4.600000 ;-39.476537 ;-21.452307 ;
4.700000 ;-39.507609 ;-21.464802 ;
4.800000 ;-39.521474 ;-21.474699 ;
4.900000 ;-39.504617 ;-21.480508 ;
5.000000 ;-39.500503 ;-21.487233 ;
5.100000 ;-39.530192 ;-21.497323 ;
5.200000 ;-39.537948 ;-21.504454 ;
5.300000 ;-39.521107 ;-21.508357 ;
5.400000 ;-39.528794 ;-21.514679 ;
5.500000 ;-39.550004 ;-21.522194 ;
5.600000 ;-39.548534 ;-21.526791 ;
5.700000 ;-39.537619 ;-21.530011 ;
5.800000 ;-39.554191 ;-21.536101 ;
5.900000 ;-39.566802 ;-21.541487 ;
6.000000 ;-39.559001 ;-21.544305 ;
6.100000 ;-39.553088 ;-21.547127 ;
6.200000 ;-39.573593 ;-21.552780 ;
6.300000 ;-39.582779 ;-21.556957 ;
6.400000 ;-39.569157 ;-21.558356 ;
6.500000 ;-39.561887 ;-21.560331 ;
6.600000 ;-39.587456 ;-21.565931 ;
6.700000 ;-39.597436 ;-21.569616 ;
6.800000 ;-39.577708 ;-21.569778 ;
6.900000 ;-39.567145 ;-21.570882 ;
7.000000 ;-39.595192 ;-21.576311 ;
7.100000 ;-39.603439 ;-21.579379 ;
7.200000 ;-39.581786 ;-21.578934 ;
7.300000 ;-39.579668 ;-21.580649 ;
7.400000 ;-39.602473 ;-21.585150 ;
7.500000 ;-39.602170 ;-21.586934 ;
7.600000 ;-39.585589 ;-21.586787 ;
7.700000 ;-39.596770 ;-21.589768 ;
7.800000 ;-39.609724 ;-21.592899 ;
7.900000 ;-39.602051 ;-21.593612 ;
8.000000 ;-39.593135 ;-21.594136 ;
8.100000 ;-39.609661 ;-21.597538 ;
8.200000 ;-39.617029 ;-21.599848 ;
8.300000 ;-39.604197 ;-21.599800 ;
8.400000 ;-39.597201 ;-21.600387 ;
8.500000 ;-39.618894 ;-21.604236 ;
8.600000 ;-39.626342 ;-21.606418 ;
8.700000 ;-39.607148 ;-21.605510 ;
8.800000 ;-39.595551 ;-21.605446 ;
8.900000 ;-39.622410 ;-21.609774 ;
9.000000 ;-39.631601 ;-21.612047 ;
9.100000 ;-39.608106 ;-21.610542 ;
9.200000 ;-39.597866 ;-21.610537 ;
9.300000 ;-39.623557 ;-21.614638 ;
9.400000 ;-39.626925 ;-21.616153 ;
9.500000 ;-39.606019 ;-21.614859 ;
9.600000 ;-39.608108 ;-21.616188 ;
9.700000 ;-39.614735 ;-21.618019 ;
9.800000 ;-39.617906 ;-21.619435 ;
9.900000 ;-39.619719 ;-21.647798 ;
10.000000 ;-39.624166 ;-21.928807 ;
10.100000 ;-39.631894 ;-22.314134 ;
10.200000 ;-39.639532 ;-22.703867 ;
10.300000 ;-39.644769 ;-23.063641 ;
10.400000 ;-39.646403 ;-23.383461 ;
10.500000 ;-39.644713 ;-23.663137 ;
10.600000 ;-39.640059 ;-23.905721 ;
10.700000 ;-39.633105 ;-24.115416 ;
10.800000 ;-39.624352 ;-24.296486 ;
10.900000 ;-39.614589 ;-24.452894 ;
11.000000 ;-39.603522 ;-24.588130 ;
11.100000 ;-39.592277 ;-24.705294 ;
11.200000 ;-39.581331 ;-24.807008 ;
11.300000 ;-39.569117 ;-24.895400 ;
11.400000 ;-39.556663 ;-24.972456 ;
11.500000 ;-39.546643 ;-25.039995 ;
11.600000 ;-39.538304 ;-25.099291 ;
11.700000 ;-39.525048 ;-25.150738 ;
11.800000 ;-39.495152 ;-25.193680 ;
11.900000 ;-39.474756 ;-25.232515 ;
12.000000 ;-39.478959 ;-25.270021 ;
12.100000 ;-39.502714 ;-25.306088 ;
12.200000 ;-39.520831 ;-25.337708 ;
12.300000 ;-39.496597 ;-25.360186 ;
12.400000 ;-39.472246 ;-25.379916 ;
12.500000 ;-39.474313 ;-25.401058 ;
12.600000 ;-39.467809 ;-25.418771 ;
12.700000 ;-39.457415 ;-25.433994 ;
12.800000 ;-39.455391 ;-25.448737 ;
12.900000 ;-39.450424 ;-25.461534 ;
13.000000 ;-39.440700 ;-25.472283 ;
13.100000 ;-39.438477 ;-25.482927 ;
13.200000 ;-39.443476 ;-25.493552 ;
13.300000 ;-39.441038 ;-25.502119 ;
13.400000 ;-39.409540 ;-25.505546 ;
13.500000 ;-39.392320 ;-25.510298 ;
13.600000 ;-39.414823 ;-25.520198 ;
13.700000 ;-39.458270 ;-25.532549 ;
13.800000 ;-39.460554 ;-25.538267 ;
13.900000 ;-39.428716 ;-25.538445 ;
14.000000 ;-39.428224 ;-25.542787 ;
14.100000 ;-39.434092 ;-25.547648 ;
14.200000 ;-39.423474 ;-25.549697 ;
14.300000 ;-39.422415 ;-25.552814 ;
14.400000 ;-39.423913 ;-25.555998 ;
14.500000 ;-39.416444 ;-25.557577 ;
14.600000 ;-39.413834 ;-25.559619 ;
14.700000 ;-39.419912 ;-25.562712 ;
14.800000 ;-39.423265 ;-25.565193 ;
14.900000 ;-39.401550 ;-25.563784 ;
15.000000 ;-39.385187 ;-25.562995 ;
15.100000 ;-39.400878 ;-25.566779 ;
15.200000 ;-39.436445 ;-25.573355 ;
15.300000 ;-39.441331 ;-25.575270 ;
15.400000 ;-39.414638 ;-25.572407 ;
15.500000 ;-39.414662 ;-25.573386 ;
15.600000 ;-39.426006 ;-25.575940 ;
15.700000 ;-39.415230 ;-25.575139 ;
15.800000 ;-39.412896 ;-25.575505 ;
15.900000 ;-39.417961 ;-25.576891 ;
16.000000 ;-39.411924 ;-25.576573 ;
16.100000 ;-39.406242 ;-25.576248 ;
16.200000 ;-39.411538 ;-25.577490 ;
16.300000 ;-39.419808 ;-25.579123 ;
16.400000 ;-39.405857 ;-25.577431 ;
16.500000 ;-39.384233 ;-25.574566 ;
16.600000 ;-39.392065 ;-25.576016 ;
16.700000 ;-39.425824 ;-25.581260 ;
16.800000 ;-39.439543 ;-25.583514 ;
16.900000 ;-39.412730 ;-25.579754 ;
17.000000 ;-39.409008 ;-25.579384 ;
17.100000 ;-39.423511 ;-25.581685 ;
17.200000 ;-39.414212 ;-25.580449 ;
17.300000 ;-39.409408 ;-25.579859 ;
17.400000 ;-39.415313 ;-25.580835 ;
17.500000 ;-39.412228 ;-25.580469 ;
17.600000 ;-39.404350 ;-25.579382 ;
17.700000 ;-39.407563 ;-25.579921 ;
17.800000 ;-39.417582 ;-25.581455 ;
17.900000 ;-39.410066 ;-25.580390 ;
18.000000 ;-39.387013 ;-25.577024 ;
18.100000 ;-39.388949 ;-25.577341 ;
18.200000 ;-39.419123 ;-25.581820 ;
18.300000 ;-39.437972 ;-25.584620 ;
18.400000 ;-39.412828 ;-25.580916 ;
18.500000 ;-39.405900 ;-25.579901 ;
18.600000 ;-39.421292 ;-25.582181 ;
18.700000 ;-39.414934 ;-25.581242 ;
18.800000 ;-39.407744 ;-25.580177 ;
18.900000 ;-39.413352 ;-25.581000 ;
19.000000 ;-39.413690 ;-25.581042 ;
19.100000 ;-39.404189 ;-25.579628 ;
19.200000 ;-39.404924 ;-25.579725 ;
19.300000 ;-39.415667 ;-25.581298 ;
19.400000 ;-39.413992 ;-25.581036 ;
19.500000 ;-39.390569 ;-25.577562 ;
19.600000 ;-39.387183 ;-25.577047 ;
19.700000 ;-39.413787 ;-25.580959 ;
19.800000 ;-39.436691 ;-25.584324 ;
19.900000 ;-39.399529 ;-25.578819 ;
20.000000 ;-39.367903 ;-25.574137 ;
20.100000 ;-39.401549 ;-25.579093 ;
20.200000 ;-39.453718 ;-25.586780 ;
20.300000 ;-39.421788 ;-25.582042 ;
20.400000 ;-39.398680 ;-25.578611 ;
20.500000 ;-39.422093 ;-25.582059 ;
20.600000 ;-39.424013 ;-25.582327 ;
20.700000 ;-39.409344 ;-25.580143 ;
20.800000 ;-39.413337 ;-25.580716 ;
20.900000 ;-39.415263 ;-25.580983 ;
21.000000 ;-39.406795 ;-25.579715 ;
21.100000 ;-39.407786 ;-25.579844 ;
21.200000 ;-39.415309 ;-25.580939 ;
21.300000 ;-39.408328 ;-25.579891 ;
21.400000 ;-39.396347 ;-25.578106 ;
21.500000 ;-39.401700 ;-25.578882 ;
21.600000 ;-39.419905 ;-25.581556 ;
21.700000 ;-39.418387 ;-25.581317 ;
21.800000 ;-39.379998 ;-25.575636 ;
21.900000 ;-39.372786 ;-25.574562 ;
22.000000 ;-39.415290 ;-25.580828 ;
22.100000 ;-39.452190 ;-25.586262 ;
22.200000 ;-39.407200 ;-25.579604 ;
22.300000 ;-39.381301 ;-25.575774 ;
22.400000 ;-39.420301 ;-25.581532 ;
22.500000 ;-39.440493 ;-25.584508 ;
22.600000 ;-39.411752 ;-25.580251 ;
22.700000 ;-39.411981 ;-25.580278 ;
22.800000 ;-39.421269 ;-25.581643 ;
22.900000 ;-39.410071 ;-25.579980 ;
23.000000 ;-39.408904 ;-25.579799 ;
23.100000 ;-39.415263 ;-25.580730 ;
23.200000 ;-39.408626 ;-25.579741 ;
23.300000 ;-39.402592 ;-25.578842 ;
23.400000 ;-39.408878 ;-25.579763 ;
23.500000 ;-39.418084 ;-25.581116 ;
23.600000 ;-39.403356 ;-25.578934 ;
23.700000 ;-39.383453 ;-25.575990 ;
23.800000 ;-39.393730 ;-25.577503 ;
23.900000 ;-39.426837 ;-25.582386 ;
24.000000 ;-39.432251 ;-25.583179 ;
24.100000 ;-39.407446 ;-25.579509 ;
24.200000 ;-39.408495 ;-25.579661 ;
24.300000 ;-39.422577 ;-25.581739 ;
24.400000 ;-39.411514 ;-25.580101 ;
24.500000 ;-39.407822 ;-25.579553 ;
24.600000 ;-39.414885 ;-25.580594 ;
24.700000 ;-39.410816 ;-25.579990 ;
24.800000 ;-39.402777 ;-25.578800 ;
24.900000 ;-39.407044 ;-25.579428 ;
25.000000 ;-39.417637 ;-25.580990 ;
25.100000 ;-39.408020 ;-25.579568 ;
25.200000 ;-39.386607 ;-25.576406 ;
25.300000 ;-39.391926 ;-25.577191 ;
25.400000 ;-39.422434 ;-25.581696 ;
25.500000 ;-39.433113 ;-25.583271 ;
25.600000 ;-39.386307 ;-25.576361 ;
25.700000 ;-39.370619 ;-25.574051 ;
25.800000 ;-39.417928 ;-25.581042 ;
25.900000 ;-39.453541 ;-25.586300 ;
26.000000 ;-39.410988 ;-25.580013 ;
26.100000 ;-39.401448 ;-25.578607 ;
26.200000 ;-39.429053 ;-25.582693 ;
26.300000 ;-39.419017 ;-25.581212 ;
26.400000 ;-39.408804 ;-25.579704 ;
26.500000 ;-39.415908 ;-25.580756 ;
26.600000 ;-39.413050 ;-25.580334 ;
26.700000 ;-39.406072 ;-25.579304 ;
26.800000 ;-39.409934 ;-25.579875 ;
26.900000 ;-39.415997 ;-25.580772 ;
27.000000 ;-39.404624 ;-25.579093 ;
27.100000 ;-39.396098 ;-25.577835 ;
27.200000 ;-39.406355 ;-25.579351 ;
27.300000 ;-39.423644 ;-25.581906 ;
27.400000 ;-39.409356 ;-25.579797 ;
27.500000 ;-39.373501 ;-25.574507 ;
27.600000 ;-39.380683 ;-25.575573 ;
27.700000 ;-39.429836 ;-25.582834 ;
27.800000 ;-39.446578 ;-25.585306 ;
27.900000 ;-39.394460 ;-25.577611 ;
28.000000 ;-39.386735 ;-25.576480 ;
28.100000 ;-39.434060 ;-25.583480 ;
28.200000 ;-39.432188 ;-25.583207 ;
28.300000 ;-39.408844 ;-25.579761 ;
28.400000 ;-39.416360 ;-25.580877 ;
28.500000 ;-39.418776 ;-25.581238 ;
28.600000 ;-39.408819 ;-25.579770 ;
28.700000 ;-39.410978 ;-25.580091 ;
28.800000 ;-39.415473 ;-25.580757 ;
28.900000 ;-39.406591 ;-25.579448 ;
29.000000 ;-39.403508 ;-25.578995 ;
29.100000 ;-39.412307 ;-25.580297 ;
29.200000 ;-39.418092 ;-25.581153 ;
29.300000 ;-39.396989 ;-25.578040 ;
29.400000 ;-39.383388 ;-25.576035 ;
29.500000 ;-39.402130 ;-25.578806 ;
29.600000 ;-39.434299 ;-25.583560 ;
29.700000 ;-39.425227 ;-25.582221 ;
29.800000 ;-39.404991 ;-25.579234 ;
29.900000 ;-39.413414 ;-25.580483 ;
30.000000 ;-39.421136 ;-25.581629 ;
30.100000 ;-39.409584 ;-25.579926 ;
30.200000 ;-39.409657 ;-25.579940 ;
30.300000 ;-39.416379 ;-25.580937 ;
30.400000 ;-39.408556 ;-25.579785 ;
30.500000 ;-39.403016 ;-25.578970 ;
30.600000 ;-39.410434 ;-25.580070 ;
30.700000 ;-39.419009 ;-25.581340 ;
30.800000 ;-39.402005 ;-25.578833 ;
30.900000 ;-39.385297 ;-25.576370 ;
31.000000 ;-39.399114 ;-25.578416 ;
31.100000 ;-39.430496 ;-25.583054 ;
31.200000 ;-39.424084 ;-25.582111 ;
31.300000 ;-39.376701 ;-25.575122 ;
31.400000 ;-39.379039 ;-25.575478 ;
31.500000 ;-39.434549 ;-25.583683 ;
31.600000 ;-39.443775 ;-25.585047 ;
31.700000 ;-39.403569 ;-25.579112 ;
31.800000 ;-39.408073 ;-25.579786 ;
31.900000 ;-39.432387 ;-25.583388 ;
32.000000 ;-39.414906 ;-25.580810 ;
32.100000 ;-39.410072 ;-25.580101 ;
32.200000 ;-39.418057 ;-25.581285 ;
32.300000 ;-39.411068 ;-25.580257 ;
32.400000 ;-39.406507 ;-25.579587 ;
32.500000 ;-39.412709 ;-25.580507 ;
32.600000 ;-39.415273 ;-25.580889 ;
32.700000 ;-39.401531 ;-25.578863 ;
32.800000 ;-39.397473 ;-25.578268 ;
32.900000 ;-39.411866 ;-25.580398 ;
33.000000 ;-39.425640 ;-25.582435 ;
33.100000 ;-39.399159 ;-25.578530 ;
33.200000 ;-39.370710 ;-25.574336 ;
33.300000 ;-39.392035 ;-25.577492 ;
33.400000 ;-39.442638 ;-25.584969 ;
33.500000 ;-39.434336 ;-25.583743 ;
33.600000 ;-39.386016 ;-25.576614 ;
33.700000 ;-39.397267 ;-25.578288 ;
33.800000 ;-39.444271 ;-25.585241 ;
33.900000 ;-39.423943 ;-25.582243 ;
34.000000 ;-39.408638 ;-25.579987 ;
34.100000 ;-39.420842 ;-25.581797 ;
34.200000 ;-39.416019 ;-25.581089 ;
34.300000 ;-39.408637 ;-25.580003 ;
34.400000 ;-39.413540 ;-25.580731 ;
34.500000 ;-39.414303 ;-25.580847 ;
34.600000 ;-39.405133 ;-25.579496 ;
34.700000 ;-39.405426 ;-25.579543 ;
34.800000 ;-39.415780 ;-25.581076 ;
34.900000 ;-39.415506 ;-25.581038 ;
35.000000 ;-39.391487 ;-25.577496 ;
35.100000 ;-39.385747 ;-25.576653 ;
35.200000 ;-39.411660 ;-25.580484 ;
35.300000 ;-39.438709 ;-25.584482 ;
35.400000 ;-39.418414 ;-25.581486 ;
35.500000 ;-39.405055 ;-25.579517 ;
35.600000 ;-39.418734 ;-25.581544 ;
35.700000 ;-39.418371 ;-25.581495 ;
35.800000 ;-39.408697 ;-25.580070 ;
35.900000 ;-39.412234 ;-25.580597 ;
36.000000 ;-39.416207 ;-25.581188 ;
36.100000 ;-39.406584 ;-25.579771 ;
36.200000 ;-39.404356 ;-25.579446 ;
36.300000 ;-39.414149 ;-25.580897 ;
36.400000 ;-39.418201 ;-25.581500 ;
36.500000 ;-39.396133 ;-25.578245 ;
36.600000 ;-39.386338 ;-25.576805 ;
36.700000 ;-39.407850 ;-25.579987 ;
36.800000 ;-39.436144 ;-25.584169 ;
36.900000 ;-39.411449 ;-25.580527 ;
37.000000 ;-39.371057 ;-25.574572 ;
37.100000 ;-39.391567 ;-25.577611 ;
37.200000 ;-39.448194 ;-25.585980 ;
37.300000 ;-39.431909 ;-25.583576 ;
37.400000 ;-39.400037 ;-25.578873 ;
37.500000 ;-39.416670 ;-25.581341 ;
37.600000 ;-39.429374 ;-25.583226 ;
37.700000 ;-39.412070 ;-25.580675 ;
37.800000 ;-39.412539 ;-25.580749 ;
37.900000 ;-39.418230 ;-25.581594 ;
38.000000 ;-39.409394 ;-25.580293 ;
38.100000 ;-39.407840 ;-25.580067 ;
38.200000 ;-39.415389 ;-25.581186 ;
38.300000 ;-39.412805 ;-25.580808 ;
38.400000 ;-39.399204 ;-25.578803 ;
38.500000 ;-39.400326 ;-25.578973 ;
38.600000 ;-39.417556 ;-25.581521 ;
38.700000 ;-39.424400 ;-25.582535 ;
38.800000 ;-39.388985 ;-25.577311 ;
38.900000 ;-39.371669 ;-25.574762 ;
39.000000 ;-39.405772 ;-25.579804 ;
39.100000 ;-39.451280 ;-25.586527 ;
39.200000 ;-39.419735 ;-25.581869 ;
39.300000 ;-39.382432 ;-25.576369 ;
39.400000 ;-39.410825 ;-25.580575 ;
39.500000 ;-39.446914 ;-25.585915 ;
39.600000 ;-39.417198 ;-25.581528 ;
39.700000 ;-39.410810 ;-25.580590 ;
39.800000 ;-39.423568 ;-25.582482 ;
39.900000 ;-39.413499 ;-25.580998 ;
40.000000 ;-39.409466 ;-25.580406 ;
40.100000 ;-39.415908 ;-25.581362 ;
40.200000 ;-39.414153 ;-25.581106 ;
40.300000 ;-39.411697 ;-25.580750 ;
40.400000 ;-39.412958 ;-25.580944 ;
40.500000 ;-39.412523 ;-25.580892 ;
40.600000 ;-39.412102 ;-25.580846 ;
40.700000 ;-39.412087 ;-25.580867 ;
40.800000 ;-39.411982 ;-25.580882 ;
40.900000 ;-39.412128 ;-25.580940 ;
41.000000 ;-39.412351 ;-25.581017 ;
41.100000 ;-39.412388 ;-25.581075 ;
41.200000 ;-39.412555 ;-25.581159 ;
41.300000 ;-39.412911 ;-25.581276 ;
41.400000 ;-39.413177 ;-25.581386 ;
41.500000 ;-39.413017 ;-25.581439 ;
41.600000 ;-39.413135 ;-25.581536 ;
41.700000 ;-39.413897 ;-25.581727 ;
41.800000 ;-39.414965 ;-25.581962 ;
41.900000 ;-39.414766 ;-25.582009 ;
42.000000 ;-39.404856 ;-25.580622 ;
42.100000 ;-39.395713 ;-25.579339 ;
42.200000 ;-39.397464 ;-25.579645 ;
42.300000 ;-39.411739 ;-25.581776 ;
42.400000 ;-39.431668 ;-25.584713 ;
42.500000 ;-39.441886 ;-25.586189 ;
42.600000 ;-39.426780 ;-25.583898 ;
42.700000 ;-39.417566 ;-25.582435 ;
42.800000 ;-39.426825 ;-25.583647 ;
42.900000 ;-39.426468 ;-25.583378 ;
43.000000 ;-39.422358 ;-25.582483 ;
43.100000 ;-39.425886 ;-25.582632 ;
43.200000 ;-39.427460 ;-25.582399 ;
43.300000 ;-39.421087 ;-25.580889 ;
43.400000 ;-39.421449 ;-25.580251 ;
43.500000 ;-39.431635 ;-25.580924 ;
43.600000 ;-39.439476 ;-25.581099 ;
43.700000 ;-39.414191 ;-25.576231 ;
43.800000 ;-39.386520 ;-25.570831 ;
43.900000 ;-39.404072 ;-25.571885 ;
44.000000 ;-39.459506 ;-25.578289 ;
44.100000 ;-39.490101 ;-25.580787 ;
44.200000 ;-39.458371 ;-25.573843 ;
44.300000 ;-39.452072 ;-25.570365 ;
44.400000 ;-39.454719 ;-25.567900 ;
44.500000 ;-39.451421 ;-25.564229 ;
44.600000 ;-39.453774 ;-25.561036 ;
44.700000 ;-39.454533 ;-25.557235 ;
44.800000 ;-39.453273 ;-25.552741 ;
44.900000 ;-39.457267 ;-25.548589 ;
45.000000 ;-39.465446 ;-25.544597 ;
45.100000 ;-39.466219 ;-25.539051 ;
45.200000 ;-39.437795 ;-25.528759 ;
45.300000 ;-39.422399 ;-25.519850 ;
45.400000 ;-39.446744 ;-25.516193 ;
45.500000 ;-39.499589 ;-25.516119 ;
45.600000 ;-39.531734 ;-25.512427 ;
45.700000 ;-39.500313 ;-25.498851 ;
45.800000 ;-39.489872 ;-25.487722 ;
45.900000 ;-39.502700 ;-25.479347 ;
46.000000 ;-39.497205 ;-25.467631 ;
46.100000 ;-39.498055 ;-25.456157 ;
46.200000 ;-39.503654 ;-25.444676 ;
46.300000 ;-39.501778 ;-25.431403 ;
46.400000 ;-39.502581 ;-25.417793 ;
46.500000 ;-39.511165 ;-25.404566 ;
46.600000 ;-39.519653 ;-25.390577 ;
46.700000 ;-39.505579 ;-25.372597 ;
46.800000 ;-39.487742 ;-25.353326 ;
46.900000 ;-39.500156 ;-25.337629 ;
47.000000 ;-39.539987 ;-25.325093 ;
47.100000 ;-39.567067 ;-25.309953 ;
47.200000 ;-39.543297 ;-25.286752 ;
47.300000 ;-39.536134 ;-25.265180 ;
47.400000 ;-39.552423 ;-25.246216 ;
47.500000 ;-39.549026 ;-25.223681 ;
47.600000 ;-39.547242 ;-25.200634 ;
47.700000 ;-39.554667 ;-25.178167 ;
47.800000 ;-39.555038 ;-25.153977 ;
47.900000 ;-39.551583 ;-25.128542 ;
48.000000 ;-39.557431 ;-25.103724 ;
48.100000 ;-39.569211 ;-25.079061 ;
48.200000 ;-39.565883 ;-25.051614 ;
48.300000 ;-39.543609 ;-25.020882 ;
48.400000 ;-39.544436 ;-24.992762 ;
48.500000 ;-39.577174 ;-24.968502 ;
48.600000 ;-39.609371 ;-24.943581 ;
48.700000 ;-39.590946 ;-24.911025 ;
48.800000 ;-39.578447 ;-24.878776 ;
48.900000 ;-39.593452 ;-24.849858 ;
49.000000 ;-39.594456 ;-24.818510 ;
49.100000 ;-39.588537 ;-24.785747 ;
49.200000 ;-39.594156 ;-24.754151 ;
49.300000 ;-39.597941 ;-24.721902 ;
49.400000 ;-39.591614 ;-24.687890 ;
49.500000 ;-39.592993 ;-24.654586 ;
49.600000 ;-39.604112 ;-24.622292 ;
49.700000 ;-39.607946 ;-24.588707 ;
49.800000 ;-39.586438 ;-24.551418 ;
49.900000 ;-39.578416 ;-24.515723 ;
50.000000 ;-39.602500 ;-24.484167 ;
50.100000 ;-39.635787 ;-24.453668 ;
50.200000 ;-39.624796 ;-24.417008 ;
50.300000 ;-39.607215 ;-24.379332 ;
50.400000 ;-39.618167 ;-24.345402 ;
50.500000 ;-39.625113 ;-24.310851 ;
50.600000 ;-39.615600 ;-24.274030 ;
50.700000 ;-39.617711 ;-24.238734 ;
50.800000 ;-39.624689 ;-24.204078 ;
50.900000 ;-39.617667 ;-24.167571 ;
51.000000 ;-39.614162 ;-24.131568 ;
51.100000 ;-39.622879 ;-24.097240 ;
51.200000 ;-39.631650 ;-24.062994 ;
51.300000 ;-39.614787 ;-24.025469 ;
51.400000 ;-39.599029 ;-23.988211 ;
51.500000 ;-39.613875 ;-23.955104 ;
51.600000 ;-39.646870 ;-23.924530 ;
51.700000 ;-39.643916 ;-23.889410 ;
51.800000 ;-39.594395 ;-23.848409 ;
51.900000 ;-39.592799 ;-23.813861 ;
52.000000 ;-39.650112 ;-23.787198 ;
52.100000 ;-39.670311 ;-23.755928 ;
52.200000 ;-39.627333 ;-23.716695 ;
52.300000 ;-39.626852 ;-23.683236 ;
52.400000 ;-39.654110 ;-23.653640 ;
52.500000 ;-39.639115 ;-23.618856 ;
52.600000 ;-39.632602 ;-23.585459 ;
52.700000 ;-39.640530 ;-23.554221 ;
52.800000 ;-39.635442 ;-23.521622 ;
52.900000 ;-39.630456 ;-23.489354 ;
53.000000 ;-39.635925 ;-23.458746 ;
53.100000 ;-39.640462 ;-23.428353 ;
53.200000 ;-39.628066 ;-23.396147 ;
53.300000 ;-39.621930 ;-23.365082 ;
53.400000 ;-39.634202 ;-23.336699 ;
53.500000 ;-39.650732 ;-23.309209 ;
53.600000 ;-39.632572 ;-23.277698 ;
53.700000 ;-39.597464 ;-23.244424 ;
53.800000 ;-39.607870 ;-23.217244 ;
53.900000 ;-39.659251 ;-23.195583 ;
54.000000 ;-39.675083 ;-23.169821 ;
54.100000 ;-39.621483 ;-23.135728 ;
54.200000 ;-39.613462 ;-23.107727 ;
54.300000 ;-39.662046 ;-23.087187 ;
54.400000 ;-39.661859 ;-23.060922 ;
54.500000 ;-39.637716 ;-23.032043 ;
54.600000 ;-39.644357 ;-23.007382 ;
54.700000 ;-39.647524 ;-22.982668 ;
54.800000 ;-39.637609 ;-22.956705 ;
54.900000 ;-39.639284 ;-22.932556 ;
55.000000 ;-39.644147 ;-22.909178 ;
55.100000 ;-39.635811 ;-22.884544 ;
55.200000 ;-39.632162 ;-22.860861 ;
55.300000 ;-39.640224 ;-22.838992 ;
55.400000 ;-39.647248 ;-22.817363 ;
55.500000 ;-39.628246 ;-22.792906 ;
55.600000 ;-39.611796 ;-22.769128 ;
55.700000 ;-39.626742 ;-22.749558 ;
55.800000 ;-39.660074 ;-22.732598 ;
55.900000 ;-39.659329 ;-22.711818 ;
56.000000 ;-39.635869 ;-22.688614 ;
56.100000 ;-39.639516 ;-22.669074 ;
56.200000 ;-39.652058 ;-22.650967 ;
56.300000 ;-39.640514 ;-22.630264 ;
56.400000 ;-39.637793 ;-22.610975 ;
56.500000 ;-39.644812 ;-22.593206 ;
56.600000 ;-39.640012 ;-22.574334 ;
56.700000 ;-39.632400 ;-22.555449 ;
56.800000 ;-39.636958 ;-22.538362 ;
56.900000 ;-39.647365 ;-22.522303 ;
57.000000 ;-39.637675 ;-22.504130 ;
57.100000 ;-39.616124 ;-22.484840 ;
57.200000 ;-39.620715 ;-22.469011 ;
57.300000 ;-39.650918 ;-22.456573 ;
57.400000 ;-39.664385 ;-22.442416 ;
57.500000 ;-39.618622 ;-22.421429 ;
57.600000 ;-39.598049 ;-22.403767 ;
57.700000 ;-39.641874 ;-22.394130 ;
57.800000 ;-39.685455 ;-22.384743 ;
57.900000 ;-39.645232 ;-22.365568 ;
58.000000 ;-39.629327 ;-22.349590 ;
58.100000 ;-39.655731 ;-22.338959 ;
58.200000 ;-39.651493 ;-22.324919 ;
58.300000 ;-39.638683 ;-22.310114 ;
58.400000 ;-39.644077 ;-22.297744 ;
58.500000 ;-39.644149 ;-22.284992 ;
58.600000 ;-39.636153 ;-22.271526 ;
58.700000 ;-39.638026 ;-22.259482 ;
58.800000 ;-39.645238 ;-22.248317 ;
58.900000 ;-39.637184 ;-22.235570 ;
59.000000 ;-39.625860 ;-22.222669 ;
59.100000 ;-39.631886 ;-22.212059 ;
59.200000 ;-39.649923 ;-22.203103 ;
59.300000 ;-39.647773 ;-22.191969 ;
59.400000 ;-39.609424 ;-22.176761 ;
59.500000 ;-39.601707 ;-22.165401 ;
59.600000 ;-39.643401 ;-22.160109 ;
59.700000 ;-39.682335 ;-22.154693 ;
59.800000 ;-39.639726 ;-22.139815 ;
59.900000 ;-39.609938 ;-22.126662 ;
60.000000 ;-39.645802 ;-22.121479 ;
60.100000 ;-39.673454 ;-22.115513 ;
60.200000 ;-39.643405 ;-22.102905 ;
60.300000 ;-39.640227 ;-22.093661 ;
60.400000 ;-39.651806 ;-22.086343 ;
60.500000 ;-39.640901 ;-22.076545 ;
60.600000 ;-39.637918 ;-22.067857 ;
60.700000 ;-39.644341 ;-22.060450 ;
60.800000 ;-39.639848 ;-22.051924 ;
60.900000 ;-39.632432 ;-22.043219 ;
61.000000 ;-39.636612 ;-22.036041 ;
61.100000 ;-39.646807 ;-22.029729 ;
61.200000 ;-39.638054 ;-22.021344 ;
61.300000 ;-39.615212 ;-22.011457 ;
61.400000 ;-39.617998 ;-22.004732 ;
61.500000 ;-39.648568 ;-22.001418 ;
61.600000 ;-39.667105 ;-21.996832 ;
61.700000 ;-39.641928 ;-21.987252 ;
61.800000 ;-39.634760 ;-21.979926 ;
61.900000 ;-39.650167 ;-21.975388 ;
62.000000 ;-39.644590 ;-21.968520 ;
62.100000 ;-39.636902 ;-21.961533 ;
62.200000 ;-39.642094 ;-21.956185 ;
62.300000 ;-39.643607 ;-21.950531 ;
62.400000 ;-39.633998 ;-21.943697 ;
62.500000 ;-39.633566 ;-21.938057 ;
62.600000 ;-39.643954 ;-21.933802 ;
62.700000 ;-39.645357 ;-21.928611 ;
62.800000 ;-39.622468 ;-21.920692 ;
62.900000 ;-39.615139 ;-21.914704 ;
63.000000 ;-39.638409 ;-21.912402 ;
63.100000 ;-39.665483 ;-21.910651 ;
63.200000 ;-39.637860 ;-21.902610 ;
63.300000 ;-39.598565 ;-21.893312 ;
63.400000 ;-39.620498 ;-21.891268 ;
63.500000 ;-39.677328 ;-21.893398 ;
63.600000 ;-39.661211 ;-21.887098 ;
63.700000 ;-39.628712 ;-21.878980 ;
63.800000 ;-39.644307 ;-21.876574 ;
63.900000 ;-39.658805 ;-21.874130 ;
64.000000 ;-39.641193 ;-21.868023 ;
64.100000 ;-39.640592 ;-21.863987 ;
64.200000 ;-39.647122 ;-21.860868 ;
64.300000 ;-39.638545 ;-21.856071 ;
64.400000 ;-39.636018 ;-21.852059 ;
64.500000 ;-39.643157 ;-21.849253 ;
64.600000 ;-39.642786 ;-21.845650 ;
64.700000 ;-39.628921 ;-21.840552 ;
64.800000 ;-39.627447 ;-21.836971 ;
64.900000 ;-39.643261 ;-21.835477 ;
65.000000 ;-39.654598 ;-21.833532 ;
65.100000 ;-39.624288 ;-21.826811 ;
65.200000 ;-39.599071 ;-21.820754 ;
65.300000 ;-39.624120 ;-21.820612 ;
65.400000 ;-39.674261 ;-21.823454 ;
65.500000 ;-39.661410 ;-21.819030 ;
65.600000 ;-39.614172 ;-21.810671 ;
65.700000 ;-39.627197 ;-21.809388 ;
65.800000 ;-39.674021 ;-21.812098 ;
65.900000 ;-39.653395 ;-21.807017 ;
66.000000 ;-39.637879 ;-21.802588 ;
66.100000 ;-39.649835 ;-21.801411 ;
66.200000 ;-39.645709 ;-21.798419 ;
66.300000 ;-39.637947 ;-21.795058 ;
66.400000 ;-39.642389 ;-21.793168 ;
66.500000 ;-39.644110 ;-21.791013 ;
66.600000 ;-39.634921 ;-21.787643 ;
66.700000 ;-39.634140 ;-21.785299 ;
66.800000 ;-39.644033 ;-21.784242 ;
66.900000 ;-39.646583 ;-21.782381 ;
67.000000 ;-39.623409 ;-21.777582 ;
67.100000 ;-39.613662 ;-21.774387 ;
67.200000 ;-39.635864 ;-21.774944 ;
67.300000 ;-39.666425 ;-21.776515 ;
67.400000 ;-39.652631 ;-21.772980 ;
67.500000 ;-39.634537 ;-21.768990 ;
67.600000 ;-39.644726 ;-21.768323 ;
67.700000 ;-39.650483 ;-21.767183 ;
67.800000 ;-39.639258 ;-21.764111 ;
67.900000 ;-39.639945 ;-21.762459 ;
68.000000 ;-39.646470 ;-21.761523 ;
68.100000 ;-39.638452 ;-21.758937 ;
68.200000 ;-39.633062 ;-21.756691 ;
68.300000 ;-39.640434 ;-21.755961 ;
68.400000 ;-39.649160 ;-21.755421 ;
68.500000 ;-39.632860 ;-21.752016 ;
68.600000 ;-39.615441 ;-21.748515 ;
68.700000 ;-39.627698 ;-21.748485 ;
68.800000 ;-39.659076 ;-21.750701 ;
68.900000 ;-39.657644 ;-21.749147 ;
69.000000 ;-39.609740 ;-21.742241 ;
69.100000 ;-39.605611 ;-21.740439 ;
69.200000 ;-39.658353 ;-21.745254 ;
69.300000 ;-39.679476 ;-21.746432 ;
69.400000 ;-39.637355 ;-21.740308 ;
69.500000 ;-39.634664 ;-21.738783 ;
69.600000 ;-39.661809 ;-21.740744 ;
69.700000 ;-39.648083 ;-21.737993 ;
69.800000 ;-39.639740 ;-21.735890 ;
69.900000 ;-39.647425 ;-21.735668 ;
70.000000 ;-39.643410 ;-21.734116 ;
70.100000 ;-39.636889 ;-21.732297 ;
70.200000 ;-39.641196 ;-21.731755 ;
70.300000 ;-39.647013 ;-21.731410 ;
70.400000 ;-39.635409 ;-21.729071 ;
70.500000 ;-39.627021 ;-21.727127 ;
70.600000 ;-39.637206 ;-21.727354 ;
70.700000 ;-39.654607 ;-21.728436 ;
70.800000 ;-39.641700 ;-21.726032 ;
70.900000 ;-39.605449 ;-21.720948 ;
71.000000 ;-39.610044 ;-21.720611 ;
71.100000 ;-39.657757 ;-21.725282 ;
71.200000 ;-39.680354 ;-21.727063 ;
71.300000 ;-39.629414 ;-21.720354 ;
71.400000 ;-39.615517 ;-21.717953 ;
71.500000 ;-39.660132 ;-21.722344 ;
71.600000 ;-39.667382 ;-21.722425 ;
71.700000 ;-39.641322 ;-21.718666 ;
71.800000 ;-39.645370 ;-21.718408 ;
71.900000 ;-39.651952 ;-21.718459 ;
72.000000 ;-39.641073 ;-21.716505 ;
72.100000 ;-39.641092 ;-21.715827 ;
72.200000 ;-39.647223 ;-21.715870 ;
72.300000 ;-39.639864 ;-21.714368 ;
72.400000 ;-39.634383 ;-21.713098 ;
72.500000 ;-39.641128 ;-21.713255 ;
72.600000 ;-39.650084 ;-21.713682 ;
72.700000 ;-39.634914 ;-21.711333 ;
72.800000 ;-39.615389 ;-21.708494 ;
72.900000 ;-39.625569 ;-21.709103 ;
73.000000 ;-39.658328 ;-21.712335 ;
73.100000 ;-39.664886 ;-21.712549 ;
73.200000 ;-39.639970 ;-21.709136 ;
73.300000 ;-39.639758 ;-21.708592 ;
73.400000 ;-39.654612 ;-21.709803 ;
73.500000 ;-39.644439 ;-21.708131 ;
73.600000 ;-39.639615 ;-21.707089 ;
73.700000 ;-39.646422 ;-21.707401 ;
73.800000 ;-39.644216 ;-21.706683 ;
73.900000 ;-39.635352 ;-21.705205 ;
74.000000 ;-39.637903 ;-21.705057 ;
74.100000 ;-39.648849 ;-21.705890 ;
74.200000 ;-39.644016 ;-21.704908 ;
74.300000 ;-39.621202 ;-21.701859 ;
74.400000 ;-39.620804 ;-21.701409 ;
74.500000 ;-39.648614 ;-21.704229 ;
74.600000 ;-39.668578 ;-21.706150 ;
74.700000 ;-39.628979 ;-21.701196 ;
74.800000 ;-39.600713 ;-21.697565 ;
74.900000 ;-39.636177 ;-21.701308 ;
75.000000 ;-39.686279 ;-21.706749 ;
75.100000 ;-39.653503 ;-21.702615 ;
75.200000 ;-39.631007 ;-21.699679 ;
75.300000 ;-39.654240 ;-21.702041 ;
75.400000 ;-39.657298 ;-21.702076 ;
75.500000 ;-39.642159 ;-21.700014 ;
75.600000 ;-39.645517 ;-21.700096 ;
75.700000 ;-39.648708 ;-21.700165 ;
75.800000 ;-39.640004 ;-21.698867 ;
75.900000 ;-39.640008 ;-21.698581 ;
76.000000 ;-39.647720 ;-21.699192 ;
76.100000 ;-39.642988 ;-21.698372 ;
76.200000 ;-39.630025 ;-21.696607 ;
76.300000 ;-39.632814 ;-21.696669 ;
76.400000 ;-39.650462 ;-21.698452 ;
76.500000 ;-39.655214 ;-21.698752 ;
76.600000 ;-39.618933 ;-21.694318 ;
76.700000 ;-39.603456 ;-21.692295 ;
76.800000 ;-39.638525 ;-21.696116 ;
76.900000 ;-39.683424 ;-21.701077 ;
77.000000 ;-39.651721 ;-21.697191 ;
77.100000 ;-39.614155 ;-21.692636 ;
77.200000 ;-39.641284 ;-21.695566 ;
77.300000 ;-39.679242 ;-21.699751 ;
77.400000 ;-39.650257 ;-21.696201 ;
77.500000 ;-39.642116 ;-21.695065 ;
77.600000 ;-39.655205 ;-21.696388 ;
77.700000 ;-39.646315 ;-21.695174 ;
77.800000 ;-39.641156 ;-21.694394 ;
77.900000 ;-39.647203 ;-21.694914 ;
78.000000 ;-39.645465 ;-21.694538 ;
78.100000 ;-39.636847 ;-21.693372 ;
78.200000 ;-39.638883 ;-21.693440 ;
78.300000 ;-39.649477 ;-21.694500 ;
78.400000 ;-39.646109 ;-21.693952 ;
78.500000 ;-39.622165 ;-21.691032 ;
78.600000 ;-39.619259 ;-21.690545 ;
78.700000 ;-39.646732 ;-21.693571 ;
78.800000 ;-39.671746 ;-21.696315 ;
78.900000 ;-39.649886 ;-21.693648 ;
79.000000 ;-39.637798 ;-21.692114 ;
79.100000 ;-39.651865 ;-21.693607 ;
79.200000 ;-39.650972 ;-21.693373 ;
79.300000 ;-39.641406 ;-21.692141 ;
79.400000 ;-39.644892 ;-21.692419 ;
79.500000 ;-39.649149 ;-21.692790 ;
79.600000 ;-39.639642 ;-21.691573 ;
79.700000 ;-39.636904 ;-21.691142 ;
79.800000 ;-39.646308 ;-21.692115 ;
79.900000 ;-39.651736 ;-21.692632 ;
80.000000 ;-39.647325 ;-21.692015 ;
