0.000000 ;-27.500000 ;-20.600000 ;
0.100000 ;-28.042827 ;-20.541567 ;
0.200000 ;-28.391524 ;-20.500756 ;
0.300000 ;-28.618725 ;-20.474984 ;
0.400000 ;-28.795319 ;-20.463657 ;
0.500000 ;-28.924390 ;-20.461804 ;
0.600000 ;-29.027345 ;-20.467325 ;
0.700000 ;-29.108962 ;-20.477719 ;
0.800000 ;-29.169081 ;-20.490890 ;
0.900000 ;-29.219974 ;-20.506171 ;
1.000000 ;-29.266297 ;-20.522725 ;
1.100000 ;-29.298115 ;-20.539029 ;
1.200000 ;-29.316147 ;-20.554570 ;
1.300000 ;-29.333681 ;-20.569959 ;
1.400000 ;-29.374985 ;-20.587044 ;
1.500000 ;-29.405468 ;-20.602570 ;
1.600000 ;-29.396532 ;-20.613802 ;
1.700000 ;-29.364508 ;-20.622181 ;
1.800000 ;-29.369156 ;-20.633185 ;
1.900000 ;-29.399988 ;-20.645829 ;
2.000000 ;-29.402929 ;-20.655095 ;
2.100000 ;-29.404362 ;-20.663491 ;
2.200000 ;-29.414160 ;-20.671981 ;
2.300000 ;-29.415774 ;-20.679047 ;
2.400000 ;-29.417982 ;-20.685557 ;
2.500000 ;-29.424387 ;-20.691894 ;
2.600000 ;-29.425186 ;-20.697176 ;
2.700000 ;-29.420889 ;-20.701492 ;
2.800000 ;-29.424137 ;-20.706074 ;
2.900000 ;-29.442545 ;-20.711679 ;
3.000000 ;-29.446982 ;-20.715588 ;
3.100000 ;-29.428135 ;-20.716955 ;
3.200000 ;-29.405234 ;-20.717626 ;
3.300000 ;-29.416750 ;-20.721265 ;
3.400000 ;-29.430350 ;-20.724842 ;
3.500000 ;-29.422645 ;-20.726170 ;
3.600000 ;-29.421947 ;-20.727948 ;
3.700000 ;-29.428442 ;-20.730212 ;
3.800000 ;-29.426336 ;-20.731488 ;
3.900000 ;-29.424819 ;-20.732661 ;
4.000000 ;-29.431085 ;-20.734427 ;
4.100000 ;-29.431559 ;-20.735517 ;
4.200000 ;-29.424504 ;-20.735778 ;
4.300000 ;-29.423199 ;-20.736478 ;
4.400000 ;-29.441581 ;-20.738947 ;
4.500000 ;-29.448286 ;-20.740228 ;
4.600000 ;-29.429359 ;-20.739008 ;
4.700000 ;-29.405040 ;-20.737211 ;
4.800000 ;-29.417261 ;-20.738809 ;
4.900000 ;-29.429954 ;-20.740400 ;
5.000000 ;-29.420935 ;-20.739890 ;
5.100000 ;-29.420328 ;-20.740134 ;
5.200000 ;-29.427050 ;-20.741034 ;
5.300000 ;-29.424481 ;-20.741022 ;
5.400000 ;-29.422493 ;-20.741037 ;
5.500000 ;-29.429031 ;-20.741834 ;
5.600000 ;-29.429509 ;-20.742037 ;
5.700000 ;-29.422128 ;-20.741477 ;
5.800000 ;-29.421166 ;-20.741508 ;
5.900000 ;-29.438787 ;-20.743285 ;
6.000000 ;-29.443865 ;-20.743864 ;
6.100000 ;-29.424840 ;-20.742153 ;
6.200000 ;-29.403798 ;-20.740243 ;
6.300000 ;-29.418370 ;-20.741696 ;
6.400000 ;-29.428452 ;-20.742720 ;
6.500000 ;-29.418096 ;-20.741807 ;
6.600000 ;-29.418822 ;-20.741940 ;
6.700000 ;-29.425581 ;-20.742641 ;
6.800000 ;-29.422403 ;-20.742402 ;
6.900000 ;-29.420250 ;-20.742259 ;
7.000000 ;-29.427398 ;-20.742997 ;
7.100000 ;-29.427935 ;-20.743110 ;
7.200000 ;-29.420020 ;-20.742424 ;
7.300000 ;-29.419260 ;-20.742418 ;
7.400000 ;-29.436803 ;-20.744145 ;
7.500000 ;-29.440866 ;-20.744599 ;
7.600000 ;-29.421420 ;-20.742831 ;
7.700000 ;-29.402905 ;-20.741154 ;
7.800000 ;-29.429849 ;-20.743779 ;
7.900000 ;-29.454389 ;-20.746180 ;
8.000000 ;-29.428817 ;-20.743848 ;
8.100000 ;-29.389612 ;-20.740230 ;
8.200000 ;-29.414756 ;-20.742695 ;
8.300000 ;-29.430560 ;-20.744281 ;
8.400000 ;-29.411986 ;-20.742620 ;
8.500000 ;-29.413221 ;-20.742835 ;
8.600000 ;-29.423071 ;-20.743866 ;
8.700000 ;-29.418978 ;-20.743581 ;
8.800000 ;-29.419163 ;-20.743703 ;
8.900000 ;-29.424981 ;-20.744360 ;
9.000000 ;-29.422930 ;-20.744274 ;
9.100000 ;-29.417741 ;-20.743894 ;
9.200000 ;-29.425326 ;-20.744725 ;
9.300000 ;-29.432672 ;-20.745535 ;
9.400000 ;-29.425704 ;-20.744993 ;
9.500000 ;-29.412164 ;-20.743831 ;
9.600000 ;-29.415602 ;-20.744276 ;
9.700000 ;-29.419929 ;-20.744808 ;
9.800000 ;-29.419724 ;-20.744912 ;
9.900000 ;-29.420404 ;-20.770698 ;
10.000000 ;-29.389225 ;-21.044541 ;
10.100000 ;-29.283058 ;-21.438505 ;
10.200000 ;-29.096347 ;-21.844512 ;
10.300000 ;-28.836451 ;-22.219810 ;
10.400000 ;-28.523807 ;-22.551017 ;
10.500000 ;-28.177834 ;-22.835001 ;
10.600000 ;-27.816022 ;-23.073258 ;
10.700000 ;-27.454024 ;-23.269443 ;
10.800000 ;-27.099681 ;-23.427616 ;
10.900000 ;-26.765270 ;-23.552861 ;
11.000000 ;-26.454201 ;-23.649595 ;
11.100000 ;-26.154550 ;-23.720835 ;
11.200000 ;-25.896034 ;-23.773194 ;
11.300000 ;-25.675517 ;-23.809925 ;
11.400000 ;-25.449644 ;-23.830296 ;
11.500000 ;-25.250690 ;-23.840213 ;
11.600000 ;-25.102021 ;-23.844262 ;
11.700000 ;-24.953933 ;-23.839937 ;
11.800000 ;-24.807727 ;-23.829220 ;
11.900000 ;-24.700388 ;-23.817014 ;
12.000000 ;-24.601547 ;-23.801712 ;
12.100000 ;-24.500880 ;-23.783401 ;
12.200000 ;-24.425760 ;-23.765396 ;
12.300000 ;-24.358945 ;-23.746754 ;
12.400000 ;-24.287410 ;-23.726825 ;
12.500000 ;-24.234945 ;-23.708165 ;
12.600000 ;-24.194521 ;-23.690433 ;
12.700000 ;-24.140873 ;-23.671578 ;
12.800000 ;-24.098116 ;-23.653988 ;
12.900000 ;-24.076304 ;-23.638695 ;
13.000000 ;-24.046476 ;-23.623136 ;
13.100000 ;-24.003356 ;-23.606901 ;
13.200000 ;-23.984167 ;-23.593461 ;
13.300000 ;-23.978888 ;-23.581904 ;
13.400000 ;-23.945854 ;-23.568384 ;
13.500000 ;-23.920409 ;-23.556180 ;
13.600000 ;-23.918837 ;-23.546787 ;
13.700000 ;-23.903054 ;-23.536655 ;
13.800000 ;-23.878803 ;-23.526303 ;
13.900000 ;-23.873627 ;-23.518257 ;
14.000000 ;-23.866898 ;-23.510581 ;
14.100000 ;-23.846639 ;-23.502147 ;
14.200000 ;-23.839740 ;-23.495411 ;
14.300000 ;-23.839636 ;-23.489741 ;
14.400000 ;-23.822333 ;-23.482899 ;
14.500000 ;-23.811495 ;-23.477043 ;
14.600000 ;-23.815845 ;-23.472952 ;
14.700000 ;-23.809781 ;-23.468243 ;
14.800000 ;-23.790137 ;-23.462603 ;
14.900000 ;-23.790063 ;-23.459067 ;
15.000000 ;-23.801277 ;-23.456851 ;
15.100000 ;-23.784665 ;-23.452330 ;
15.200000 ;-23.771109 ;-23.448335 ;
15.300000 ;-23.782428 ;-23.446858 ;
15.400000 ;-23.782859 ;-23.444589 ;
15.500000 ;-23.765195 ;-23.440847 ;
15.600000 ;-23.767218 ;-23.439100 ;
15.700000 ;-23.773923 ;-23.437954 ;
15.800000 ;-23.760110 ;-23.435074 ;
15.900000 ;-23.757417 ;-23.433363 ;
16.000000 ;-23.764349 ;-23.432672 ;
16.100000 ;-23.754765 ;-23.430585 ;
16.200000 ;-23.748303 ;-23.428901 ;
16.300000 ;-23.755451 ;-23.428576 ;
16.400000 ;-23.754281 ;-23.427583 ;
16.500000 ;-23.740450 ;-23.425518 ;
16.600000 ;-23.742989 ;-23.425043 ;
16.700000 ;-23.755760 ;-23.425586 ;
16.800000 ;-23.743712 ;-23.423918 ;
16.900000 ;-23.731804 ;-23.422330 ;
17.000000 ;-23.745019 ;-23.423113 ;
17.100000 ;-23.753023 ;-23.423474 ;
17.200000 ;-23.734625 ;-23.421459 ;
17.300000 ;-23.735578 ;-23.421270 ;
17.400000 ;-23.749796 ;-23.422346 ;
17.500000 ;-23.738298 ;-23.421098 ;
17.600000 ;-23.733417 ;-23.420496 ;
17.700000 ;-23.742926 ;-23.421250 ;
17.800000 ;-23.737662 ;-23.420679 ;
17.900000 ;-23.731043 ;-23.420012 ;
18.000000 ;-23.737728 ;-23.420594 ;
18.100000 ;-23.738905 ;-23.420695 ;
18.200000 ;-23.728001 ;-23.419709 ;
18.300000 ;-23.730487 ;-23.419973 ;
18.400000 ;-23.741836 ;-23.421070 ;
18.500000 ;-23.731986 ;-23.420238 ;
18.600000 ;-23.721546 ;-23.419367 ;
18.700000 ;-23.734158 ;-23.420628 ;
18.800000 ;-23.745131 ;-23.421753 ;
18.900000 ;-23.726229 ;-23.420145 ;
19.000000 ;-23.724671 ;-23.420142 ;
19.100000 ;-23.743419 ;-23.422015 ;
19.200000 ;-23.735892 ;-23.421484 ;
19.300000 ;-23.726417 ;-23.420782 ;
19.400000 ;-23.736906 ;-23.421921 ;
19.500000 ;-23.736816 ;-23.422096 ;
19.600000 ;-23.728170 ;-23.421492 ;
19.700000 ;-23.733432 ;-23.422170 ;
19.800000 ;-23.737069 ;-23.422705 ;
19.900000 ;-23.727780 ;-23.422058 ;
20.000000 ;-23.729305 ;-23.422409 ;
20.100000 ;-23.738901 ;-23.423504 ;
20.200000 ;-23.730841 ;-23.422982 ;
20.300000 ;-23.722433 ;-23.422431 ;
20.400000 ;-23.733463 ;-23.423668 ;
20.500000 ;-23.743646 ;-23.424831 ;
20.600000 ;-23.725549 ;-23.423398 ;
20.700000 ;-23.722458 ;-23.423346 ;
20.800000 ;-23.742891 ;-23.425457 ;
20.900000 ;-23.740433 ;-23.425467 ;
21.000000 ;-23.725627 ;-23.424344 ;
21.100000 ;-23.735540 ;-23.425493 ;
21.200000 ;-23.743208 ;-23.426437 ;
21.300000 ;-23.731293 ;-23.425585 ;
21.400000 ;-23.733960 ;-23.426071 ;
21.500000 ;-23.741134 ;-23.426972 ;
21.600000 ;-23.732469 ;-23.426420 ;
21.700000 ;-23.732309 ;-23.426650 ;
21.800000 ;-23.740728 ;-23.427667 ;
21.900000 ;-23.734657 ;-23.427355 ;
22.000000 ;-23.728021 ;-23.426991 ;
22.100000 ;-23.736999 ;-23.428060 ;
22.200000 ;-23.744737 ;-23.429017 ;
22.300000 ;-23.728561 ;-23.427778 ;
22.400000 ;-23.725741 ;-23.427765 ;
22.500000 ;-23.745213 ;-23.429800 ;
22.600000 ;-23.746034 ;-23.430122 ;
22.700000 ;-23.727255 ;-23.428643 ;
22.800000 ;-23.735468 ;-23.429644 ;
22.900000 ;-23.752410 ;-23.431447 ;
23.000000 ;-23.737687 ;-23.430342 ;
23.100000 ;-23.735841 ;-23.430418 ;
23.200000 ;-23.747367 ;-23.431722 ;
23.300000 ;-23.739827 ;-23.431276 ;
23.400000 ;-23.736902 ;-23.431253 ;
23.500000 ;-23.744761 ;-23.432219 ;
23.600000 ;-23.741015 ;-23.432121 ;
23.700000 ;-23.735176 ;-23.431829 ;
23.800000 ;-23.742042 ;-23.432704 ;
23.900000 ;-23.747588 ;-23.433457 ;
24.000000 ;-23.734305 ;-23.432481 ;
24.100000 ;-23.732759 ;-23.432582 ;
24.200000 ;-23.749278 ;-23.434342 ;
24.300000 ;-23.750016 ;-23.434653 ;
24.400000 ;-23.730187 ;-23.433074 ;
24.500000 ;-23.736958 ;-23.433938 ;
24.600000 ;-23.759507 ;-23.436252 ;
24.700000 ;-23.745674 ;-23.435223 ;
24.800000 ;-23.737470 ;-23.434710 ;
24.900000 ;-23.752663 ;-23.436346 ;
25.000000 ;-23.749654 ;-23.436311 ;
25.100000 ;-23.742197 ;-23.435866 ;
25.200000 ;-23.749422 ;-23.436768 ;
25.300000 ;-23.748893 ;-23.436958 ;
25.400000 ;-23.742585 ;-23.436618 ;
25.500000 ;-23.747431 ;-23.437300 ;
25.600000 ;-23.752074 ;-23.437964 ;
25.700000 ;-23.741912 ;-23.437268 ;
25.800000 ;-23.741299 ;-23.437448 ;
25.900000 ;-23.754034 ;-23.438854 ;
26.000000 ;-23.752790 ;-23.438975 ;
26.100000 ;-23.735123 ;-23.437588 ;
26.200000 ;-23.741589 ;-23.438416 ;
26.300000 ;-23.764401 ;-23.440747 ;
26.400000 ;-23.752703 ;-23.439906 ;
26.500000 ;-23.738470 ;-23.438832 ;
26.600000 ;-23.755481 ;-23.440628 ;
26.700000 ;-23.762052 ;-23.441465 ;
26.800000 ;-23.748120 ;-23.440418 ;
26.900000 ;-23.753210 ;-23.441116 ;
27.000000 ;-23.758332 ;-23.441818 ;
27.100000 ;-23.750216 ;-23.441304 ;
27.200000 ;-23.752676 ;-23.441759 ;
27.300000 ;-23.757952 ;-23.442473 ;
27.400000 ;-23.750179 ;-23.441989 ;
27.500000 ;-23.749501 ;-23.442155 ;
27.600000 ;-23.758889 ;-23.443244 ;
27.700000 ;-23.756185 ;-23.443224 ;
27.800000 ;-23.742826 ;-23.442224 ;
27.900000 ;-23.749331 ;-23.443048 ;
28.000000 ;-23.768056 ;-23.444994 ;
28.100000 ;-23.756745 ;-23.444180 ;
28.200000 ;-23.739955 ;-23.442862 ;
28.300000 ;-23.757196 ;-23.444671 ;
28.400000 ;-23.774724 ;-23.446507 ;
28.500000 ;-23.754521 ;-23.444875 ;
28.600000 ;-23.754690 ;-23.445113 ;
28.700000 ;-23.769104 ;-23.446660 ;
28.800000 ;-23.759016 ;-23.445956 ;
28.900000 ;-23.757478 ;-23.446036 ;
29.000000 ;-23.764618 ;-23.446912 ;
29.100000 ;-23.758545 ;-23.446575 ;
29.200000 ;-23.756705 ;-23.446626 ;
29.300000 ;-23.763808 ;-23.447497 ;
29.400000 ;-23.761329 ;-23.447488 ;
29.500000 ;-23.752196 ;-23.446868 ;
29.600000 ;-23.757958 ;-23.447615 ;
29.700000 ;-23.771000 ;-23.449030 ;
29.800000 ;-23.759016 ;-23.448145 ;
29.900000 ;-23.744502 ;-23.447027 ;
30.000000 ;-23.761082 ;-23.448767 ;
30.100000 ;-23.782086 ;-23.450913 ;
30.200000 ;-23.759771 ;-23.449077 ;
30.300000 ;-23.753588 ;-23.448722 ;
30.400000 ;-23.776154 ;-23.451010 ;
30.500000 ;-23.770464 ;-23.450702 ;
30.600000 ;-23.761696 ;-23.450109 ;
30.700000 ;-23.770559 ;-23.451135 ;
30.800000 ;-23.767639 ;-23.451078 ;
30.900000 ;-23.763203 ;-23.450881 ;
31.000000 ;-23.768738 ;-23.451600 ;
31.100000 ;-23.767887 ;-23.451731 ;
31.200000 ;-23.761272 ;-23.451333 ;
31.300000 ;-23.765533 ;-23.451933 ;
31.400000 ;-23.773942 ;-23.452913 ;
31.500000 ;-23.762726 ;-23.452090 ;
31.600000 ;-23.753369 ;-23.451437 ;
31.700000 ;-23.767956 ;-23.452984 ;
31.800000 ;-23.784460 ;-23.454707 ;
31.900000 ;-23.761996 ;-23.452847 ;
32.000000 ;-23.752382 ;-23.452168 ;
32.100000 ;-23.779073 ;-23.454827 ;
32.200000 ;-23.784082 ;-23.455493 ;
32.300000 ;-23.765250 ;-23.453965 ;
32.400000 ;-23.773236 ;-23.454901 ;
32.500000 ;-23.779175 ;-23.455650 ;
32.600000 ;-23.769982 ;-23.455007 ;
32.700000 ;-23.773236 ;-23.455507 ;
32.800000 ;-23.775342 ;-23.455901 ;
32.900000 ;-23.769308 ;-23.455547 ;
33.000000 ;-23.771719 ;-23.455968 ;
33.100000 ;-23.777652 ;-23.456711 ;
33.200000 ;-23.769081 ;-23.456122 ;
33.300000 ;-23.764075 ;-23.455860 ;
33.400000 ;-23.775253 ;-23.457084 ;
33.500000 ;-23.784548 ;-23.458135 ;
33.600000 ;-23.763306 ;-23.456378 ;
33.700000 ;-23.755835 ;-23.455887 ;
33.800000 ;-23.782081 ;-23.458496 ;
33.900000 ;-23.794000 ;-23.459787 ;
34.000000 ;-23.767150 ;-23.457512 ;
34.100000 ;-23.771052 ;-23.458064 ;
34.200000 ;-23.792974 ;-23.460274 ;
34.300000 ;-23.778876 ;-23.459172 ;
34.400000 ;-23.776491 ;-23.459144 ;
34.500000 ;-23.783985 ;-23.460024 ;
34.600000 ;-23.777164 ;-23.459588 ;
34.700000 ;-23.776956 ;-23.459759 ;
34.800000 ;-23.782284 ;-23.460438 ;
34.900000 ;-23.776579 ;-23.460104 ;
35.000000 ;-23.773464 ;-23.460006 ;
35.100000 ;-23.781169 ;-23.460902 ;
35.200000 ;-23.784962 ;-23.461438 ;
35.300000 ;-23.768100 ;-23.460075 ;
35.400000 ;-23.765585 ;-23.460030 ;
35.500000 ;-23.787082 ;-23.462192 ;
35.600000 ;-23.795641 ;-23.463165 ;
35.700000 ;-23.766373 ;-23.460658 ;
35.800000 ;-23.767327 ;-23.460930 ;
35.900000 ;-23.800133 ;-23.464133 ;
36.000000 ;-23.790839 ;-23.463464 ;
36.100000 ;-23.777546 ;-23.462424 ;
36.200000 ;-23.790402 ;-23.463788 ;
36.300000 ;-23.787096 ;-23.463667 ;
36.400000 ;-23.781896 ;-23.463370 ;
36.500000 ;-23.787209 ;-23.464039 ;
36.600000 ;-23.784149 ;-23.463938 ;
36.700000 ;-23.780795 ;-23.463810 ;
36.800000 ;-23.785945 ;-23.464462 ;
36.900000 ;-23.787462 ;-23.464780 ;
37.000000 ;-23.776506 ;-23.463951 ;
37.100000 ;-23.777075 ;-23.464181 ;
37.200000 ;-23.791757 ;-23.465707 ;
37.300000 ;-23.792806 ;-23.465980 ;
37.400000 ;-23.766744 ;-23.463759 ;
37.500000 ;-23.769502 ;-23.464189 ;
37.600000 ;-23.803155 ;-23.467461 ;
37.700000 ;-23.800531 ;-23.467395 ;
37.800000 ;-23.775519 ;-23.465268 ;
37.900000 ;-23.789722 ;-23.466748 ;
38.000000 ;-23.802156 ;-23.468066 ;
38.100000 ;-23.787926 ;-23.466931 ;
38.200000 ;-23.790908 ;-23.467377 ;
38.300000 ;-23.792651 ;-23.467709 ;
38.400000 ;-23.787182 ;-23.467378 ;
38.500000 ;-23.790140 ;-23.467820 ;
38.600000 ;-23.792105 ;-23.468170 ;
38.700000 ;-23.785147 ;-23.467701 ;
38.800000 ;-23.786104 ;-23.467957 ;
38.900000 ;-23.795167 ;-23.468959 ;
39.000000 ;-23.791181 ;-23.468760 ;
39.100000 ;-23.773542 ;-23.467306 ;
39.200000 ;-23.779608 ;-23.468031 ;
39.300000 ;-23.805445 ;-23.470574 ;
39.400000 ;-23.800871 ;-23.470319 ;
39.500000 ;-23.771124 ;-23.467747 ;
39.600000 ;-23.784928 ;-23.469183 ;
39.700000 ;-23.817348 ;-23.472334 ;
39.800000 ;-23.796471 ;-23.470580 ;
39.900000 ;-23.790897 ;-23.470232 ;
40.000000 ;-23.803752 ;-23.471564 ;
40.100000 ;-23.796330 ;-23.470989 ;
40.200000 ;-23.796488 ;-23.471087 ;
40.300000 ;-23.800246 ;-23.471493 ;
40.400000 ;-23.800879 ;-23.471587 ;
40.500000 ;-23.803851 ;-23.471901 ;
40.600000 ;-23.806898 ;-23.472236 ;
40.700000 ;-23.810991 ;-23.472691 ;
40.800000 ;-23.816237 ;-23.473282 ;
40.900000 ;-23.820906 ;-23.473860 ;
41.000000 ;-23.826657 ;-23.474576 ;
41.100000 ;-23.834580 ;-23.475525 ;
41.200000 ;-23.841784 ;-23.476454 ;
41.300000 ;-23.843363 ;-23.476932 ;
41.400000 ;-23.851110 ;-23.478006 ;
41.500000 ;-23.869244 ;-23.480043 ;
41.600000 ;-23.888128 ;-23.482175 ;
41.700000 ;-23.891411 ;-23.482935 ;
41.800000 ;-23.899207 ;-23.484141 ;
41.900000 ;-23.921324 ;-23.486684 ;
42.000000 ;-23.934079 ;-23.488378 ;
42.100000 ;-23.943627 ;-23.489786 ;
42.200000 ;-23.965490 ;-23.492323 ;
42.300000 ;-23.985159 ;-23.494643 ;
42.400000 ;-23.994256 ;-23.495971 ;
42.500000 ;-24.016586 ;-23.498481 ;
42.600000 ;-24.049855 ;-23.501943 ;
42.700000 ;-24.064269 ;-23.503595 ;
42.800000 ;-24.074491 ;-23.504780 ;
42.900000 ;-24.112161 ;-23.508416 ;
43.000000 ;-24.156377 ;-23.512532 ;
43.100000 ;-24.164597 ;-23.513146 ;
43.200000 ;-24.187062 ;-23.514933 ;
43.300000 ;-24.238127 ;-23.519214 ;
43.400000 ;-24.266480 ;-23.521143 ;
43.500000 ;-24.288099 ;-23.522200 ;
43.600000 ;-24.331260 ;-23.525021 ;
43.700000 ;-24.367231 ;-23.526866 ;
43.800000 ;-24.396216 ;-23.527731 ;
43.900000 ;-24.439167 ;-23.529560 ;
44.000000 ;-24.481088 ;-23.530907 ;
44.100000 ;-24.512504 ;-23.530856 ;
44.200000 ;-24.556274 ;-23.531531 ;
44.300000 ;-24.609019 ;-23.532577 ;
44.400000 ;-24.643992 ;-23.531434 ;
44.500000 ;-24.679446 ;-23.529815 ;
44.600000 ;-24.737595 ;-23.529803 ;
44.700000 ;-24.796738 ;-23.529292 ;
44.800000 ;-24.825478 ;-23.525247 ;
44.900000 ;-24.870027 ;-23.522095 ;
45.000000 ;-24.940426 ;-23.520782 ;
45.100000 ;-24.988606 ;-23.516623 ;
45.200000 ;-25.025483 ;-23.510666 ;
45.300000 ;-25.086206 ;-23.506309 ;
45.400000 ;-25.144864 ;-23.501007 ;
45.500000 ;-25.186711 ;-23.493311 ;
45.600000 ;-25.242643 ;-23.486225 ;
45.700000 ;-25.303788 ;-23.478869 ;
45.800000 ;-25.349123 ;-23.469184 ;
45.900000 ;-25.402461 ;-23.459495 ;
46.000000 ;-25.466967 ;-23.450103 ;
46.100000 ;-25.518464 ;-23.438641 ;
46.200000 ;-25.563380 ;-23.425747 ;
46.300000 ;-25.626070 ;-23.413816 ;
46.400000 ;-25.695315 ;-23.401746 ;
46.500000 ;-25.737566 ;-23.386237 ;
46.600000 ;-25.783416 ;-23.370331 ;
46.700000 ;-25.855351 ;-23.356270 ;
46.800000 ;-25.921923 ;-23.340940 ;
46.900000 ;-25.958563 ;-23.321918 ;
47.000000 ;-26.013870 ;-23.304067 ;
47.100000 ;-26.086619 ;-23.287284 ;
47.200000 ;-26.133438 ;-23.267257 ;
47.300000 ;-26.180707 ;-23.246652 ;
47.400000 ;-26.244799 ;-23.227127 ;
47.500000 ;-26.299158 ;-23.206053 ;
47.600000 ;-26.344254 ;-23.183507 ;
47.700000 ;-26.402068 ;-23.161713 ;
47.800000 ;-26.462578 ;-23.139696 ;
47.900000 ;-26.504999 ;-23.115411 ;
48.000000 ;-26.553741 ;-23.091331 ;
48.100000 ;-26.616983 ;-23.068299 ;
48.200000 ;-26.671284 ;-23.044000 ;
48.300000 ;-26.705547 ;-23.017359 ;
48.400000 ;-26.756462 ;-22.992081 ;
48.500000 ;-26.825479 ;-22.968340 ;
48.600000 ;-26.872269 ;-22.942121 ;
48.700000 ;-26.902562 ;-22.914033 ;
48.800000 ;-26.958010 ;-22.888285 ;
48.900000 ;-27.024341 ;-22.863472 ;
49.000000 ;-27.057611 ;-22.835211 ;
49.100000 ;-27.096837 ;-22.807450 ;
49.200000 ;-27.155140 ;-22.781531 ;
49.300000 ;-27.199289 ;-22.754145 ;
49.400000 ;-27.234182 ;-22.725814 ;
49.500000 ;-27.282971 ;-22.698880 ;
49.600000 ;-27.332725 ;-22.672072 ;
49.700000 ;-27.365203 ;-22.643591 ;
49.800000 ;-27.405213 ;-22.615939 ;
49.900000 ;-27.456982 ;-22.589558 ;
50.000000 ;-27.497079 ;-22.562130 ;
50.100000 ;-27.523217 ;-22.533450 ;
50.200000 ;-27.565540 ;-22.506541 ;
50.300000 ;-27.621404 ;-22.481156 ;
50.400000 ;-27.654646 ;-22.453708 ;
50.500000 ;-27.673941 ;-22.425080 ;
50.600000 ;-27.718618 ;-22.399205 ;
50.700000 ;-27.776662 ;-22.374897 ;
50.800000 ;-27.799850 ;-22.347370 ;
50.900000 ;-27.822716 ;-22.320075 ;
51.000000 ;-27.870517 ;-22.295536 ;
51.100000 ;-27.911174 ;-22.270571 ;
51.200000 ;-27.931030 ;-22.243837 ;
51.300000 ;-27.965227 ;-22.218831 ;
51.400000 ;-28.007443 ;-22.194933 ;
51.500000 ;-28.030644 ;-22.169472 ;
51.600000 ;-28.057145 ;-22.144667 ;
51.700000 ;-28.095939 ;-22.121411 ;
51.800000 ;-28.127744 ;-22.097803 ;
51.900000 ;-28.145125 ;-22.073116 ;
52.000000 ;-28.174528 ;-22.049965 ;
52.100000 ;-28.216601 ;-22.028415 ;
52.200000 ;-28.242665 ;-22.005642 ;
52.300000 ;-28.251781 ;-21.981560 ;
52.400000 ;-28.281973 ;-21.959913 ;
52.500000 ;-28.330250 ;-21.940407 ;
52.600000 ;-28.351590 ;-21.918614 ;
52.700000 ;-28.356872 ;-21.895606 ;
52.800000 ;-28.389684 ;-21.875669 ;
52.900000 ;-28.434248 ;-21.857250 ;
53.000000 ;-28.444064 ;-21.835782 ;
53.100000 ;-28.459636 ;-21.815242 ;
53.200000 ;-28.494544 ;-21.796960 ;
53.300000 ;-28.516593 ;-21.777778 ;
53.400000 ;-28.528988 ;-21.758009 ;
53.500000 ;-28.554563 ;-21.739886 ;
53.600000 ;-28.582774 ;-21.722375 ;
53.700000 ;-28.593849 ;-21.703542 ;
53.800000 ;-28.610611 ;-21.685613 ;
53.900000 ;-28.640201 ;-21.669282 ;
54.000000 ;-28.663134 ;-21.652644 ;
54.100000 ;-28.666538 ;-21.634444 ;
54.200000 ;-28.683066 ;-21.617858 ;
54.300000 ;-28.718888 ;-21.603485 ;
54.400000 ;-28.742817 ;-21.588283 ;
54.500000 ;-28.737356 ;-21.570546 ;
54.600000 ;-28.752176 ;-21.555105 ;
54.700000 ;-28.793431 ;-21.542553 ;
54.800000 ;-28.811688 ;-21.528077 ;
54.900000 ;-28.807891 ;-21.511769 ;
55.000000 ;-28.828599 ;-21.498146 ;
55.100000 ;-28.860076 ;-21.485871 ;
55.200000 ;-28.863194 ;-21.471140 ;
55.300000 ;-28.873164 ;-21.457366 ;
55.400000 ;-28.897141 ;-21.445239 ;
55.500000 ;-28.908932 ;-21.432214 ;
55.600000 ;-28.914927 ;-21.418909 ;
55.700000 ;-28.932907 ;-21.407039 ;
55.800000 ;-28.953881 ;-21.395729 ;
55.900000 ;-28.956677 ;-21.382928 ;
56.000000 ;-28.962829 ;-21.370714 ;
56.100000 ;-28.985760 ;-21.360379 ;
56.200000 ;-29.009178 ;-21.350345 ;
56.300000 ;-29.003752 ;-21.337774 ;
56.400000 ;-29.003935 ;-21.325991 ;
56.500000 ;-29.032847 ;-21.317221 ;
56.600000 ;-29.063765 ;-21.308880 ;
56.700000 ;-29.053011 ;-21.296751 ;
56.800000 ;-29.052685 ;-21.285857 ;
56.900000 ;-29.083381 ;-21.278178 ;
57.000000 ;-29.100579 ;-21.269416 ;
57.100000 ;-29.093740 ;-21.258555 ;
57.200000 ;-29.105718 ;-21.249717 ;
57.300000 ;-29.126252 ;-21.241911 ;
57.400000 ;-29.126050 ;-21.232313 ;
57.500000 ;-29.131861 ;-21.223493 ;
57.600000 ;-29.148750 ;-21.215935 ;
57.700000 ;-29.155763 ;-21.207619 ;
57.800000 ;-29.155351 ;-21.198778 ;
57.900000 ;-29.166981 ;-21.191279 ;
58.000000 ;-29.186022 ;-21.184674 ;
58.100000 ;-29.186757 ;-21.176488 ;
58.200000 ;-29.179853 ;-21.167743 ;
58.300000 ;-29.194531 ;-21.161241 ;
58.400000 ;-29.223173 ;-21.156246 ;
58.500000 ;-29.223457 ;-21.148693 ;
58.600000 ;-29.206936 ;-21.139689 ;
58.700000 ;-29.222393 ;-21.133911 ;
58.800000 ;-29.257477 ;-21.130169 ;
58.900000 ;-29.252285 ;-21.122715 ;
59.000000 ;-29.243308 ;-21.115046 ;
59.100000 ;-29.261996 ;-21.110175 ;
59.200000 ;-29.275226 ;-21.104922 ;
59.300000 ;-29.268806 ;-21.097925 ;
59.400000 ;-29.275870 ;-21.092355 ;
59.500000 ;-29.289496 ;-21.087547 ;
59.600000 ;-29.287330 ;-21.081358 ;
59.700000 ;-29.289357 ;-21.075698 ;
59.800000 ;-29.302213 ;-21.071199 ;
59.900000 ;-29.309381 ;-21.066278 ;
60.000000 ;-29.301934 ;-21.060080 ;
60.100000 ;-29.305800 ;-21.055080 ;
60.200000 ;-29.325163 ;-21.051677 ;
60.300000 ;-29.335350 ;-21.047509 ;
60.400000 ;-29.316763 ;-21.040702 ;
60.500000 ;-29.315597 ;-21.035667 ;
60.600000 ;-29.345172 ;-21.033676 ;
60.700000 ;-29.364319 ;-21.030791 ;
60.800000 ;-29.341204 ;-21.023968 ;
60.900000 ;-29.340348 ;-21.019371 ;
61.000000 ;-29.369032 ;-21.017694 ;
61.100000 ;-29.370482 ;-21.013510 ;
61.200000 ;-29.360485 ;-21.008324 ;
61.300000 ;-29.370722 ;-21.005161 ;
61.400000 ;-29.379138 ;-21.001912 ;
61.500000 ;-29.373531 ;-20.997412 ;
61.600000 ;-29.377759 ;-20.993935 ;
61.700000 ;-29.388311 ;-20.991144 ;
61.800000 ;-29.385137 ;-20.987125 ;
61.900000 ;-29.382314 ;-20.983219 ;
62.000000 ;-29.392265 ;-20.980609 ;
62.100000 ;-29.404420 ;-20.978285 ;
62.200000 ;-29.393994 ;-20.973882 ;
62.300000 ;-29.384446 ;-20.969636 ;
62.400000 ;-29.400143 ;-20.967869 ;
62.500000 ;-29.425550 ;-20.967096 ;
62.600000 ;-29.413645 ;-20.962834 ;
62.700000 ;-29.392651 ;-20.957773 ;
62.800000 ;-29.410201 ;-20.956452 ;
62.900000 ;-29.442576 ;-20.956608 ;
63.000000 ;-29.426773 ;-20.952233 ;
63.100000 ;-29.416966 ;-20.948491 ;
63.200000 ;-29.434165 ;-20.947382 ;
63.300000 ;-29.436794 ;-20.944943 ;
63.400000 ;-29.429041 ;-20.941572 ;
63.500000 ;-29.435113 ;-20.939573 ;
63.600000 ;-29.441003 ;-20.937611 ;
63.700000 ;-29.435110 ;-20.934581 ;
63.800000 ;-29.436788 ;-20.932324 ;
63.900000 ;-29.446626 ;-20.930895 ;
64.000000 ;-29.445725 ;-20.928493 ;
64.100000 ;-29.435311 ;-20.925234 ;
64.200000 ;-29.439716 ;-20.923434 ;
64.300000 ;-29.457842 ;-20.922987 ;
64.400000 ;-29.460447 ;-20.921108 ;
64.500000 ;-29.435413 ;-20.916644 ;
64.600000 ;-29.434810 ;-20.914549 ;
64.700000 ;-29.467126 ;-20.915630 ;
64.800000 ;-29.480937 ;-20.914990 ;
64.900000 ;-29.452064 ;-20.910329 ;
65.000000 ;-29.451568 ;-20.908410 ;
65.100000 ;-29.479430 ;-20.909229 ;
65.200000 ;-29.473243 ;-20.906846 ;
65.300000 ;-29.463339 ;-20.904145 ;
65.400000 ;-29.472445 ;-20.903290 ;
65.500000 ;-29.473836 ;-20.901736 ;
65.600000 ;-29.467770 ;-20.899508 ;
65.700000 ;-29.471834 ;-20.898278 ;
65.800000 ;-29.477959 ;-20.897276 ;
65.900000 ;-29.470844 ;-20.895049 ;
66.000000 ;-29.468346 ;-20.893293 ;
66.100000 ;-29.477956 ;-20.892719 ;
66.200000 ;-29.485912 ;-20.892018 ;
66.300000 ;-29.469609 ;-20.889041 ;
66.400000 ;-29.459648 ;-20.886697 ;
66.500000 ;-29.477542 ;-20.887029 ;
66.600000 ;-29.502681 ;-20.888078 ;
66.700000 ;-29.484280 ;-20.885014 ;
66.800000 ;-29.460244 ;-20.881443 ;
66.900000 ;-29.480152 ;-20.882077 ;
67.000000 ;-29.512701 ;-20.883938 ;
67.100000 ;-29.491863 ;-20.880747 ;
67.200000 ;-29.482153 ;-20.878638 ;
67.300000 ;-29.498134 ;-20.878996 ;
67.400000 ;-29.495297 ;-20.877589 ;
67.500000 ;-29.488258 ;-20.875804 ;
67.600000 ;-29.493827 ;-20.875240 ;
67.700000 ;-29.495044 ;-20.874284 ;
67.800000 ;-29.488795 ;-20.872640 ;
67.900000 ;-29.491036 ;-20.871824 ;
68.000000 ;-29.498951 ;-20.871567 ;
68.100000 ;-29.493514 ;-20.870062 ;
68.200000 ;-29.482521 ;-20.868049 ;
68.300000 ;-29.488239 ;-20.867642 ;
68.400000 ;-29.506328 ;-20.868429 ;
68.500000 ;-29.504766 ;-20.867368 ;
68.600000 ;-29.475422 ;-20.863686 ;
68.700000 ;-29.475543 ;-20.862821 ;
68.800000 ;-29.511604 ;-20.865388 ;
68.900000 ;-29.524294 ;-20.865750 ;
69.000000 ;-29.491625 ;-20.861818 ;
69.100000 ;-29.491226 ;-20.860971 ;
69.200000 ;-29.518944 ;-20.862812 ;
69.300000 ;-29.509065 ;-20.861094 ;
69.400000 ;-29.499962 ;-20.859464 ;
69.500000 ;-29.508088 ;-20.859486 ;
69.600000 ;-29.505827 ;-20.858535 ;
69.700000 ;-29.500527 ;-20.857309 ;
69.800000 ;-29.504679 ;-20.856995 ;
69.900000 ;-29.507741 ;-20.856590 ;
70.000000 ;-29.499468 ;-20.855123 ;
70.100000 ;-29.497936 ;-20.854308 ;
70.200000 ;-29.507606 ;-20.854570 ;
70.300000 ;-29.512979 ;-20.854435 ;
70.400000 ;-29.493119 ;-20.851917 ;
70.500000 ;-29.483277 ;-20.850363 ;
70.600000 ;-29.503569 ;-20.851681 ;
70.700000 ;-29.529984 ;-20.853592 ;
70.800000 ;-29.507927 ;-20.850910 ;
70.900000 ;-29.481042 ;-20.847782 ;
71.000000 ;-29.502905 ;-20.849295 ;
71.100000 ;-29.537202 ;-20.852000 ;
71.200000 ;-29.513748 ;-20.849226 ;
71.300000 ;-29.504098 ;-20.847775 ;
71.400000 ;-29.518999 ;-20.848666 ;
71.500000 ;-29.513432 ;-20.847621 ;
71.600000 ;-29.507414 ;-20.846542 ;
71.700000 ;-29.512560 ;-20.846533 ;
71.800000 ;-29.511222 ;-20.845916 ;
71.900000 ;-29.505499 ;-20.844892 ;
72.000000 ;-29.508339 ;-20.844689 ;
72.100000 ;-29.514943 ;-20.844852 ;
72.200000 ;-29.506883 ;-20.843631 ;
72.300000 ;-29.496059 ;-20.842155 ;
72.400000 ;-29.503084 ;-20.842382 ;
72.500000 ;-29.521581 ;-20.843705 ;
72.600000 ;-29.517697 ;-20.842911 ;
72.700000 ;-29.484988 ;-20.839388 ;
72.800000 ;-29.485523 ;-20.839030 ;
72.900000 ;-29.525339 ;-20.842407 ;
73.000000 ;-29.539062 ;-20.843313 ;
73.100000 ;-29.503442 ;-20.839539 ;
73.200000 ;-29.502702 ;-20.839086 ;
73.300000 ;-29.530593 ;-20.841360 ;
73.400000 ;-29.518932 ;-20.839882 ;
73.500000 ;-29.510529 ;-20.838719 ;
73.600000 ;-29.517796 ;-20.839049 ;
73.700000 ;-29.513759 ;-20.838312 ;
73.800000 ;-29.509319 ;-20.837543 ;
73.900000 ;-29.513518 ;-20.837598 ;
74.000000 ;-29.514639 ;-20.837367 ;
74.100000 ;-29.506184 ;-20.836233 ;
74.200000 ;-29.505568 ;-20.835848 ;
74.300000 ;-29.515352 ;-20.836455 ;
74.400000 ;-29.519061 ;-20.836490 ;
74.500000 ;-29.496885 ;-20.834074 ;
74.600000 ;-29.487250 ;-20.832854 ;
74.700000 ;-29.509622 ;-20.834676 ;
74.800000 ;-29.537725 ;-20.837045 ;
74.900000 ;-29.513565 ;-20.834459 ;
75.000000 ;-29.484064 ;-20.831371 ;
75.100000 ;-29.507311 ;-20.833297 ;
75.200000 ;-29.543872 ;-20.836491 ;
75.300000 ;-29.518945 ;-20.833848 ;
75.400000 ;-29.509145 ;-20.832646 ;
75.500000 ;-29.523190 ;-20.833713 ;
75.600000 ;-29.516305 ;-20.832796 ;
75.700000 ;-29.511085 ;-20.832040 ;
75.800000 ;-29.515866 ;-20.832237 ;
75.900000 ;-29.513201 ;-20.831731 ;
76.000000 ;-29.508096 ;-20.830997 ;
76.100000 ;-29.511364 ;-20.831061 ;
76.200000 ;-29.517067 ;-20.831359 ;
76.300000 ;-29.507465 ;-20.830209 ;
76.400000 ;-29.497016 ;-20.828982 ;
76.500000 ;-29.505084 ;-20.829515 ;
76.600000 ;-29.523994 ;-20.831079 ;
76.700000 ;-29.518727 ;-20.830353 ;
76.800000 ;-29.483478 ;-20.826785 ;
76.900000 ;-29.484215 ;-20.826637 ;
77.000000 ;-29.527149 ;-20.830496 ;
77.100000 ;-29.542579 ;-20.831745 ;
77.200000 ;-29.504655 ;-20.827933 ;
77.300000 ;-29.503366 ;-20.827603 ;
77.400000 ;-29.531604 ;-20.830080 ;
77.500000 ;-29.519082 ;-20.828688 ;
77.600000 ;-29.511096 ;-20.827729 ;
77.700000 ;-29.517712 ;-20.828158 ;
77.800000 ;-29.512857 ;-20.827501 ;
77.900000 ;-29.509061 ;-20.826947 ;
78.000000 ;-29.513255 ;-20.827153 ;
78.100000 ;-29.513203 ;-20.826958 ;
78.200000 ;-29.504881 ;-20.825981 ;
78.300000 ;-29.504959 ;-20.825803 ;
78.400000 ;-29.514804 ;-20.826554 ;
78.500000 ;-29.517375 ;-20.826617 ;
78.600000 ;-29.493735 ;-20.824196 ;
78.700000 ;-29.484380 ;-20.823132 ;
78.800000 ;-29.508312 ;-20.825229 ;
78.900000 ;-29.537776 ;-20.827852 ;
79.000000 ;-29.512336 ;-20.825266 ;
79.100000 ;-29.480784 ;-20.822105 ;
79.200000 ;-29.504987 ;-20.824238 ;
79.300000 ;-29.543644 ;-20.827745 ;
79.400000 ;-29.517826 ;-20.825131 ;
79.500000 ;-29.507744 ;-20.824013 ;
79.600000 ;-29.521245 ;-20.825135 ;
79.700000 ;-29.513736 ;-20.824265 ;
79.800000 ;-29.509012 ;-20.823660 ;
79.900000 ;-29.513521 ;-20.823932 ;
80.000000 ;-29.512085 ;-20.823642 ;
