0.000000 ;-27.500000 ;-20.600000 ;
0.100000 ;-25.679299 ;-21.068008 ;
0.200000 ;-24.742259 ;-21.443572 ;
0.300000 ;-24.213344 ;-21.729965 ;
0.400000 ;-23.896416 ;-21.942448 ;
0.500000 ;-23.693134 ;-22.096700 ;
0.600000 ;-23.572212 ;-22.207732 ;
0.700000 ;-23.496524 ;-22.286043 ;
0.800000 ;-23.461134 ;-22.340708 ;
0.900000 ;-23.451474 ;-22.377948 ;
1.000000 ;-23.454884 ;-22.402404 ;
1.100000 ;-23.477680 ;-22.417857 ;
1.200000 ;-23.514429 ;-22.426728 ;
1.300000 ;-23.545440 ;-22.430052 ;
1.400000 ;-23.576152 ;-22.429555 ;
1.500000 ;-23.629711 ;-22.427916 ;
1.600000 ;-23.697188 ;-22.425190 ;
1.700000 ;-23.737242 ;-22.418717 ;
1.800000 ;-23.757157 ;-22.409415 ;
1.900000 ;-23.819974 ;-22.402938 ;
2.000000 ;-23.908065 ;-22.397939 ;
2.100000 ;-23.940070 ;-22.387456 ;
2.200000 ;-23.972743 ;-22.376560 ;
2.300000 ;-24.037749 ;-22.368100 ;
2.400000 ;-24.081490 ;-22.357386 ;
2.500000 ;-24.121230 ;-22.345979 ;
2.600000 ;-24.171770 ;-22.335211 ;
2.700000 ;-24.213264 ;-22.323346 ;
2.800000 ;-24.254937 ;-22.311215 ;
2.900000 ;-24.303065 ;-22.299383 ;
3.000000 ;-24.345376 ;-22.286780 ;
3.100000 ;-24.379164 ;-22.273180 ;
3.200000 ;-24.422968 ;-22.260235 ;
3.300000 ;-24.475901 ;-22.247877 ;
3.400000 ;-24.513959 ;-22.233988 ;
3.500000 ;-24.530139 ;-22.217953 ;
3.600000 ;-24.572136 ;-22.204047 ;
3.700000 ;-24.642451 ;-22.192505 ;
3.800000 ;-24.685825 ;-22.178395 ;
3.900000 ;-24.691709 ;-22.160787 ;
4.000000 ;-24.734944 ;-22.146406 ;
4.100000 ;-24.801355 ;-22.133994 ;
4.200000 ;-24.822325 ;-22.117404 ;
4.300000 ;-24.852051 ;-22.101515 ;
4.400000 ;-24.896446 ;-22.086872 ;
4.500000 ;-24.925123 ;-22.070760 ;
4.600000 ;-24.957989 ;-22.054980 ;
4.700000 ;-24.997015 ;-22.039720 ;
4.800000 ;-25.026789 ;-22.023610 ;
4.900000 ;-25.056636 ;-22.007498 ;
5.000000 ;-25.095183 ;-21.992170 ;
5.100000 ;-25.133002 ;-21.976789 ;
5.200000 ;-25.151769 ;-21.959722 ;
5.300000 ;-25.176079 ;-21.943189 ;
5.400000 ;-25.222859 ;-21.928720 ;
5.500000 ;-25.272974 ;-21.914602 ;
5.600000 ;-25.282393 ;-21.896884 ;
5.700000 ;-25.291180 ;-21.879181 ;
5.800000 ;-25.345754 ;-21.865683 ;
5.900000 ;-25.406786 ;-21.852852 ;
6.000000 ;-25.410374 ;-21.834935 ;
6.100000 ;-25.432356 ;-21.818775 ;
6.200000 ;-25.479014 ;-21.804946 ;
6.300000 ;-25.499263 ;-21.788848 ;
6.400000 ;-25.522986 ;-21.773179 ;
6.500000 ;-25.556249 ;-21.758492 ;
6.600000 ;-25.579418 ;-21.743022 ;
6.700000 ;-25.604114 ;-21.727821 ;
6.800000 ;-25.635888 ;-21.713392 ;
6.900000 ;-25.662474 ;-21.698635 ;
7.000000 ;-25.679188 ;-21.683134 ;
7.100000 ;-25.705849 ;-21.668673 ;
7.200000 ;-25.744015 ;-21.655395 ;
7.300000 ;-25.772120 ;-21.641364 ;
7.400000 ;-25.771305 ;-21.624883 ;
7.500000 ;-25.790756 ;-21.610385 ;
7.600000 ;-25.845454 ;-21.599219 ;
7.700000 ;-25.889930 ;-21.587291 ;
7.800000 ;-25.880136 ;-21.570636 ;
7.900000 ;-25.896549 ;-21.556506 ;
8.000000 ;-25.950810 ;-21.545952 ;
8.100000 ;-25.969135 ;-21.532325 ;
8.200000 ;-25.979061 ;-21.518106 ;
8.300000 ;-26.008739 ;-21.505832 ;
8.400000 ;-26.028514 ;-21.492834 ;
8.500000 ;-26.045553 ;-21.479757 ;
8.600000 ;-26.070883 ;-21.467593 ;
8.700000 ;-26.091830 ;-21.455203 ;
8.800000 ;-26.106743 ;-21.442439 ;
8.900000 ;-26.129405 ;-21.430539 ;
9.000000 ;-26.157575 ;-21.419301 ;
9.100000 ;-26.172247 ;-21.407017 ;
9.200000 ;-26.176122 ;-21.393930 ;
9.300000 ;-26.200134 ;-21.382819 ;
9.400000 ;-26.242851 ;-21.373555 ;
9.500000 ;-26.267130 ;-21.362798 ;
9.600000 ;-26.276856 ;-21.350897 ;
9.700000 ;-26.292053 ;-21.339650 ;
9.800000 ;-26.309102 ;-21.328733 ;
9.900000 ;-26.324901 ;-21.361062 ;
10.000000 ;-26.296776 ;-21.603652 ;
10.100000 ;-26.189018 ;-21.922699 ;
10.200000 ;-25.991885 ;-22.237364 ;
10.300000 ;-25.724713 ;-22.522246 ;
10.400000 ;-25.408611 ;-22.768926 ;
10.500000 ;-25.068096 ;-22.976656 ;
10.600000 ;-24.718723 ;-23.147059 ;
10.700000 ;-24.377258 ;-23.283709 ;
10.800000 ;-24.053108 ;-23.390449 ;
10.900000 ;-23.746976 ;-23.470876 ;
11.000000 ;-23.475240 ;-23.530020 ;
11.100000 ;-23.222790 ;-23.570239 ;
11.200000 ;-22.998601 ;-23.595661 ;
11.300000 ;-22.808326 ;-23.609765 ;
11.400000 ;-22.626262 ;-23.613264 ;
11.500000 ;-22.474508 ;-23.610235 ;
11.600000 ;-22.356157 ;-23.602852 ;
11.700000 ;-22.232633 ;-23.589783 ;
11.800000 ;-22.128301 ;-23.574345 ;
11.900000 ;-22.056709 ;-23.558668 ;
12.000000 ;-21.978044 ;-23.540479 ;
12.100000 ;-21.906497 ;-23.521647 ;
12.200000 ;-21.861632 ;-23.504251 ;
12.300000 ;-21.812173 ;-23.486201 ;
12.400000 ;-21.763333 ;-23.468257 ;
12.500000 ;-21.735356 ;-23.452256 ;
12.600000 ;-21.705398 ;-23.436529 ;
12.700000 ;-21.669571 ;-23.420899 ;
12.800000 ;-21.651875 ;-23.407361 ;
12.900000 ;-21.638291 ;-23.394824 ;
13.000000 ;-21.608984 ;-23.381721 ;
13.100000 ;-21.594249 ;-23.370507 ;
13.200000 ;-21.593518 ;-23.361118 ;
13.300000 ;-21.573428 ;-23.350830 ;
13.400000 ;-21.555513 ;-23.341376 ;
13.500000 ;-21.558824 ;-23.334274 ;
13.600000 ;-21.552829 ;-23.327001 ;
13.700000 ;-21.533233 ;-23.319176 ;
13.800000 ;-21.533350 ;-23.313487 ;
13.900000 ;-21.536711 ;-23.308551 ;
14.000000 ;-21.519996 ;-23.302433 ;
14.100000 ;-21.516681 ;-23.297836 ;
14.200000 ;-21.523028 ;-23.294423 ;
14.300000 ;-21.510671 ;-23.289849 ;
14.400000 ;-21.504825 ;-23.286146 ;
14.500000 ;-21.512241 ;-23.283839 ;
14.600000 ;-21.505594 ;-23.280672 ;
14.700000 ;-21.495596 ;-23.277498 ;
14.800000 ;-21.502319 ;-23.275933 ;
14.900000 ;-21.505665 ;-23.274318 ;
15.000000 ;-21.490994 ;-23.271438 ;
15.100000 ;-21.492141 ;-23.270039 ;
15.200000 ;-21.504741 ;-23.269749 ;
15.300000 ;-21.493315 ;-23.267655 ;
15.400000 ;-21.486093 ;-23.266051 ;
15.500000 ;-21.498503 ;-23.266182 ;
15.600000 ;-21.496542 ;-23.265261 ;
15.700000 ;-21.485532 ;-23.263712 ;
15.800000 ;-21.492783 ;-23.263754 ;
15.900000 ;-21.496776 ;-23.263622 ;
16.000000 ;-21.485887 ;-23.262358 ;
16.100000 ;-21.488938 ;-23.262308 ;
16.200000 ;-21.496612 ;-23.262705 ;
16.300000 ;-21.486248 ;-23.261691 ;
16.400000 ;-21.485082 ;-23.261484 ;
16.500000 ;-21.495659 ;-23.262287 ;
16.600000 ;-21.489424 ;-23.261764 ;
16.700000 ;-21.481303 ;-23.261128 ;
16.800000 ;-21.491442 ;-23.262020 ;
16.900000 ;-21.496586 ;-23.262539 ;
17.000000 ;-21.482287 ;-23.261500 ;
17.100000 ;-21.485460 ;-23.261914 ;
17.200000 ;-21.499683 ;-23.263256 ;
17.300000 ;-21.488411 ;-23.262537 ;
17.400000 ;-21.483795 ;-23.262381 ;
17.500000 ;-21.496675 ;-23.263670 ;
17.600000 ;-21.492584 ;-23.263589 ;
17.700000 ;-21.485099 ;-23.263244 ;
17.800000 ;-21.493770 ;-23.264229 ;
17.900000 ;-21.494639 ;-23.264588 ;
18.000000 ;-21.485844 ;-23.264167 ;
18.100000 ;-21.491248 ;-23.264912 ;
18.200000 ;-21.497784 ;-23.265756 ;
18.300000 ;-21.486917 ;-23.265186 ;
18.400000 ;-21.487350 ;-23.265542 ;
18.500000 ;-21.499603 ;-23.266867 ;
18.600000 ;-21.492532 ;-23.266619 ;
18.700000 ;-21.483977 ;-23.266251 ;
18.800000 ;-21.495883 ;-23.267556 ;
18.900000 ;-21.501516 ;-23.268350 ;
19.000000 ;-21.487120 ;-23.267510 ;
19.100000 ;-21.491376 ;-23.268194 ;
19.200000 ;-21.504547 ;-23.269605 ;
19.300000 ;-21.492952 ;-23.268995 ;
19.400000 ;-21.491073 ;-23.269177 ;
19.500000 ;-21.502628 ;-23.270456 ;
19.600000 ;-21.496076 ;-23.270256 ;
19.700000 ;-21.491646 ;-23.270227 ;
19.800000 ;-21.500859 ;-23.271311 ;
19.900000 ;-21.498904 ;-23.271483 ;
20.000000 ;-21.491177 ;-23.271181 ;
20.100000 ;-21.498336 ;-23.272093 ;
20.200000 ;-21.504456 ;-23.272919 ;
20.300000 ;-21.492172 ;-23.272241 ;
20.400000 ;-21.493278 ;-23.272654 ;
20.500000 ;-21.507593 ;-23.274144 ;
20.600000 ;-21.499873 ;-23.273833 ;
20.700000 ;-21.490692 ;-23.273400 ;
20.800000 ;-21.503700 ;-23.274777 ;
20.900000 ;-21.508316 ;-23.275468 ;
21.000000 ;-21.495050 ;-23.274696 ;
21.100000 ;-21.500611 ;-23.275460 ;
21.200000 ;-21.510188 ;-23.276550 ;
21.300000 ;-21.499263 ;-23.275964 ;
21.400000 ;-21.500287 ;-23.276351 ;
21.500000 ;-21.509613 ;-23.277414 ;
21.600000 ;-21.501432 ;-23.277047 ;
21.700000 ;-21.499427 ;-23.277181 ;
21.800000 ;-21.509145 ;-23.278271 ;
21.900000 ;-21.505088 ;-23.278234 ;
22.000000 ;-21.497305 ;-23.277891 ;
22.100000 ;-21.506185 ;-23.278908 ;
22.200000 ;-21.513160 ;-23.279767 ;
22.300000 ;-21.498943 ;-23.278893 ;
22.400000 ;-21.500103 ;-23.279274 ;
22.500000 ;-21.516443 ;-23.280893 ;
22.600000 ;-21.508137 ;-23.280497 ;
22.700000 ;-21.499407 ;-23.280065 ;
22.800000 ;-21.512658 ;-23.281428 ;
22.900000 ;-21.514106 ;-23.281824 ;
23.000000 ;-21.503582 ;-23.281241 ;
23.100000 ;-21.510480 ;-23.282080 ;
23.200000 ;-21.515031 ;-23.282725 ;
23.300000 ;-21.505930 ;-23.282255 ;
23.400000 ;-21.509416 ;-23.282810 ;
23.500000 ;-21.516521 ;-23.283660 ;
23.600000 ;-21.507240 ;-23.283170 ;
23.700000 ;-21.506832 ;-23.283404 ;
23.800000 ;-21.517713 ;-23.284558 ;
23.900000 ;-21.512271 ;-23.284378 ;
24.000000 ;-21.503157 ;-23.283897 ;
24.100000 ;-21.513767 ;-23.285025 ;
24.200000 ;-21.522670 ;-23.286013 ;
24.300000 ;-21.506818 ;-23.284978 ;
24.400000 ;-21.507917 ;-23.285326 ;
24.500000 ;-21.524931 ;-23.286974 ;
24.600000 ;-21.515587 ;-23.286467 ;
24.700000 ;-21.509180 ;-23.286199 ;
24.800000 ;-21.521548 ;-23.287463 ;
24.900000 ;-21.518749 ;-23.287488 ;
25.000000 ;-21.511899 ;-23.287180 ;
25.100000 ;-21.519651 ;-23.288064 ;
25.200000 ;-21.519946 ;-23.288338 ;
25.300000 ;-21.512427 ;-23.287973 ;
25.400000 ;-21.517836 ;-23.288662 ;
25.500000 ;-21.523753 ;-23.289392 ;
25.600000 ;-21.512896 ;-23.288752 ;
25.700000 ;-21.513165 ;-23.289019 ;
25.800000 ;-21.526357 ;-23.290340 ;
25.900000 ;-21.520508 ;-23.290106 ;
26.000000 ;-21.509137 ;-23.289419 ;
26.100000 ;-21.521086 ;-23.290637 ;
26.200000 ;-21.531590 ;-23.291736 ;
26.300000 ;-21.515372 ;-23.290650 ;
26.400000 ;-21.517189 ;-23.291037 ;
26.500000 ;-21.532079 ;-23.292492 ;
26.600000 ;-21.521637 ;-23.291876 ;
26.700000 ;-21.518932 ;-23.291892 ;
26.800000 ;-21.529193 ;-23.292965 ;
26.900000 ;-21.523164 ;-23.292708 ;
27.000000 ;-21.519680 ;-23.292657 ;
27.100000 ;-21.527849 ;-23.293557 ;
27.200000 ;-21.525223 ;-23.293574 ;
27.300000 ;-21.518176 ;-23.293230 ;
27.400000 ;-21.525355 ;-23.294047 ;
27.500000 ;-21.531916 ;-23.294813 ;
27.600000 ;-21.518514 ;-23.293947 ;
27.700000 ;-21.518317 ;-23.294159 ;
27.800000 ;-21.534787 ;-23.295732 ;
27.900000 ;-21.529587 ;-23.295534 ;
28.000000 ;-21.516432 ;-23.294685 ;
28.100000 ;-21.528901 ;-23.295930 ;
28.200000 ;-21.538075 ;-23.296905 ;
28.300000 ;-21.523604 ;-23.295946 ;
28.400000 ;-21.527232 ;-23.296465 ;
28.500000 ;-21.536799 ;-23.297470 ;
28.600000 ;-21.526962 ;-23.296888 ;
28.700000 ;-21.527857 ;-23.297182 ;
28.800000 ;-21.535368 ;-23.298016 ;
28.900000 ;-21.527750 ;-23.297613 ;
29.000000 ;-21.526582 ;-23.297736 ;
29.100000 ;-21.535488 ;-23.298682 ;
29.200000 ;-21.530991 ;-23.298532 ;
29.300000 ;-21.522675 ;-23.298069 ;
29.400000 ;-21.531735 ;-23.299026 ;
29.500000 ;-21.541241 ;-23.300018 ;
29.600000 ;-21.525106 ;-23.298914 ;
29.700000 ;-21.523307 ;-23.298981 ;
29.800000 ;-21.542659 ;-23.300776 ;
29.900000 ;-21.537936 ;-23.300604 ;
30.000000 ;-21.525440 ;-23.299794 ;
30.100000 ;-21.537571 ;-23.300997 ;
30.200000 ;-21.541448 ;-23.301525 ;
30.300000 ;-21.530971 ;-23.300879 ;
30.400000 ;-21.536494 ;-23.301540 ;
30.500000 ;-21.539801 ;-23.302019 ;
30.600000 ;-21.532206 ;-23.301607 ;
30.700000 ;-21.535683 ;-23.302098 ;
30.800000 ;-21.541064 ;-23.302745 ;
30.900000 ;-21.532136 ;-23.302221 ;
31.000000 ;-21.532105 ;-23.302424 ;
31.100000 ;-21.543012 ;-23.303521 ;
31.200000 ;-21.537934 ;-23.303310 ;
31.300000 ;-21.526203 ;-23.302555 ;
31.400000 ;-21.536800 ;-23.303624 ;
31.500000 ;-21.551039 ;-23.304991 ;
31.600000 ;-21.533429 ;-23.303753 ;
31.700000 ;-21.530213 ;-23.303691 ;
31.800000 ;-21.549849 ;-23.305498 ;
31.900000 ;-21.543578 ;-23.305186 ;
32.000000 ;-21.534931 ;-23.304678 ;
32.100000 ;-21.545725 ;-23.305759 ;
32.200000 ;-21.543527 ;-23.305778 ;
32.300000 ;-21.537698 ;-23.305500 ;
32.400000 ;-21.544186 ;-23.306227 ;
32.500000 ;-21.543274 ;-23.306349 ;
32.600000 ;-21.537090 ;-23.306039 ;
32.700000 ;-21.542439 ;-23.306671 ;
32.800000 ;-21.547552 ;-23.307284 ;
32.900000 ;-21.536029 ;-23.306536 ;
33.000000 ;-21.535633 ;-23.306697 ;
33.100000 ;-21.550325 ;-23.308091 ;
33.200000 ;-21.547091 ;-23.308019 ;
33.300000 ;-21.530704 ;-23.306870 ;
33.400000 ;-21.541504 ;-23.307944 ;
33.500000 ;-21.559460 ;-23.309604 ;
33.600000 ;-21.542050 ;-23.308370 ;
33.700000 ;-21.539735 ;-23.308370 ;
33.800000 ;-21.555624 ;-23.309859 ;
33.900000 ;-21.546862 ;-23.309331 ;
34.000000 ;-21.543528 ;-23.309246 ;
34.100000 ;-21.551780 ;-23.310108 ;
34.200000 ;-21.546175 ;-23.309836 ;
34.300000 ;-21.543834 ;-23.309831 ;
34.400000 ;-21.550770 ;-23.310583 ;
34.500000 ;-21.547348 ;-23.310488 ;
34.600000 ;-21.540739 ;-23.310132 ;
34.700000 ;-21.547952 ;-23.310905 ;
34.800000 ;-21.555632 ;-23.311716 ;
34.900000 ;-21.540481 ;-23.310660 ;
35.000000 ;-21.537298 ;-23.310582 ;
35.100000 ;-21.556707 ;-23.312351 ;
35.200000 ;-21.557647 ;-23.312609 ;
35.300000 ;-21.538409 ;-23.311215 ;
35.400000 ;-21.548211 ;-23.312197 ;
35.500000 ;-21.564086 ;-23.313676 ;
35.600000 ;-21.548751 ;-23.312601 ;
35.700000 ;-21.549667 ;-23.312854 ;
35.800000 ;-21.558365 ;-23.313743 ;
35.900000 ;-21.549969 ;-23.313234 ;
36.000000 ;-21.550814 ;-23.313479 ;
36.100000 ;-21.556250 ;-23.314100 ;
36.200000 ;-21.549365 ;-23.313712 ;
36.300000 ;-21.548920 ;-23.313851 ;
36.400000 ;-21.557059 ;-23.314691 ;
36.500000 ;-21.552336 ;-23.314478 ;
36.600000 ;-21.542449 ;-23.313843 ;
36.700000 ;-21.551433 ;-23.314751 ;
36.800000 ;-21.565206 ;-23.316050 ;
36.900000 ;-21.548048 ;-23.314818 ;
37.000000 ;-21.539887 ;-23.314322 ;
37.100000 ;-21.562139 ;-23.316314 ;
37.200000 ;-21.565707 ;-23.316777 ;
37.300000 ;-21.548152 ;-23.315510 ;
37.400000 ;-21.557152 ;-23.316416 ;
37.500000 ;-21.563903 ;-23.317137 ;
37.600000 ;-21.553831 ;-23.316482 ;
37.700000 ;-21.557683 ;-23.316965 ;
37.800000 ;-21.559660 ;-23.317294 ;
37.900000 ;-21.553653 ;-23.316969 ;
38.000000 ;-21.556942 ;-23.317404 ;
38.100000 ;-21.560908 ;-23.317894 ;
38.200000 ;-21.552149 ;-23.317343 ;
38.300000 ;-21.552024 ;-23.317498 ;
38.400000 ;-21.563298 ;-23.318584 ;
38.500000 ;-21.560071 ;-23.318483 ;
38.600000 ;-21.543491 ;-23.317290 ;
38.700000 ;-21.552406 ;-23.318182 ;
38.800000 ;-21.574564 ;-23.320158 ;
38.900000 ;-21.558741 ;-23.319025 ;
39.000000 ;-21.547308 ;-23.318251 ;
39.100000 ;-21.568081 ;-23.320112 ;
39.200000 ;-21.568074 ;-23.320273 ;
39.300000 ;-21.556773 ;-23.319508 ;
39.400000 ;-21.564916 ;-23.320333 ;
39.500000 ;-21.563452 ;-23.320373 ;
39.600000 ;-21.558631 ;-23.320137 ;
39.700000 ;-21.563726 ;-23.320711 ;
39.800000 ;-21.562135 ;-23.320739 ;
39.900000 ;-21.556968 ;-23.320473 ;
40.000000 ;-21.561983 ;-23.321040 ;
40.100000 ;-21.567052 ;-23.321609 ;
40.200000 ;-21.563341 ;-23.321460 ;
40.300000 ;-21.563678 ;-23.321641 ;
40.400000 ;-21.563513 ;-23.321780 ;
40.500000 ;-21.563402 ;-23.321923 ;
40.600000 ;-21.563806 ;-23.322108 ;
40.700000 ;-21.563795 ;-23.322258 ;
40.800000 ;-21.564194 ;-23.322442 ;
40.900000 ;-21.564744 ;-23.322639 ;
41.000000 ;-21.564638 ;-23.322783 ;
41.100000 ;-21.564898 ;-23.322957 ;
41.200000 ;-21.565899 ;-23.323192 ;
41.300000 ;-21.566379 ;-23.323384 ;
41.400000 ;-21.562574 ;-23.323229 ;
41.500000 ;-21.560883 ;-23.323246 ;
41.600000 ;-21.565528 ;-23.323781 ;
41.700000 ;-21.573170 ;-23.324560 ;
41.800000 ;-21.573073 ;-23.324708 ;
41.900000 ;-21.565959 ;-23.324285 ;
42.000000 ;-21.569646 ;-23.324745 ;
42.100000 ;-21.575408 ;-23.325376 ;
42.200000 ;-21.569632 ;-23.325064 ;
42.300000 ;-21.571020 ;-23.325338 ;
42.400000 ;-21.577410 ;-23.326022 ;
42.500000 ;-21.571230 ;-23.325680 ;
42.600000 ;-21.568516 ;-23.325621 ;
42.700000 ;-21.579256 ;-23.326662 ;
42.800000 ;-21.584301 ;-23.327237 ;
42.900000 ;-21.566775 ;-23.325966 ;
43.000000 ;-21.568897 ;-23.326303 ;
43.100000 ;-21.594572 ;-23.328567 ;
43.200000 ;-21.592474 ;-23.328554 ;
43.300000 ;-21.573819 ;-23.327184 ;
43.400000 ;-21.590197 ;-23.328682 ;
43.500000 ;-21.604843 ;-23.330035 ;
43.600000 ;-21.591959 ;-23.329127 ;
43.700000 ;-21.598226 ;-23.329782 ;
43.800000 ;-21.604514 ;-23.330433 ;
43.900000 ;-21.600848 ;-23.330260 ;
44.000000 ;-21.607273 ;-23.330904 ;
44.100000 ;-21.612234 ;-23.331417 ;
44.200000 ;-21.609612 ;-23.331297 ;
44.300000 ;-21.616354 ;-23.331927 ;
44.400000 ;-21.627979 ;-23.332938 ;
44.500000 ;-21.622745 ;-23.332550 ;
44.600000 ;-21.620287 ;-23.332368 ;
44.700000 ;-21.639565 ;-23.333940 ;
44.800000 ;-21.657163 ;-23.335343 ;
44.900000 ;-21.640272 ;-23.333882 ;
45.000000 ;-21.643286 ;-23.334022 ;
45.100000 ;-21.677705 ;-23.336705 ;
45.200000 ;-21.680690 ;-23.336754 ;
45.300000 ;-21.673965 ;-23.335953 ;
45.400000 ;-21.694735 ;-23.337363 ;
45.500000 ;-21.702634 ;-23.337651 ;
45.600000 ;-21.705308 ;-23.337442 ;
45.700000 ;-21.720670 ;-23.338205 ;
45.800000 ;-21.728245 ;-23.338249 ;
45.900000 ;-21.735504 ;-23.338182 ;
46.000000 ;-21.752340 ;-23.338809 ;
46.100000 ;-21.764004 ;-23.338910 ;
46.200000 ;-21.767236 ;-23.338213 ;
46.300000 ;-21.784613 ;-23.338565 ;
46.400000 ;-21.811002 ;-23.339534 ;
46.500000 ;-21.814479 ;-23.338477 ;
46.600000 ;-21.815304 ;-23.337063 ;
46.700000 ;-21.847827 ;-23.338131 ;
46.800000 ;-21.882519 ;-23.339217 ;
46.900000 ;-21.876837 ;-23.336776 ;
47.000000 ;-21.892736 ;-23.335960 ;
47.100000 ;-21.931621 ;-23.336874 ;
47.200000 ;-21.939851 ;-23.335030 ;
47.300000 ;-21.955576 ;-23.333606 ;
47.400000 ;-21.983998 ;-23.333026 ;
47.500000 ;-21.998520 ;-23.331059 ;
47.600000 ;-22.019247 ;-23.329374 ;
47.700000 ;-22.047433 ;-23.328064 ;
47.800000 ;-22.064669 ;-23.325585 ;
47.900000 ;-22.085044 ;-23.323105 ;
48.000000 ;-22.117889 ;-23.321389 ;
48.100000 ;-22.144837 ;-23.318892 ;
48.200000 ;-22.155105 ;-23.314702 ;
48.300000 ;-22.184288 ;-23.311805 ;
48.400000 ;-22.231643 ;-23.310125 ;
48.500000 ;-22.252627 ;-23.305893 ;
48.600000 ;-22.262968 ;-23.300432 ;
48.700000 ;-22.306817 ;-23.297486 ;
48.800000 ;-22.351158 ;-23.294235 ;
48.900000 ;-22.364076 ;-23.287955 ;
49.000000 ;-22.397071 ;-23.283033 ;
49.100000 ;-22.437449 ;-23.278377 ;
49.200000 ;-22.460320 ;-23.271856 ;
49.300000 ;-22.494042 ;-23.265889 ;
49.400000 ;-22.532077 ;-23.259911 ;
49.500000 ;-22.558583 ;-23.252568 ;
49.600000 ;-22.592919 ;-23.245508 ;
49.700000 ;-22.635488 ;-23.238762 ;
49.800000 ;-22.664566 ;-23.230470 ;
49.900000 ;-22.691480 ;-23.221603 ;
50.000000 ;-22.737199 ;-23.213961 ;
50.100000 ;-22.785833 ;-23.206172 ;
50.200000 ;-22.805044 ;-23.195448 ;
50.300000 ;-22.835373 ;-23.185301 ;
50.400000 ;-22.894591 ;-23.177272 ;
50.500000 ;-22.936463 ;-23.167344 ;
50.600000 ;-22.956502 ;-23.155128 ;
50.700000 ;-23.002580 ;-23.144807 ;
50.800000 ;-23.052183 ;-23.134414 ;
50.900000 ;-23.079532 ;-23.121702 ;
51.000000 ;-23.120488 ;-23.109813 ;
51.100000 ;-23.166141 ;-23.097973 ;
51.200000 ;-23.198417 ;-23.084605 ;
51.300000 ;-23.238900 ;-23.071608 ;
51.400000 ;-23.286192 ;-23.058864 ;
51.500000 ;-23.319864 ;-23.044591 ;
51.600000 ;-23.355103 ;-23.030132 ;
51.700000 ;-23.405049 ;-23.016646 ;
51.800000 ;-23.452233 ;-23.002605 ;
51.900000 ;-23.476195 ;-22.986219 ;
52.000000 ;-23.514743 ;-22.970834 ;
52.100000 ;-23.576183 ;-22.957193 ;
52.200000 ;-23.618636 ;-22.941598 ;
52.300000 ;-23.639619 ;-22.923839 ;
52.400000 ;-23.688203 ;-22.908287 ;
52.500000 ;-23.747365 ;-22.893437 ;
52.600000 ;-23.773893 ;-22.875454 ;
52.700000 ;-23.812113 ;-22.858298 ;
52.800000 ;-23.863820 ;-22.842140 ;
52.900000 ;-23.897635 ;-22.824192 ;
53.000000 ;-23.935248 ;-22.806403 ;
53.100000 ;-23.982978 ;-22.789344 ;
53.200000 ;-24.020205 ;-22.771189 ;
53.300000 ;-24.054433 ;-22.752622 ;
53.400000 ;-24.100685 ;-22.734991 ;
53.500000 ;-24.147475 ;-22.717281 ;
53.600000 ;-24.174498 ;-22.697693 ;
53.700000 ;-24.209860 ;-22.678750 ;
53.800000 ;-24.264989 ;-22.661486 ;
53.900000 ;-24.311448 ;-22.643363 ;
54.000000 ;-24.329246 ;-22.622601 ;
54.100000 ;-24.368018 ;-22.603666 ;
54.200000 ;-24.430666 ;-22.586830 ;
54.300000 ;-24.464104 ;-22.567329 ;
54.400000 ;-24.488079 ;-22.546949 ;
54.500000 ;-24.536838 ;-22.528785 ;
54.600000 ;-24.579929 ;-22.510102 ;
54.700000 ;-24.607009 ;-22.489980 ;
54.800000 ;-24.647441 ;-22.471071 ;
54.900000 ;-24.689728 ;-22.452350 ;
55.000000 ;-24.718634 ;-22.432455 ;
55.100000 ;-24.755292 ;-22.413295 ;
55.200000 ;-24.799463 ;-22.394857 ;
55.300000 ;-24.830120 ;-22.375257 ;
55.400000 ;-24.857386 ;-22.355414 ;
55.500000 ;-24.900228 ;-22.337045 ;
55.600000 ;-24.947493 ;-22.319149 ;
55.700000 ;-24.968310 ;-22.298953 ;
55.800000 ;-24.990939 ;-22.279012 ;
55.900000 ;-25.041647 ;-22.261704 ;
56.000000 ;-25.093050 ;-22.244562 ;
56.100000 ;-25.105352 ;-22.223996 ;
56.200000 ;-25.132814 ;-22.204916 ;
56.300000 ;-25.186350 ;-22.188315 ;
56.400000 ;-25.215929 ;-22.169672 ;
56.500000 ;-25.237226 ;-22.150412 ;
56.600000 ;-25.276794 ;-22.132939 ;
56.700000 ;-25.310363 ;-22.115064 ;
56.800000 ;-25.333921 ;-22.096429 ;
56.900000 ;-25.368071 ;-22.078898 ;
57.000000 ;-25.404066 ;-22.061685 ;
57.100000 ;-25.426059 ;-22.043364 ;
57.200000 ;-25.454175 ;-22.025754 ;
57.300000 ;-25.493456 ;-22.009314 ;
57.400000 ;-25.524126 ;-21.992260 ;
57.500000 ;-25.537295 ;-21.973794 ;
57.600000 ;-25.566720 ;-21.956966 ;
57.700000 ;-25.615020 ;-21.942016 ;
57.800000 ;-25.644615 ;-21.925548 ;
57.900000 ;-25.648798 ;-21.906960 ;
58.000000 ;-25.680536 ;-21.891042 ;
58.100000 ;-25.734030 ;-21.877271 ;
58.200000 ;-25.751119 ;-21.860388 ;
58.300000 ;-25.764805 ;-21.843379 ;
58.400000 ;-25.803046 ;-21.828773 ;
58.500000 ;-25.831252 ;-21.813445 ;
58.600000 ;-25.847413 ;-21.797212 ;
58.700000 ;-25.876539 ;-21.782336 ;
58.800000 ;-25.905438 ;-21.767625 ;
58.900000 ;-25.922459 ;-21.752029 ;
59.000000 ;-25.947278 ;-21.737322 ;
59.100000 ;-25.979296 ;-21.723453 ;
59.200000 ;-25.998201 ;-21.708586 ;
59.300000 ;-26.011750 ;-21.693423 ;
59.400000 ;-26.041254 ;-21.679886 ;
59.500000 ;-26.078965 ;-21.667276 ;
59.600000 ;-26.091458 ;-21.652576 ;
59.700000 ;-26.095179 ;-21.637269 ;
59.800000 ;-26.129285 ;-21.624891 ;
59.900000 ;-26.177412 ;-21.613964 ;
60.000000 ;-26.183564 ;-21.599429 ;
60.100000 ;-26.189136 ;-21.585025 ;
60.200000 ;-26.227088 ;-21.573728 ;
60.300000 ;-26.255769 ;-21.561774 ;
60.400000 ;-26.261777 ;-21.547953 ;
60.500000 ;-26.284598 ;-21.535829 ;
60.600000 ;-26.310969 ;-21.524203 ;
60.700000 ;-26.322397 ;-21.511405 ;
60.800000 ;-26.341591 ;-21.499484 ;
60.900000 ;-26.367353 ;-21.488330 ;
61.000000 ;-26.380712 ;-21.476230 ;
61.100000 ;-26.393407 ;-21.464243 ;
61.200000 ;-26.418342 ;-21.453530 ;
61.300000 ;-26.445027 ;-21.443143 ;
61.400000 ;-26.449120 ;-21.430888 ;
61.500000 ;-26.455869 ;-21.419039 ;
61.600000 ;-26.487974 ;-21.409641 ;
61.700000 ;-26.525423 ;-21.400887 ;
61.800000 ;-26.522649 ;-21.388670 ;
61.900000 ;-26.522562 ;-21.376856 ;
62.000000 ;-26.560204 ;-21.368602 ;
62.100000 ;-26.594807 ;-21.360232 ;
62.200000 ;-26.589199 ;-21.348392 ;
62.300000 ;-26.603380 ;-21.338491 ;
62.400000 ;-26.632835 ;-21.330118 ;
62.500000 ;-26.639176 ;-21.319814 ;
62.600000 ;-26.650770 ;-21.310132 ;
62.700000 ;-26.672335 ;-21.301495 ;
62.800000 ;-26.683215 ;-21.292043 ;
62.900000 ;-26.692711 ;-21.282611 ;
63.000000 ;-26.712008 ;-21.274204 ;
63.100000 ;-26.731064 ;-21.265916 ;
63.200000 ;-26.733379 ;-21.256262 ;
63.300000 ;-26.741915 ;-21.247306 ;
63.400000 ;-26.768063 ;-21.240070 ;
63.500000 ;-26.793319 ;-21.232889 ;
63.600000 ;-26.785187 ;-21.222837 ;
63.700000 ;-26.784279 ;-21.213568 ;
63.800000 ;-26.819578 ;-21.207686 ;
63.900000 ;-26.856394 ;-21.202068 ;
64.000000 ;-26.843274 ;-21.192085 ;
64.100000 ;-26.846197 ;-21.183670 ;
64.200000 ;-26.880374 ;-21.178191 ;
64.300000 ;-26.889934 ;-21.170619 ;
64.400000 ;-26.890432 ;-21.162353 ;
64.500000 ;-26.908018 ;-21.155741 ;
64.600000 ;-26.919882 ;-21.148732 ;
64.700000 ;-26.924438 ;-21.141183 ;
64.800000 ;-26.938193 ;-21.134574 ;
64.900000 ;-26.953454 ;-21.128213 ;
65.000000 ;-26.955979 ;-21.120820 ;
65.100000 ;-26.963514 ;-21.113986 ;
65.200000 ;-26.982807 ;-21.108317 ;
65.300000 ;-26.998725 ;-21.102451 ;
65.400000 ;-26.990314 ;-21.094506 ;
65.500000 ;-26.992025 ;-21.087575 ;
65.600000 ;-27.021659 ;-21.083253 ;
65.700000 ;-27.051786 ;-21.079077 ;
65.800000 ;-27.035661 ;-21.070846 ;
65.900000 ;-27.029134 ;-21.063577 ;
66.000000 ;-27.064488 ;-21.060167 ;
66.100000 ;-27.089475 ;-21.055921 ;
66.200000 ;-27.075911 ;-21.048307 ;
66.300000 ;-27.085252 ;-21.042843 ;
66.400000 ;-27.105545 ;-21.038453 ;
66.500000 ;-27.104176 ;-21.032210 ;
66.600000 ;-27.110994 ;-21.026790 ;
66.700000 ;-27.125014 ;-21.022104 ;
66.800000 ;-27.127772 ;-21.016494 ;
66.900000 ;-27.132377 ;-21.011136 ;
67.000000 ;-27.146050 ;-21.006674 ;
67.100000 ;-27.156963 ;-21.002049 ;
67.200000 ;-27.151712 ;-20.996055 ;
67.300000 ;-27.155274 ;-20.990933 ;
67.400000 ;-27.177061 ;-20.987524 ;
67.500000 ;-27.196787 ;-20.984009 ;
67.600000 ;-27.180027 ;-20.977299 ;
67.700000 ;-27.171008 ;-20.971360 ;
67.800000 ;-27.202956 ;-20.969171 ;
67.900000 ;-27.239095 ;-20.967430 ;
68.000000 ;-27.219004 ;-20.960719 ;
68.100000 ;-27.213901 ;-20.955424 ;
68.200000 ;-27.242991 ;-20.953267 ;
68.300000 ;-27.247554 ;-20.948980 ;
68.400000 ;-27.242934 ;-20.943938 ;
68.500000 ;-27.254690 ;-20.940431 ;
68.600000 ;-27.260416 ;-20.936450 ;
68.700000 ;-27.260679 ;-20.932045 ;
68.800000 ;-27.269571 ;-20.928478 ;
68.900000 ;-27.279049 ;-20.925027 ;
69.000000 ;-27.276658 ;-20.920575 ;
69.100000 ;-27.279672 ;-20.916670 ;
69.200000 ;-27.294285 ;-20.913864 ;
69.300000 ;-27.306019 ;-20.910861 ;
69.400000 ;-27.292002 ;-20.905610 ;
69.500000 ;-27.286535 ;-20.901184 ;
69.600000 ;-27.311918 ;-20.899578 ;
69.700000 ;-27.342897 ;-20.898530 ;
69.800000 ;-27.324509 ;-20.893115 ;
69.900000 ;-27.306802 ;-20.887817 ;
70.000000 ;-27.336099 ;-20.886785 ;
70.100000 ;-27.365563 ;-20.885821 ;
70.200000 ;-27.346409 ;-20.880553 ;
70.300000 ;-27.348334 ;-20.877224 ;
70.400000 ;-27.364780 ;-20.875247 ;
70.500000 ;-27.360284 ;-20.871445 ;
70.600000 ;-27.362617 ;-20.868303 ;
70.700000 ;-27.372223 ;-20.865861 ;
70.800000 ;-27.371767 ;-20.862566 ;
70.900000 ;-27.372549 ;-20.859429 ;
71.000000 ;-27.381992 ;-20.857113 ;
71.100000 ;-27.389936 ;-20.854709 ;
71.200000 ;-27.381175 ;-20.850856 ;
71.300000 ;-27.379291 ;-20.847662 ;
71.400000 ;-27.396785 ;-20.846247 ;
71.500000 ;-27.416581 ;-20.845080 ;
71.600000 ;-27.399643 ;-20.840668 ;
71.700000 ;-27.379526 ;-20.836014 ;
71.800000 ;-27.403903 ;-20.835385 ;
71.900000 ;-27.445982 ;-20.836380 ;
72.000000 ;-27.429000 ;-20.832127 ;
72.100000 ;-27.412399 ;-20.827949 ;
72.200000 ;-27.435349 ;-20.827350 ;
72.300000 ;-27.443654 ;-20.825479 ;
72.400000 ;-27.434156 ;-20.822051 ;
72.500000 ;-27.440763 ;-20.820101 ;
72.600000 ;-27.445070 ;-20.817981 ;
72.700000 ;-27.442329 ;-20.815267 ;
72.800000 ;-27.447382 ;-20.813286 ;
72.900000 ;-27.454621 ;-20.811534 ;
73.000000 ;-27.450273 ;-20.808781 ;
73.100000 ;-27.449249 ;-20.806359 ;
73.200000 ;-27.460038 ;-20.805026 ;
73.300000 ;-27.471356 ;-20.803774 ;
73.400000 ;-27.457260 ;-20.800281 ;
73.500000 ;-27.443439 ;-20.796845 ;
73.600000 ;-27.462069 ;-20.796343 ;
73.700000 ;-27.496462 ;-20.797281 ;
73.800000 ;-27.486597 ;-20.794291 ;
73.900000 ;-27.456332 ;-20.789506 ;
74.000000 ;-27.474357 ;-20.789073 ;
74.100000 ;-27.512802 ;-20.790495 ;
74.200000 ;-27.494822 ;-20.786897 ;
74.300000 ;-27.487846 ;-20.784311 ;
74.400000 ;-27.502151 ;-20.783656 ;
74.500000 ;-27.497964 ;-20.781375 ;
74.600000 ;-27.496294 ;-20.779345 ;
74.700000 ;-27.503245 ;-20.778112 ;
74.800000 ;-27.502363 ;-20.776206 ;
74.900000 ;-27.500161 ;-20.774207 ;
75.000000 ;-27.506262 ;-20.772975 ;
75.100000 ;-27.513682 ;-20.771886 ;
75.200000 ;-27.504876 ;-20.769372 ;
75.300000 ;-27.497584 ;-20.767018 ;
75.400000 ;-27.510027 ;-20.766451 ;
75.500000 ;-27.531165 ;-20.766684 ;
75.600000 ;-27.526483 ;-20.764633 ;
75.700000 ;-27.516194 ;-20.762104 ;
75.800000 ;-27.525470 ;-20.761346 ;
75.900000 ;-27.532091 ;-20.760373 ;
76.000000 ;-27.525266 ;-20.758220 ;
76.100000 ;-27.528139 ;-20.756955 ;
76.200000 ;-27.535613 ;-20.756122 ;
76.300000 ;-27.530385 ;-20.754176 ;
76.400000 ;-27.528388 ;-20.752538 ;
76.500000 ;-27.537390 ;-20.751903 ;
76.600000 ;-27.544150 ;-20.751088 ;
76.700000 ;-27.530330 ;-20.748454 ;
76.800000 ;-27.525144 ;-20.746611 ;
76.900000 ;-27.543112 ;-20.746855 ;
77.000000 ;-27.561605 ;-20.747165 ;
77.100000 ;-27.539841 ;-20.743896 ;
77.200000 ;-27.524576 ;-20.741227 ;
77.300000 ;-27.549922 ;-20.742205 ;
77.400000 ;-27.575234 ;-20.743198 ;
77.500000 ;-27.551659 ;-20.739838 ;
77.600000 ;-27.547505 ;-20.738232 ;
77.700000 ;-27.566613 ;-20.738721 ;
77.800000 ;-27.560681 ;-20.736989 ;
77.900000 ;-27.555489 ;-20.735339 ;
78.000000 ;-27.563078 ;-20.734847 ;
78.100000 ;-27.562180 ;-20.733612 ;
78.200000 ;-27.557819 ;-20.732084 ;
78.300000 ;-27.562751 ;-20.731401 ;
78.400000 ;-27.568902 ;-20.730843 ;
78.500000 ;-27.560306 ;-20.728982 ;
78.600000 ;-27.556164 ;-20.727533 ;
78.700000 ;-27.567545 ;-20.727486 ;
78.800000 ;-27.580041 ;-20.727552 ;
78.900000 ;-27.562736 ;-20.724970 ;
79.000000 ;-27.546859 ;-20.722531 ;
79.100000 ;-27.566208 ;-20.723252 ;
79.200000 ;-27.597407 ;-20.725045 ;
79.300000 ;-27.578760 ;-20.722397 ;
79.400000 ;-27.559002 ;-20.719664 ;
79.500000 ;-27.580109 ;-20.720596 ;
79.600000 ;-27.595762 ;-20.721053 ;
79.700000 ;-27.578458 ;-20.718577 ;
79.800000 ;-27.579822 ;-20.717781 ;
79.900000 ;-27.588236 ;-20.717627 ;
80.000000 ;-27.584621 ;-20.716410 ;
