0.000000 ;-27.500000 ;-20.600000 ;
0.100000 ;-27.517318 ;-20.622100 ;
0.200000 ;-27.518733 ;-20.636199 ;
0.300000 ;-27.500691 ;-20.643468 ;
0.400000 ;-27.482156 ;-20.646806 ;
0.500000 ;-27.475038 ;-20.648241 ;
0.600000 ;-27.462899 ;-20.647037 ;
0.700000 ;-27.452767 ;-20.644421 ;
0.800000 ;-27.450475 ;-20.641397 ;
0.900000 ;-27.444598 ;-20.637261 ;
1.000000 ;-27.433869 ;-20.632163 ;
1.100000 ;-27.429883 ;-20.627381 ;
1.200000 ;-27.443873 ;-20.624090 ;
1.300000 ;-27.446704 ;-20.619769 ;
1.400000 ;-27.426487 ;-20.613428 ;
1.500000 ;-27.401878 ;-20.606807 ;
1.600000 ;-27.411691 ;-20.603442 ;
1.700000 ;-27.422947 ;-20.600404 ;
1.800000 ;-27.414098 ;-20.595780 ;
1.900000 ;-27.413613 ;-20.592122 ;
2.000000 ;-27.419027 ;-20.589214 ;
2.100000 ;-27.416262 ;-20.585796 ;
2.200000 ;-27.415314 ;-20.582757 ;
2.300000 ;-27.421134 ;-20.580532 ;
2.400000 ;-27.420825 ;-20.577961 ;
2.500000 ;-27.414076 ;-20.575007 ;
2.600000 ;-27.415391 ;-20.572953 ;
2.700000 ;-27.432897 ;-20.572515 ;
2.800000 ;-27.435884 ;-20.570943 ;
2.900000 ;-27.416088 ;-20.567492 ;
3.000000 ;-27.397710 ;-20.564306 ;
3.100000 ;-27.414057 ;-20.564346 ;
3.200000 ;-27.422109 ;-20.563768 ;
3.300000 ;-27.412164 ;-20.561701 ;
3.400000 ;-27.415893 ;-20.560955 ;
3.500000 ;-27.421213 ;-20.560448 ;
3.600000 ;-27.417809 ;-20.559252 ;
3.700000 ;-27.418586 ;-20.558512 ;
3.800000 ;-27.425035 ;-20.558352 ;
3.900000 ;-27.423903 ;-20.557587 ;
4.000000 ;-27.416872 ;-20.556360 ;
4.100000 ;-27.421336 ;-20.556216 ;
4.200000 ;-27.438053 ;-20.557218 ;
4.300000 ;-27.436989 ;-20.556687 ;
4.400000 ;-27.415739 ;-20.554403 ;
4.500000 ;-27.404695 ;-20.553069 ;
4.600000 ;-27.422998 ;-20.554387 ;
4.700000 ;-27.425899 ;-20.554368 ;
4.800000 ;-27.415363 ;-20.553186 ;
4.900000 ;-27.422232 ;-20.553582 ;
5.000000 ;-27.426091 ;-20.553737 ;
5.100000 ;-27.421503 ;-20.553164 ;
5.200000 ;-27.424031 ;-20.553247 ;
5.300000 ;-27.430256 ;-20.553679 ;
5.400000 ;-27.427570 ;-20.553336 ;
5.500000 ;-27.420293 ;-20.552601 ;
5.600000 ;-27.428170 ;-20.553231 ;
5.700000 ;-27.443088 ;-20.554502 ;
5.800000 ;-27.437628 ;-20.553971 ;
5.900000 ;-27.415654 ;-20.551980 ;
6.000000 ;-27.414194 ;-20.551827 ;
6.100000 ;-27.448347 ;-20.554853 ;
6.200000 ;-27.451072 ;-20.555091 ;
6.300000 ;-27.413246 ;-20.551729 ;
6.400000 ;-27.404552 ;-20.550965 ;
6.500000 ;-27.433094 ;-20.553520 ;
6.600000 ;-27.429838 ;-20.553251 ;
6.700000 ;-27.414028 ;-20.551871 ;
6.800000 ;-27.426868 ;-20.553045 ;
6.900000 ;-27.429334 ;-20.553298 ;
7.000000 ;-27.424282 ;-20.552886 ;
7.100000 ;-27.430298 ;-20.553463 ;
7.200000 ;-27.432645 ;-20.553715 ;
7.300000 ;-27.427743 ;-20.553325 ;
7.400000 ;-27.428617 ;-20.553451 ;
7.500000 ;-27.438763 ;-20.554406 ;
7.600000 ;-27.438745 ;-20.554457 ;
7.700000 ;-27.426671 ;-20.553436 ;
7.800000 ;-27.422111 ;-20.553085 ;
7.900000 ;-27.447934 ;-20.555441 ;
8.000000 ;-27.458763 ;-20.556464 ;
8.100000 ;-27.432445 ;-20.554182 ;
8.200000 ;-27.403136 ;-20.551633 ;
8.300000 ;-27.431535 ;-20.554221 ;
8.400000 ;-27.451954 ;-20.556100 ;
8.500000 ;-27.426053 ;-20.553860 ;
8.600000 ;-27.412381 ;-20.552708 ;
8.700000 ;-27.432254 ;-20.554540 ;
8.800000 ;-27.431325 ;-20.554521 ;
8.900000 ;-27.426153 ;-20.554124 ;
9.000000 ;-27.434058 ;-20.554892 ;
9.100000 ;-27.434074 ;-20.554957 ;
9.200000 ;-27.430115 ;-20.554668 ;
9.300000 ;-27.436107 ;-20.555266 ;
9.400000 ;-27.439407 ;-20.555624 ;
9.500000 ;-27.433706 ;-20.555181 ;
9.600000 ;-27.428950 ;-20.554822 ;
9.700000 ;-27.432405 ;-20.555194 ;
9.800000 ;-27.433938 ;-20.555387 ;
9.900000 ;-27.429796 ;-20.638731 ;
10.000000 ;-27.368790 ;-20.966002 ;
10.100000 ;-27.219526 ;-21.374445 ;
10.200000 ;-26.974993 ;-21.776355 ;
10.300000 ;-26.657283 ;-22.141807 ;
10.400000 ;-26.288636 ;-22.460257 ;
10.500000 ;-25.892450 ;-22.730195 ;
10.600000 ;-25.488715 ;-22.953914 ;
10.700000 ;-25.090339 ;-23.135181 ;
10.800000 ;-24.712643 ;-23.279125 ;
10.900000 ;-24.356632 ;-23.390140 ;
11.000000 ;-24.023662 ;-23.472857 ;
11.100000 ;-23.737521 ;-23.533607 ;
11.200000 ;-23.472585 ;-23.574350 ;
11.300000 ;-23.220491 ;-23.598219 ;
11.400000 ;-23.019809 ;-23.611642 ;
11.500000 ;-22.843198 ;-23.615225 ;
11.600000 ;-22.663832 ;-23.609308 ;
11.700000 ;-22.523855 ;-23.599375 ;
11.800000 ;-22.405194 ;-23.585632 ;
11.900000 ;-22.282809 ;-23.567488 ;
12.000000 ;-22.187917 ;-23.548586 ;
12.100000 ;-22.107713 ;-23.528780 ;
12.200000 ;-22.022769 ;-23.507261 ;
12.300000 ;-21.958343 ;-23.486593 ;
12.400000 ;-21.907549 ;-23.466640 ;
12.500000 ;-21.845703 ;-23.445784 ;
12.600000 ;-21.798035 ;-23.426289 ;
12.700000 ;-21.768919 ;-23.408667 ;
12.800000 ;-21.727284 ;-23.390556 ;
12.900000 ;-21.685372 ;-23.373046 ;
13.000000 ;-21.666878 ;-23.358097 ;
13.100000 ;-21.647180 ;-23.343739 ;
13.200000 ;-21.609722 ;-23.328656 ;
13.300000 ;-21.591893 ;-23.315882 ;
13.400000 ;-21.585632 ;-23.304747 ;
13.500000 ;-21.557324 ;-23.292499 ;
13.600000 ;-21.539117 ;-23.281735 ;
13.700000 ;-21.536275 ;-23.272852 ;
13.800000 ;-21.517449 ;-23.263273 ;
13.900000 ;-21.500145 ;-23.254392 ;
14.000000 ;-21.498340 ;-23.247311 ;
14.100000 ;-21.487894 ;-23.240040 ;
14.200000 ;-21.469899 ;-23.232640 ;
14.300000 ;-21.467722 ;-23.226974 ;
14.400000 ;-21.467697 ;-23.221905 ;
14.500000 ;-21.448472 ;-23.215677 ;
14.600000 ;-21.441453 ;-23.210809 ;
14.700000 ;-21.449209 ;-23.207484 ;
14.800000 ;-21.437519 ;-23.202904 ;
14.900000 ;-21.422682 ;-23.198369 ;
15.000000 ;-21.429154 ;-23.195840 ;
15.100000 ;-21.430078 ;-23.193120 ;
15.200000 ;-21.412921 ;-23.189175 ;
15.300000 ;-21.413223 ;-23.186868 ;
15.400000 ;-21.419948 ;-23.185287 ;
15.500000 ;-21.405829 ;-23.182211 ;
15.600000 ;-21.402080 ;-23.180151 ;
15.700000 ;-21.409294 ;-23.179142 ;
15.800000 ;-21.399507 ;-23.176911 ;
15.900000 ;-21.392637 ;-23.175055 ;
16.000000 ;-21.399721 ;-23.174457 ;
16.100000 ;-21.396485 ;-23.173145 ;
16.200000 ;-21.384578 ;-23.171243 ;
16.300000 ;-21.389174 ;-23.170776 ;
16.400000 ;-21.396950 ;-23.170660 ;
16.500000 ;-21.382105 ;-23.168804 ;
16.600000 ;-21.378576 ;-23.167941 ;
16.700000 ;-21.392058 ;-23.168526 ;
16.800000 ;-21.385760 ;-23.167582 ;
16.900000 ;-21.374227 ;-23.166277 ;
17.000000 ;-21.383547 ;-23.166712 ;
17.100000 ;-21.386840 ;-23.166715 ;
17.200000 ;-21.374247 ;-23.165483 ;
17.300000 ;-21.377681 ;-23.165589 ;
17.400000 ;-21.384513 ;-23.166010 ;
17.500000 ;-21.373612 ;-23.165038 ;
17.600000 ;-21.373335 ;-23.164957 ;
17.700000 ;-21.381912 ;-23.165621 ;
17.800000 ;-21.373432 ;-23.164939 ;
17.900000 ;-21.368496 ;-23.164569 ;
18.000000 ;-21.378091 ;-23.165395 ;
18.100000 ;-21.377327 ;-23.165408 ;
18.200000 ;-21.365049 ;-23.164513 ;
18.300000 ;-21.370856 ;-23.165094 ;
18.400000 ;-21.382630 ;-23.166174 ;
18.500000 ;-21.368803 ;-23.165204 ;
18.600000 ;-21.364898 ;-23.165049 ;
18.700000 ;-21.379697 ;-23.166415 ;
18.800000 ;-21.375081 ;-23.166227 ;
18.900000 ;-21.365372 ;-23.165638 ;
19.000000 ;-21.374766 ;-23.166600 ;
19.100000 ;-21.376719 ;-23.166970 ;
19.200000 ;-21.366919 ;-23.166401 ;
19.300000 ;-21.371731 ;-23.167017 ;
19.400000 ;-21.377062 ;-23.167681 ;
19.500000 ;-21.367292 ;-23.167134 ;
19.600000 ;-21.368554 ;-23.167482 ;
19.700000 ;-21.377959 ;-23.168490 ;
19.800000 ;-21.369424 ;-23.168057 ;
19.900000 ;-21.364049 ;-23.167883 ;
20.000000 ;-21.375381 ;-23.169058 ;
20.100000 ;-21.377294 ;-23.169478 ;
20.200000 ;-21.363227 ;-23.168612 ;
20.300000 ;-21.368605 ;-23.169316 ;
20.400000 ;-21.383030 ;-23.170752 ;
20.500000 ;-21.370143 ;-23.169988 ;
20.600000 ;-21.366038 ;-23.169934 ;
20.700000 ;-21.380094 ;-23.171345 ;
20.800000 ;-21.375221 ;-23.171232 ;
20.900000 ;-21.367948 ;-23.170926 ;
21.000000 ;-21.376911 ;-23.171930 ;
21.100000 ;-21.376628 ;-23.172190 ;
21.200000 ;-21.368874 ;-23.171848 ;
21.300000 ;-21.374676 ;-23.172599 ;
21.400000 ;-21.379069 ;-23.173237 ;
21.500000 ;-21.369063 ;-23.172715 ;
21.600000 ;-21.370921 ;-23.173149 ;
21.700000 ;-21.381997 ;-23.174327 ;
21.800000 ;-21.373456 ;-23.173923 ;
21.900000 ;-21.366021 ;-23.173609 ;
22.000000 ;-21.378670 ;-23.174914 ;
22.100000 ;-21.383944 ;-23.175624 ;
22.200000 ;-21.368507 ;-23.174664 ;
22.300000 ;-21.372799 ;-23.175295 ;
22.400000 ;-21.387722 ;-23.176783 ;
22.500000 ;-21.375806 ;-23.176107 ;
22.600000 ;-21.372818 ;-23.176150 ;
22.700000 ;-21.384843 ;-23.177403 ;
22.800000 ;-21.378833 ;-23.177202 ;
22.900000 ;-21.374191 ;-23.177111 ;
23.000000 ;-21.382739 ;-23.178083 ;
23.100000 ;-21.380605 ;-23.178193 ;
23.200000 ;-21.373839 ;-23.177930 ;
23.300000 ;-21.380562 ;-23.178753 ;
23.400000 ;-21.385376 ;-23.179422 ;
23.500000 ;-21.373823 ;-23.178771 ;
23.600000 ;-21.375237 ;-23.179165 ;
23.700000 ;-21.389041 ;-23.180558 ;
23.800000 ;-21.381610 ;-23.180238 ;
23.900000 ;-21.371204 ;-23.179677 ;
24.000000 ;-21.384173 ;-23.181001 ;
24.100000 ;-21.392126 ;-23.181921 ;
24.200000 ;-21.376882 ;-23.180968 ;
24.300000 ;-21.380523 ;-23.181539 ;
24.400000 ;-21.393132 ;-23.182832 ;
24.500000 ;-21.382239 ;-23.182229 ;
24.600000 ;-21.381367 ;-23.182434 ;
24.700000 ;-21.390895 ;-23.183476 ;
24.800000 ;-21.383945 ;-23.183190 ;
24.900000 ;-21.381354 ;-23.183254 ;
25.000000 ;-21.389889 ;-23.184215 ;
25.100000 ;-21.386637 ;-23.184225 ;
25.200000 ;-21.379362 ;-23.183910 ;
25.300000 ;-21.387063 ;-23.184802 ;
25.400000 ;-21.394270 ;-23.185654 ;
25.500000 ;-21.380393 ;-23.184805 ;
25.600000 ;-21.379886 ;-23.185033 ;
25.700000 ;-21.396750 ;-23.186662 ;
25.800000 ;-21.391794 ;-23.186531 ;
25.900000 ;-21.379184 ;-23.185781 ;
26.000000 ;-21.391229 ;-23.187020 ;
26.100000 ;-21.398946 ;-23.187910 ;
26.200000 ;-21.385760 ;-23.187112 ;
26.300000 ;-21.389770 ;-23.187701 ;
26.400000 ;-21.397952 ;-23.188625 ;
26.500000 ;-21.388669 ;-23.188141 ;
26.600000 ;-21.389921 ;-23.188506 ;
26.700000 ;-21.397414 ;-23.189373 ;
26.800000 ;-21.389754 ;-23.189018 ;
26.900000 ;-21.388180 ;-23.189152 ;
27.000000 ;-21.397572 ;-23.190171 ;
27.100000 ;-21.394248 ;-23.190163 ;
27.200000 ;-21.384501 ;-23.189637 ;
27.300000 ;-21.392868 ;-23.190571 ;
27.400000 ;-21.404570 ;-23.191774 ;
27.500000 ;-21.389214 ;-23.190794 ;
27.600000 ;-21.385499 ;-23.190751 ;
27.700000 ;-21.404088 ;-23.192508 ;
27.800000 ;-21.401362 ;-23.192545 ;
27.900000 ;-21.389082 ;-23.191811 ;
28.000000 ;-21.399608 ;-23.192915 ;
28.100000 ;-21.403708 ;-23.193501 ;
28.200000 ;-21.393921 ;-23.192965 ;
28.300000 ;-21.398815 ;-23.193613 ;
28.400000 ;-21.402728 ;-23.194182 ;
28.500000 ;-21.395010 ;-23.193811 ;
28.600000 ;-21.397821 ;-23.194290 ;
28.700000 ;-21.404606 ;-23.195087 ;
28.800000 ;-21.395751 ;-23.194624 ;
28.900000 ;-21.393776 ;-23.194714 ;
29.000000 ;-21.405205 ;-23.195885 ;
29.100000 ;-21.403965 ;-23.196033 ;
29.200000 ;-21.389858 ;-23.195143 ;
29.300000 ;-21.397529 ;-23.196009 ;
29.400000 ;-21.414605 ;-23.197634 ;
29.500000 ;-21.399925 ;-23.196695 ;
29.600000 ;-21.393620 ;-23.196432 ;
29.700000 ;-21.411193 ;-23.198095 ;
29.800000 ;-21.408196 ;-23.198098 ;
29.900000 ;-21.399013 ;-23.197601 ;
30.000000 ;-21.408046 ;-23.198572 ;
30.100000 ;-21.407717 ;-23.198788 ;
30.200000 ;-21.401321 ;-23.198514 ;
30.300000 ;-21.406973 ;-23.199210 ;
30.400000 ;-21.408308 ;-23.199558 ;
30.500000 ;-21.400856 ;-23.199197 ;
30.600000 ;-21.404677 ;-23.199744 ;
30.700000 ;-21.412754 ;-23.200634 ;
30.800000 ;-21.402215 ;-23.200022 ;
30.900000 ;-21.397590 ;-23.199886 ;
31.000000 ;-21.411809 ;-23.201270 ;
31.100000 ;-21.415934 ;-23.201839 ;
31.200000 ;-21.397508 ;-23.200587 ;
31.300000 ;-21.402498 ;-23.201225 ;
31.400000 ;-21.422791 ;-23.203097 ;
31.500000 ;-21.409900 ;-23.202291 ;
31.600000 ;-21.403917 ;-23.202041 ;
31.700000 ;-21.417998 ;-23.203409 ;
31.800000 ;-21.412756 ;-23.203219 ;
31.900000 ;-21.407799 ;-23.203050 ;
32.000000 ;-21.415433 ;-23.203896 ;
32.100000 ;-21.412176 ;-23.203863 ;
32.200000 ;-21.407951 ;-23.203751 ;
32.300000 ;-21.414355 ;-23.204496 ;
32.400000 ;-21.414914 ;-23.204769 ;
32.500000 ;-21.405653 ;-23.204249 ;
32.600000 ;-21.409769 ;-23.204808 ;
32.700000 ;-21.421618 ;-23.205990 ;
32.800000 ;-21.410900 ;-23.205350 ;
32.900000 ;-21.400677 ;-23.204750 ;
33.000000 ;-21.416589 ;-23.206258 ;
33.100000 ;-21.428027 ;-23.207406 ;
33.200000 ;-21.408124 ;-23.206022 ;
33.300000 ;-21.410230 ;-23.206414 ;
33.400000 ;-21.428544 ;-23.208115 ;
33.500000 ;-21.416938 ;-23.207400 ;
33.600000 ;-21.414030 ;-23.207385 ;
33.700000 ;-21.423555 ;-23.208374 ;
33.800000 ;-21.416953 ;-23.208061 ;
33.900000 ;-21.415372 ;-23.208151 ;
34.000000 ;-21.422030 ;-23.208906 ;
34.100000 ;-21.417131 ;-23.208729 ;
34.200000 ;-21.413303 ;-23.208636 ;
34.300000 ;-21.420984 ;-23.209472 ;
34.400000 ;-21.423311 ;-23.209875 ;
34.500000 ;-21.409753 ;-23.208996 ;
34.600000 ;-21.412161 ;-23.209405 ;
34.700000 ;-21.429908 ;-23.211051 ;
34.800000 ;-21.423297 ;-23.210730 ;
34.900000 ;-21.406588 ;-23.209593 ;
35.000000 ;-21.421021 ;-23.210971 ;
35.100000 ;-21.436574 ;-23.212439 ;
35.200000 ;-21.418615 ;-23.211200 ;
35.300000 ;-21.420225 ;-23.211540 ;
35.400000 ;-21.431730 ;-23.212678 ;
35.500000 ;-21.422001 ;-23.212102 ;
35.600000 ;-21.422490 ;-23.212350 ;
35.700000 ;-21.428008 ;-23.213002 ;
35.800000 ;-21.421474 ;-23.212682 ;
35.900000 ;-21.421776 ;-23.212913 ;
36.000000 ;-21.428629 ;-23.213672 ;
36.100000 ;-21.422483 ;-23.213381 ;
36.200000 ;-21.416509 ;-23.213103 ;
36.300000 ;-21.426025 ;-23.214075 ;
36.400000 ;-21.434213 ;-23.214940 ;
36.500000 ;-21.416094 ;-23.213680 ;
36.600000 ;-21.412852 ;-23.213620 ;
36.700000 ;-21.435798 ;-23.215675 ;
36.800000 ;-21.436469 ;-23.215931 ;
36.900000 ;-21.417114 ;-23.214568 ;
37.000000 ;-21.428010 ;-23.215648 ;
37.100000 ;-21.439426 ;-23.216770 ;
37.200000 ;-21.426303 ;-23.215910 ;
37.300000 ;-21.429360 ;-23.216355 ;
37.400000 ;-21.433392 ;-23.216878 ;
37.500000 ;-21.426796 ;-23.216543 ;
37.600000 ;-21.429455 ;-23.216953 ;
37.700000 ;-21.432887 ;-23.217426 ;
37.800000 ;-21.425701 ;-23.217041 ;
37.900000 ;-21.426516 ;-23.217302 ;
38.000000 ;-21.435461 ;-23.218218 ;
38.100000 ;-21.429716 ;-23.217947 ;
38.200000 ;-21.417597 ;-23.217162 ;
38.300000 ;-21.427744 ;-23.218174 ;
38.400000 ;-21.445590 ;-23.219807 ;
38.500000 ;-21.428084 ;-23.218584 ;
38.600000 ;-21.416979 ;-23.217877 ;
38.700000 ;-21.440057 ;-23.219933 ;
38.800000 ;-21.444512 ;-23.220483 ;
38.900000 ;-21.428314 ;-23.219364 ;
39.000000 ;-21.436527 ;-23.220215 ;
39.100000 ;-21.439539 ;-23.220647 ;
39.200000 ;-21.432110 ;-23.220235 ;
39.300000 ;-21.436365 ;-23.220765 ;
39.400000 ;-21.436349 ;-23.220950 ;
39.500000 ;-21.431387 ;-23.220735 ;
39.600000 ;-21.435318 ;-23.221237 ;
39.700000 ;-21.439108 ;-23.221728 ;
39.800000 ;-21.429021 ;-23.221102 ;
39.900000 ;-21.428146 ;-23.221218 ;
40.000000 ;-21.441603 ;-23.222473 ;
40.100000 ;-21.443981 ;-23.222804 ;
40.200000 ;-21.440016 ;-23.222583 ;
40.300000 ;-21.442606 ;-23.222872 ;
40.400000 ;-21.443845 ;-23.223035 ;
40.500000 ;-21.447007 ;-23.223361 ;
40.600000 ;-21.450696 ;-23.223750 ;
40.700000 ;-21.454931 ;-23.224213 ;
40.800000 ;-21.460628 ;-23.224831 ;
40.900000 ;-21.466070 ;-23.225476 ;
41.000000 ;-21.471627 ;-23.226182 ;
41.100000 ;-21.480075 ;-23.227162 ;
41.200000 ;-21.489543 ;-23.228273 ;
41.300000 ;-21.489988 ;-23.228734 ;
41.400000 ;-21.492013 ;-23.229378 ;
41.500000 ;-21.511341 ;-23.231434 ;
41.600000 ;-21.540700 ;-23.234317 ;
41.700000 ;-21.551279 ;-23.235747 ;
41.800000 ;-21.553079 ;-23.236523 ;
41.900000 ;-21.573092 ;-23.238806 ;
42.000000 ;-21.588026 ;-23.240700 ;
42.100000 ;-21.601027 ;-23.242452 ;
42.200000 ;-21.622077 ;-23.244860 ;
42.300000 ;-21.638146 ;-23.246864 ;
42.400000 ;-21.654446 ;-23.248876 ;
42.500000 ;-21.681575 ;-23.251723 ;
42.600000 ;-21.708666 ;-23.254520 ;
42.700000 ;-21.716729 ;-23.255720 ;
42.800000 ;-21.738636 ;-23.257975 ;
42.900000 ;-21.786552 ;-23.262251 ;
43.000000 ;-21.823102 ;-23.265470 ;
43.100000 ;-21.823772 ;-23.265595 ;
43.200000 ;-21.857770 ;-23.268327 ;
43.300000 ;-21.921142 ;-23.273310 ;
43.400000 ;-21.941018 ;-23.274452 ;
43.500000 ;-21.967668 ;-23.275921 ;
43.600000 ;-22.015641 ;-23.278904 ;
43.700000 ;-22.046069 ;-23.280119 ;
43.800000 ;-22.083325 ;-23.281579 ;
43.900000 ;-22.128097 ;-23.283308 ;
44.000000 ;-22.163796 ;-23.283896 ;
44.100000 ;-22.206087 ;-23.284616 ;
44.200000 ;-22.257028 ;-23.285603 ;
44.300000 ;-22.297019 ;-23.285194 ;
44.400000 ;-22.334126 ;-23.284041 ;
44.500000 ;-22.390654 ;-23.283985 ;
44.600000 ;-22.452751 ;-23.283822 ;
44.700000 ;-22.485182 ;-23.280535 ;
44.800000 ;-22.526076 ;-23.277360 ;
44.900000 ;-22.599351 ;-23.276327 ;
45.000000 ;-22.659359 ;-23.273465 ;
45.100000 ;-22.692967 ;-23.267623 ;
45.200000 ;-22.752691 ;-23.263344 ;
45.300000 ;-22.818495 ;-23.258858 ;
45.400000 ;-22.862408 ;-23.251711 ;
45.500000 ;-22.919522 ;-23.244957 ;
45.600000 ;-22.981115 ;-23.237818 ;
45.700000 ;-23.030821 ;-23.228858 ;
45.800000 ;-23.088948 ;-23.219846 ;
45.900000 ;-23.153478 ;-23.210596 ;
46.000000 ;-23.204399 ;-23.199357 ;
46.100000 ;-23.257657 ;-23.187535 ;
46.200000 ;-23.326118 ;-23.176259 ;
46.300000 ;-23.391281 ;-23.163899 ;
46.400000 ;-23.432987 ;-23.148679 ;
46.500000 ;-23.490029 ;-23.134067 ;
46.600000 ;-23.569804 ;-23.120734 ;
46.700000 ;-23.629251 ;-23.104831 ;
46.800000 ;-23.669489 ;-23.086481 ;
46.900000 ;-23.736390 ;-23.069838 ;
47.000000 ;-23.811021 ;-23.053208 ;
47.100000 ;-23.855658 ;-23.033202 ;
47.200000 ;-23.912345 ;-23.013653 ;
47.300000 ;-23.980482 ;-22.994530 ;
47.400000 ;-24.031221 ;-22.973243 ;
47.500000 ;-24.085831 ;-22.951751 ;
47.600000 ;-24.150271 ;-22.930620 ;
47.700000 ;-24.204229 ;-22.908037 ;
47.800000 ;-24.253573 ;-22.884568 ;
47.900000 ;-24.315183 ;-22.861774 ;
48.000000 ;-24.379124 ;-22.838779 ;
48.100000 ;-24.421927 ;-22.813480 ;
48.200000 ;-24.469654 ;-22.788289 ;
48.300000 ;-24.538173 ;-22.764683 ;
48.400000 ;-24.602398 ;-22.740396 ;
48.500000 ;-24.635182 ;-22.712975 ;
48.600000 ;-24.683930 ;-22.686801 ;
48.700000 ;-24.757294 ;-22.662697 ;
48.800000 ;-24.807585 ;-22.636307 ;
48.900000 ;-24.843348 ;-22.608449 ;
49.000000 ;-24.900920 ;-22.582495 ;
49.100000 ;-24.958339 ;-22.556450 ;
49.200000 ;-24.996383 ;-22.528573 ;
49.300000 ;-25.045290 ;-22.501673 ;
49.400000 ;-25.100385 ;-22.475345 ;
49.500000 ;-25.139988 ;-22.447619 ;
49.600000 ;-25.183060 ;-22.420265 ;
49.700000 ;-25.236472 ;-22.393935 ;
49.800000 ;-25.282146 ;-22.366988 ;
49.900000 ;-25.314474 ;-22.338934 ;
50.000000 ;-25.359675 ;-22.312201 ;
50.100000 ;-25.417367 ;-22.286771 ;
50.200000 ;-25.456844 ;-22.259838 ;
50.300000 ;-25.479781 ;-22.231578 ;
50.400000 ;-25.526509 ;-22.205716 ;
50.500000 ;-25.589923 ;-22.181612 ;
50.600000 ;-25.620517 ;-22.154722 ;
50.700000 ;-25.643934 ;-22.127424 ;
50.800000 ;-25.694544 ;-22.102893 ;
50.900000 ;-25.743090 ;-22.078446 ;
51.000000 ;-25.766157 ;-22.051941 ;
51.100000 ;-25.802856 ;-22.026985 ;
51.200000 ;-25.848098 ;-22.003119 ;
51.300000 ;-25.875656 ;-21.977941 ;
51.400000 ;-25.907082 ;-21.953439 ;
51.500000 ;-25.948403 ;-21.930172 ;
51.600000 ;-25.980728 ;-21.906413 ;
51.700000 ;-26.004468 ;-21.882207 ;
51.800000 ;-26.039859 ;-21.859413 ;
51.900000 ;-26.082774 ;-21.837656 ;
52.000000 ;-26.106761 ;-21.814515 ;
52.100000 ;-26.122760 ;-21.791000 ;
52.200000 ;-26.160842 ;-21.769864 ;
52.300000 ;-26.210849 ;-21.750178 ;
52.400000 ;-26.228905 ;-21.727927 ;
52.500000 ;-26.238994 ;-21.705310 ;
52.600000 ;-26.279887 ;-21.685875 ;
52.700000 ;-26.326938 ;-21.667366 ;
52.800000 ;-26.336276 ;-21.645768 ;
52.900000 ;-26.357204 ;-21.625592 ;
53.000000 ;-26.396382 ;-21.607446 ;
53.100000 ;-26.417022 ;-21.587965 ;
53.200000 ;-26.434789 ;-21.568581 ;
53.300000 ;-26.464960 ;-21.550684 ;
53.400000 ;-26.490259 ;-21.532697 ;
53.500000 ;-26.505380 ;-21.514134 ;
53.600000 ;-26.529669 ;-21.496756 ;
53.700000 ;-26.560732 ;-21.480341 ;
53.800000 ;-26.576783 ;-21.462903 ;
53.900000 ;-26.587141 ;-21.445287 ;
54.000000 ;-26.614675 ;-21.429571 ;
54.100000 ;-26.651545 ;-21.415039 ;
54.200000 ;-26.662557 ;-21.398483 ;
54.300000 ;-26.662800 ;-21.381276 ;
54.400000 ;-26.692582 ;-21.367077 ;
54.500000 ;-26.737508 ;-21.354574 ;
54.600000 ;-26.742705 ;-21.338773 ;
54.700000 ;-26.745515 ;-21.323066 ;
54.800000 ;-26.777659 ;-21.310331 ;
54.900000 ;-26.803491 ;-21.297325 ;
55.000000 ;-26.806919 ;-21.282582 ;
55.100000 ;-26.825007 ;-21.269463 ;
55.200000 ;-26.849140 ;-21.257182 ;
55.300000 ;-26.857168 ;-21.243726 ;
55.400000 ;-26.870787 ;-21.231057 ;
55.500000 ;-26.893237 ;-21.219464 ;
55.600000 ;-26.906154 ;-21.207279 ;
55.700000 ;-26.911825 ;-21.194706 ;
55.800000 ;-26.929549 ;-21.183487 ;
55.900000 ;-26.955474 ;-21.173269 ;
56.000000 ;-26.963258 ;-21.161663 ;
56.100000 ;-26.959087 ;-21.149226 ;
56.200000 ;-26.978353 ;-21.139155 ;
56.300000 ;-27.015570 ;-21.130949 ;
56.400000 ;-27.023911 ;-21.120368 ;
56.500000 ;-27.011850 ;-21.108175 ;
56.600000 ;-27.032015 ;-21.099126 ;
56.700000 ;-27.069853 ;-21.091898 ;
56.800000 ;-27.067702 ;-21.081276 ;
56.900000 ;-27.069088 ;-21.071189 ;
57.000000 ;-27.091780 ;-21.063240 ;
57.100000 ;-27.101534 ;-21.054330 ;
57.200000 ;-27.104291 ;-21.044992 ;
57.300000 ;-27.118762 ;-21.036912 ;
57.400000 ;-27.132040 ;-21.028921 ;
57.500000 ;-27.134054 ;-21.020107 ;
57.600000 ;-27.143479 ;-21.012150 ;
57.700000 ;-27.161327 ;-21.005137 ;
57.800000 ;-27.168547 ;-20.997348 ;
57.900000 ;-27.163832 ;-20.988661 ;
58.000000 ;-27.174714 ;-20.981555 ;
58.100000 ;-27.201241 ;-20.976029 ;
58.200000 ;-27.211697 ;-20.969222 ;
58.300000 ;-27.193869 ;-20.960032 ;
58.400000 ;-27.201102 ;-20.953262 ;
58.500000 ;-27.238791 ;-20.949391 ;
58.600000 ;-27.250593 ;-20.943343 ;
58.700000 ;-27.233877 ;-20.934877 ;
58.800000 ;-27.245940 ;-20.929152 ;
58.900000 ;-27.271402 ;-20.924779 ;
59.000000 ;-27.265758 ;-20.917746 ;
59.100000 ;-27.268573 ;-20.911614 ;
59.200000 ;-27.283321 ;-20.906692 ;
59.300000 ;-27.285107 ;-20.900736 ;
59.400000 ;-27.287057 ;-20.894927 ;
59.500000 ;-27.298507 ;-20.890099 ;
59.600000 ;-27.306849 ;-20.885116 ;
59.700000 ;-27.303027 ;-20.879163 ;
59.800000 ;-27.307694 ;-20.874093 ;
59.900000 ;-27.324642 ;-20.870243 ;
60.000000 ;-27.334409 ;-20.865863 ;
60.100000 ;-27.318854 ;-20.859321 ;
60.200000 ;-27.318112 ;-20.854220 ;
60.300000 ;-27.346305 ;-20.851826 ;
60.400000 ;-27.369497 ;-20.849088 ;
60.500000 ;-27.346708 ;-20.842322 ;
60.600000 ;-27.340968 ;-20.837189 ;
60.700000 ;-27.372254 ;-20.835482 ;
60.800000 ;-27.383407 ;-20.832062 ;
60.900000 ;-27.369430 ;-20.826479 ;
61.000000 ;-27.377489 ;-20.822967 ;
61.100000 ;-27.389577 ;-20.819908 ;
61.200000 ;-27.384536 ;-20.815399 ;
61.300000 ;-27.388347 ;-20.811771 ;
61.400000 ;-27.398146 ;-20.808765 ;
61.500000 ;-27.396229 ;-20.804791 ;
61.600000 ;-27.396112 ;-20.801060 ;
61.700000 ;-27.405930 ;-20.798299 ;
61.800000 ;-27.414623 ;-20.795514 ;
61.900000 ;-27.404655 ;-20.791132 ;
62.000000 ;-27.400943 ;-20.787386 ;
62.100000 ;-27.418168 ;-20.785589 ;
62.200000 ;-27.438551 ;-20.784147 ;
62.300000 ;-27.422271 ;-20.779486 ;
62.400000 ;-27.404282 ;-20.774741 ;
62.500000 ;-27.426738 ;-20.773690 ;
62.600000 ;-27.461600 ;-20.773816 ;
62.700000 ;-27.443421 ;-20.769248 ;
62.800000 ;-27.432118 ;-20.765359 ;
62.900000 ;-27.452634 ;-20.764385 ;
63.000000 ;-27.456384 ;-20.761967 ;
63.100000 ;-27.448225 ;-20.758539 ;
63.200000 ;-27.454778 ;-20.756487 ;
63.300000 ;-27.459019 ;-20.754282 ;
63.400000 ;-27.454875 ;-20.751381 ;
63.500000 ;-27.458624 ;-20.749241 ;
63.600000 ;-27.466686 ;-20.747538 ;
63.700000 ;-27.462373 ;-20.744778 ;
63.800000 ;-27.457699 ;-20.742036 ;
63.900000 ;-27.466467 ;-20.740546 ;
64.000000 ;-27.480401 ;-20.739566 ;
64.100000 ;-27.471319 ;-20.736572 ;
64.200000 ;-27.452361 ;-20.732740 ;
64.300000 ;-27.463715 ;-20.731667 ;
64.400000 ;-27.497167 ;-20.732616 ;
64.500000 ;-27.495867 ;-20.730494 ;
64.600000 ;-27.466449 ;-20.725897 ;
64.700000 ;-27.476015 ;-20.724833 ;
64.800000 ;-27.508817 ;-20.725891 ;
64.900000 ;-27.495737 ;-20.722876 ;
65.000000 ;-27.487416 ;-20.720326 ;
65.100000 ;-27.499196 ;-20.719614 ;
65.200000 ;-27.496909 ;-20.717677 ;
65.300000 ;-27.493029 ;-20.715634 ;
65.400000 ;-27.498818 ;-20.714491 ;
65.500000 ;-27.500172 ;-20.712985 ;
65.600000 ;-27.494921 ;-20.710922 ;
65.700000 ;-27.497784 ;-20.709617 ;
65.800000 ;-27.506927 ;-20.708905 ;
65.900000 ;-27.503665 ;-20.707115 ;
66.000000 ;-27.489646 ;-20.704393 ;
66.100000 ;-27.493734 ;-20.703322 ;
66.200000 ;-27.515863 ;-20.703893 ;
66.300000 ;-27.523036 ;-20.703155 ;
66.400000 ;-27.491564 ;-20.698986 ;
66.500000 ;-27.485734 ;-20.697141 ;
66.600000 ;-27.522153 ;-20.699104 ;
66.700000 ;-27.538929 ;-20.699333 ;
66.800000 ;-27.510359 ;-20.695529 ;
66.900000 ;-27.511268 ;-20.694389 ;
67.000000 ;-27.531200 ;-20.694977 ;
67.100000 ;-27.520438 ;-20.692841 ;
67.200000 ;-27.517228 ;-20.691403 ;
67.300000 ;-27.524098 ;-20.690890 ;
67.400000 ;-27.519948 ;-20.689414 ;
67.500000 ;-27.517653 ;-20.688125 ;
67.600000 ;-27.523223 ;-20.687561 ;
67.700000 ;-27.524804 ;-20.686661 ;
67.800000 ;-27.515760 ;-20.684831 ;
67.900000 ;-27.515565 ;-20.683812 ;
68.000000 ;-27.527792 ;-20.683924 ;
68.100000 ;-27.534569 ;-20.683567 ;
68.200000 ;-27.511407 ;-20.680552 ;
68.300000 ;-27.499986 ;-20.678606 ;
68.400000 ;-27.524808 ;-20.679920 ;
68.500000 ;-27.555503 ;-20.681774 ;
68.600000 ;-27.530530 ;-20.678667 ;
68.700000 ;-27.508754 ;-20.675864 ;
68.800000 ;-27.533902 ;-20.677276 ;
68.900000 ;-27.552610 ;-20.678127 ;
69.000000 ;-27.532163 ;-20.675489 ;
69.100000 ;-27.532351 ;-20.674713 ;
69.200000 ;-27.540115 ;-20.674629 ;
69.300000 ;-27.532402 ;-20.673176 ;
69.400000 ;-27.532268 ;-20.672414 ;
69.500000 ;-27.537284 ;-20.672127 ;
69.600000 ;-27.532370 ;-20.670965 ;
69.700000 ;-27.529224 ;-20.669975 ;
69.800000 ;-27.535118 ;-20.669806 ;
69.900000 ;-27.540760 ;-20.669628 ;
70.000000 ;-27.527467 ;-20.667769 ;
70.100000 ;-27.517599 ;-20.666229 ;
70.200000 ;-27.530741 ;-20.666758 ;
70.300000 ;-27.553247 ;-20.668135 ;
70.400000 ;-27.541015 ;-20.666419 ;
70.500000 ;-27.508591 ;-20.662909 ;
70.600000 ;-27.520510 ;-20.663376 ;
70.700000 ;-27.563865 ;-20.666665 ;
70.800000 ;-27.554679 ;-20.665263 ;
70.900000 ;-27.530996 ;-20.662576 ;
71.000000 ;-27.543726 ;-20.663156 ;
71.100000 ;-27.551040 ;-20.663262 ;
71.200000 ;-27.539626 ;-20.661702 ;
71.300000 ;-27.541494 ;-20.661339 ;
71.400000 ;-27.543664 ;-20.661011 ;
71.500000 ;-27.537970 ;-20.659990 ;
71.600000 ;-27.538876 ;-20.659567 ;
71.700000 ;-27.544200 ;-20.659548 ;
71.800000 ;-27.538793 ;-20.658578 ;
71.900000 ;-27.531177 ;-20.657419 ;
72.000000 ;-27.536487 ;-20.657423 ;
72.100000 ;-27.549460 ;-20.658120 ;
72.200000 ;-27.543745 ;-20.657154 ;
72.300000 ;-27.516462 ;-20.654269 ;
72.400000 ;-27.518296 ;-20.653995 ;
72.500000 ;-27.553626 ;-20.656720 ;
72.600000 ;-27.569545 ;-20.657717 ;
72.700000 ;-27.531444 ;-20.653892 ;
72.800000 ;-27.525340 ;-20.652937 ;
72.900000 ;-27.560410 ;-20.655670 ;
73.000000 ;-27.556998 ;-20.654968 ;
73.100000 ;-27.541534 ;-20.653193 ;
73.200000 ;-27.548258 ;-20.653409 ;
73.300000 ;-27.547345 ;-20.652947 ;
73.400000 ;-27.541477 ;-20.652049 ;
73.500000 ;-27.544444 ;-20.651945 ;
73.600000 ;-27.545385 ;-20.651666 ;
73.700000 ;-27.539089 ;-20.650746 ;
73.800000 ;-27.539474 ;-20.650429 ;
73.900000 ;-27.546781 ;-20.650735 ;
74.000000 ;-27.545339 ;-20.650265 ;
74.100000 ;-27.528155 ;-20.648394 ;
74.200000 ;-27.526396 ;-20.647906 ;
74.300000 ;-27.546921 ;-20.649414 ;
74.400000 ;-27.563157 ;-20.650543 ;
74.500000 ;-27.545872 ;-20.648682 ;
74.600000 ;-27.540146 ;-20.647858 ;
74.700000 ;-27.551071 ;-20.648527 ;
74.800000 ;-27.546336 ;-20.647802 ;
74.900000 ;-27.541686 ;-20.647087 ;
75.000000 ;-27.546018 ;-20.647180 ;
75.100000 ;-27.545031 ;-20.646802 ;
75.200000 ;-27.538736 ;-20.645953 ;
75.300000 ;-27.540723 ;-20.645848 ;
75.400000 ;-27.548356 ;-20.646252 ;
75.500000 ;-27.542825 ;-20.645483 ;
75.600000 ;-27.527082 ;-20.643806 ;
75.700000 ;-27.530420 ;-20.643837 ;
75.800000 ;-27.552365 ;-20.645534 ;
75.900000 ;-27.559029 ;-20.645869 ;
76.000000 ;-27.524609 ;-20.642538 ;
76.100000 ;-27.516389 ;-20.641552 ;
76.200000 ;-27.553290 ;-20.644601 ;
76.300000 ;-27.571237 ;-20.645959 ;
76.400000 ;-27.540548 ;-20.642972 ;
76.500000 ;-27.539772 ;-20.642662 ;
76.600000 ;-27.558250 ;-20.644078 ;
76.700000 ;-27.546465 ;-20.642791 ;
76.800000 ;-27.542621 ;-20.642215 ;
76.900000 ;-27.548028 ;-20.642469 ;
77.000000 ;-27.542790 ;-20.641775 ;
77.100000 ;-27.540012 ;-20.641303 ;
77.200000 ;-27.544685 ;-20.641500 ;
77.300000 ;-27.544892 ;-20.641300 ;
77.400000 ;-27.534938 ;-20.640195 ;
77.500000 ;-27.534166 ;-20.639913 ;
77.600000 ;-27.545833 ;-20.640744 ;
77.700000 ;-27.552028 ;-20.641089 ;
77.800000 ;-27.527211 ;-20.638666 ;
77.900000 ;-27.513812 ;-20.637267 ;
78.000000 ;-27.538475 ;-20.639270 ;
78.100000 ;-27.570969 ;-20.641974 ;
78.200000 ;-27.545944 ;-20.639540 ;
78.300000 ;-27.521259 ;-20.637141 ;
78.400000 ;-27.545269 ;-20.639096 ;
78.500000 ;-27.564962 ;-20.640668 ;
78.600000 ;-27.543671 ;-20.638577 ;
78.700000 ;-27.542801 ;-20.638313 ;
78.800000 ;-27.549381 ;-20.638716 ;
78.900000 ;-27.541358 ;-20.637817 ;
79.000000 ;-27.540795 ;-20.637586 ;
79.100000 ;-27.544967 ;-20.637779 ;
79.200000 ;-27.539474 ;-20.637111 ;
79.300000 ;-27.535979 ;-20.636623 ;
79.400000 ;-27.541361 ;-20.636930 ;
79.500000 ;-27.546433 ;-20.637210 ;
79.600000 ;-27.526514 ;-20.635261 ;
79.700000 ;-27.506802 ;-20.633332 ;
79.800000 ;-27.520690 ;-20.634406 ;
79.900000 ;-27.559410 ;-20.637699 ;
80.000000 ;-27.571832 ;-20.638643 ;
