0.000000 ;-27.500000 ;-20.600000 ;
0.100000 ;-28.174514 ;-21.808565 ;
0.200000 ;-28.558950 ;-22.883558 ;
0.300000 ;-28.784425 ;-23.845530 ;
0.400000 ;-28.937263 ;-24.711344 ;
0.500000 ;-29.033384 ;-25.494288 ;
0.600000 ;-29.101742 ;-26.205768 ;
0.700000 ;-29.140345 ;-26.854805 ;
0.800000 ;-29.161469 ;-27.449332 ;
0.900000 ;-29.176647 ;-27.996121 ;
1.000000 ;-29.175281 ;-28.500312 ;
1.100000 ;-29.159584 ;-28.966592 ;
1.200000 ;-29.148804 ;-29.399398 ;
1.300000 ;-29.146516 ;-29.802203 ;
1.400000 ;-29.122522 ;-30.177374 ;
1.500000 ;-29.075803 ;-30.527426 ;
1.600000 ;-29.040633 ;-30.855122 ;
1.700000 ;-29.048481 ;-31.162851 ;
1.800000 ;-29.030110 ;-31.451346 ;
1.900000 ;-28.962567 ;-31.721803 ;
2.000000 ;-28.912154 ;-31.976396 ;
2.100000 ;-28.915490 ;-32.216776 ;
2.200000 ;-28.887465 ;-32.442932 ;
2.300000 ;-28.838260 ;-32.655944 ;
2.400000 ;-28.821869 ;-32.857344 ;
2.500000 ;-28.797567 ;-33.047409 ;
2.600000 ;-28.764065 ;-33.226838 ;
2.700000 ;-28.742410 ;-33.396547 ;
2.800000 ;-28.718379 ;-33.556959 ;
2.900000 ;-28.687340 ;-33.708568 ;
3.000000 ;-28.662512 ;-33.852055 ;
3.100000 ;-28.647930 ;-33.987946 ;
3.200000 ;-28.623779 ;-34.116434 ;
3.300000 ;-28.588191 ;-34.237905 ;
3.400000 ;-28.561397 ;-34.353000 ;
3.500000 ;-28.566166 ;-34.462362 ;
3.600000 ;-28.555311 ;-34.565741 ;
3.700000 ;-28.507127 ;-34.663186 ;
3.800000 ;-28.457694 ;-34.755441 ;
3.900000 ;-28.469018 ;-34.843555 ;
4.000000 ;-28.471474 ;-34.926929 ;
4.100000 ;-28.425595 ;-35.005325 ;
4.200000 ;-28.394035 ;-35.079751 ;
4.300000 ;-28.398731 ;-35.150702 ;
4.400000 ;-28.381702 ;-35.217668 ;
4.500000 ;-28.360986 ;-35.281071 ;
4.600000 ;-28.354539 ;-35.341321 ;
4.700000 ;-28.340260 ;-35.398319 ;
4.800000 ;-28.322749 ;-35.452291 ;
4.900000 ;-28.315936 ;-35.503567 ;
5.000000 ;-28.306299 ;-35.552130 ;
5.100000 ;-28.288175 ;-35.598051 ;
5.200000 ;-28.272508 ;-35.641600 ;
5.300000 ;-28.277014 ;-35.683124 ;
5.400000 ;-28.275355 ;-35.722416 ;
5.500000 ;-28.250170 ;-35.759375 ;
5.600000 ;-28.218217 ;-35.794317 ;
5.700000 ;-28.219445 ;-35.827839 ;
5.800000 ;-28.222592 ;-35.859652 ;
5.900000 ;-28.205255 ;-35.889566 ;
6.000000 ;-28.195538 ;-35.918020 ;
6.100000 ;-28.195061 ;-35.945115 ;
6.200000 ;-28.185159 ;-35.970697 ;
6.300000 ;-28.174857 ;-35.994951 ;
6.400000 ;-28.174937 ;-36.018082 ;
6.500000 ;-28.169525 ;-36.039959 ;
6.600000 ;-28.155617 ;-36.060606 ;
6.700000 ;-28.147947 ;-36.080266 ;
6.800000 ;-28.158757 ;-36.099147 ;
6.900000 ;-28.157359 ;-36.116922 ;
7.000000 ;-28.133465 ;-36.133511 ;
7.100000 ;-28.111107 ;-36.149263 ;
7.200000 ;-28.132582 ;-36.164747 ;
7.300000 ;-28.149178 ;-36.179402 ;
7.400000 ;-28.118430 ;-36.192739 ;
7.500000 ;-28.079731 ;-36.205287 ;
7.600000 ;-28.101982 ;-36.217938 ;
7.700000 ;-28.109735 ;-36.229788 ;
7.800000 ;-28.086885 ;-36.240670 ;
7.900000 ;-28.087416 ;-36.251287 ;
8.000000 ;-28.092034 ;-36.261427 ;
8.100000 ;-28.083631 ;-36.270904 ;
8.200000 ;-28.081877 ;-36.279990 ;
8.300000 ;-28.083808 ;-36.288673 ;
8.400000 ;-28.077744 ;-36.296830 ;
8.500000 ;-28.070483 ;-36.304569 ;
8.600000 ;-28.076441 ;-36.312090 ;
8.700000 ;-28.079073 ;-36.319207 ;
8.800000 ;-28.067585 ;-36.325803 ;
8.900000 ;-28.053228 ;-36.332038 ;
9.000000 ;-28.066323 ;-36.338305 ;
9.100000 ;-28.086748 ;-36.344370 ;
9.200000 ;-28.071394 ;-36.349712 ;
9.300000 ;-28.032443 ;-36.354496 ;
9.400000 ;-28.035548 ;-36.359554 ;
9.500000 ;-28.067686 ;-36.364735 ;
9.600000 ;-28.055773 ;-36.369142 ;
9.700000 ;-28.021847 ;-36.373063 ;
9.800000 ;-28.032149 ;-36.377331 ;
9.900000 ;-28.035102 ;-36.391714 ;
10.000000 ;-27.986452 ;-36.520445 ;
10.100000 ;-27.854441 ;-36.704983 ;
10.200000 ;-27.636512 ;-36.894622 ;
10.300000 ;-27.342825 ;-37.073349 ;
10.400000 ;-26.996798 ;-37.235813 ;
10.500000 ;-26.620245 ;-37.380487 ;
10.600000 ;-26.231446 ;-37.507557 ;
10.700000 ;-25.847310 ;-37.618002 ;
10.800000 ;-25.473655 ;-37.713018 ;
10.900000 ;-25.125665 ;-37.794088 ;
11.000000 ;-24.803854 ;-37.862556 ;
11.100000 ;-24.492658 ;-37.919578 ;
11.200000 ;-24.230455 ;-37.966877 ;
11.300000 ;-24.006791 ;-38.005532 ;
11.400000 ;-23.772583 ;-38.036097 ;
11.500000 ;-23.576357 ;-38.060162 ;
11.600000 ;-23.423697 ;-38.078719 ;
11.700000 ;-23.260826 ;-38.091987 ;
11.800000 ;-23.122354 ;-38.101116 ;
11.900000 ;-23.013407 ;-38.106826 ;
12.000000 ;-22.899811 ;-38.109318 ;
12.100000 ;-22.805514 ;-38.109377 ;
12.200000 ;-22.731101 ;-38.107459 ;
12.300000 ;-22.650278 ;-38.103662 ;
12.400000 ;-22.583266 ;-38.098552 ;
12.500000 ;-22.536111 ;-38.092487 ;
12.600000 ;-22.480312 ;-38.085401 ;
12.700000 ;-22.425817 ;-38.077621 ;
12.800000 ;-22.395591 ;-38.069585 ;
12.900000 ;-22.366374 ;-38.061187 ;
13.000000 ;-22.318654 ;-38.052343 ;
13.100000 ;-22.292228 ;-38.043604 ;
13.200000 ;-22.281649 ;-38.035001 ;
13.300000 ;-22.246863 ;-38.026162 ;
13.400000 ;-22.220815 ;-38.017518 ;
13.500000 ;-22.214640 ;-38.009240 ;
13.600000 ;-22.192661 ;-38.000972 ;
13.700000 ;-22.170101 ;-37.992915 ;
13.800000 ;-22.164686 ;-37.985289 ;
13.900000 ;-22.151296 ;-37.977834 ;
14.000000 ;-22.131172 ;-37.970575 ;
14.100000 ;-22.126558 ;-37.963769 ;
14.200000 ;-22.122340 ;-37.957251 ;
14.300000 ;-22.101830 ;-37.950838 ;
14.400000 ;-22.094765 ;-37.944859 ;
14.500000 ;-22.100064 ;-37.939299 ;
14.600000 ;-22.084746 ;-37.933787 ;
14.700000 ;-22.069595 ;-37.928549 ;
14.800000 ;-22.076679 ;-37.923821 ;
14.900000 ;-22.076178 ;-37.919265 ;
15.000000 ;-22.056293 ;-37.914742 ;
15.100000 ;-22.056682 ;-37.910683 ;
15.200000 ;-22.064727 ;-37.906939 ;
15.300000 ;-22.048460 ;-37.903145 ;
15.400000 ;-22.043920 ;-37.899693 ;
15.500000 ;-22.051388 ;-37.896575 ;
15.600000 ;-22.040328 ;-37.893444 ;
15.700000 ;-22.033904 ;-37.890548 ;
15.800000 ;-22.040498 ;-37.887970 ;
15.900000 ;-22.034335 ;-37.885417 ;
16.000000 ;-22.024409 ;-37.882979 ;
16.100000 ;-22.030170 ;-37.880864 ;
16.200000 ;-22.033479 ;-37.878863 ;
16.300000 ;-22.018156 ;-37.876789 ;
16.400000 ;-22.017988 ;-37.875010 ;
16.500000 ;-22.031400 ;-37.873499 ;
16.600000 ;-22.020766 ;-37.871836 ;
16.700000 ;-22.010000 ;-37.870277 ;
16.800000 ;-22.022386 ;-37.869074 ;
16.900000 ;-22.024245 ;-37.867849 ;
17.000000 ;-22.009965 ;-37.866534 ;
17.100000 ;-22.015149 ;-37.865518 ;
17.200000 ;-22.021673 ;-37.864596 ;
17.300000 ;-22.009837 ;-37.863545 ;
17.400000 ;-22.010931 ;-37.862706 ;
17.500000 ;-22.018280 ;-37.862001 ;
17.600000 ;-22.008365 ;-37.861167 ;
17.700000 ;-22.006394 ;-37.860479 ;
17.800000 ;-22.015573 ;-37.859968 ;
17.900000 ;-22.009373 ;-37.859337 ;
18.000000 ;-22.000773 ;-37.858728 ;
18.100000 ;-22.010001 ;-37.858360 ;
18.200000 ;-22.016171 ;-37.858000 ;
18.300000 ;-22.000190 ;-37.857434 ;
18.400000 ;-22.001276 ;-37.857094 ;
18.500000 ;-22.017873 ;-37.856959 ;
18.600000 ;-22.007821 ;-37.856563 ;
18.700000 ;-21.999124 ;-37.856211 ;
18.800000 ;-22.012354 ;-37.856130 ;
18.900000 ;-22.011433 ;-37.855918 ;
19.000000 ;-22.001455 ;-37.855632 ;
19.100000 ;-22.008640 ;-37.855558 ;
19.200000 ;-22.010814 ;-37.855450 ;
19.300000 ;-22.001859 ;-37.855240 ;
19.400000 ;-22.005980 ;-37.855193 ;
19.500000 ;-22.011757 ;-37.855182 ;
19.600000 ;-22.001498 ;-37.855010 ;
19.700000 ;-22.001579 ;-37.854968 ;
19.800000 ;-22.012838 ;-37.855064 ;
19.900000 ;-22.005932 ;-37.854972 ;
20.000000 ;-21.996139 ;-37.854862 ;
20.100000 ;-22.007718 ;-37.854998 ;
20.200000 ;-22.016497 ;-37.855116 ;
20.300000 ;-21.999511 ;-37.854958 ;
20.400000 ;-22.001109 ;-37.855016 ;
20.500000 ;-22.018067 ;-37.855252 ;
20.600000 ;-22.007298 ;-37.855190 ;
20.700000 ;-22.001962 ;-37.855196 ;
20.800000 ;-22.014045 ;-37.855401 ;
20.900000 ;-22.009266 ;-37.855427 ;
21.000000 ;-22.003570 ;-37.855450 ;
21.100000 ;-22.011609 ;-37.855629 ;
21.200000 ;-22.010080 ;-37.855709 ;
21.300000 ;-22.002925 ;-37.855731 ;
21.400000 ;-22.009191 ;-37.855907 ;
21.500000 ;-22.014344 ;-37.856074 ;
21.600000 ;-22.002408 ;-37.856057 ;
21.700000 ;-22.003257 ;-37.856185 ;
21.800000 ;-22.017559 ;-37.856466 ;
21.900000 ;-22.010595 ;-37.856514 ;
22.000000 ;-21.998617 ;-37.856511 ;
22.100000 ;-22.011733 ;-37.856787 ;
22.200000 ;-22.021705 ;-37.857031 ;
22.300000 ;-22.005137 ;-37.856985 ;
22.400000 ;-22.008028 ;-37.857156 ;
22.500000 ;-22.021689 ;-37.857448 ;
22.600000 ;-22.010501 ;-37.857468 ;
22.700000 ;-22.009336 ;-37.857600 ;
22.800000 ;-22.018777 ;-37.857851 ;
22.900000 ;-22.011564 ;-37.857920 ;
23.000000 ;-22.009302 ;-37.858045 ;
23.100000 ;-22.017739 ;-37.858290 ;
23.200000 ;-22.013612 ;-37.858397 ;
23.300000 ;-22.006755 ;-37.858475 ;
23.400000 ;-22.015087 ;-37.858721 ;
23.500000 ;-22.021513 ;-37.858948 ;
23.600000 ;-22.006700 ;-37.858941 ;
23.700000 ;-22.007020 ;-37.859102 ;
23.800000 ;-22.025082 ;-37.859460 ;
23.900000 ;-22.018795 ;-37.859550 ;
24.000000 ;-22.005632 ;-37.859564 ;
24.100000 ;-22.019212 ;-37.859874 ;
24.200000 ;-22.026446 ;-37.860115 ;
24.300000 ;-22.012726 ;-37.860125 ;
24.400000 ;-22.017696 ;-37.860342 ;
24.500000 ;-22.024744 ;-37.860582 ;
24.600000 ;-22.015484 ;-37.860643 ;
24.700000 ;-22.017823 ;-37.860831 ;
24.800000 ;-22.024165 ;-37.861065 ;
24.900000 ;-22.015951 ;-37.861138 ;
25.000000 ;-22.015913 ;-37.861301 ;
25.100000 ;-22.025355 ;-37.861569 ;
25.200000 ;-22.019423 ;-37.861668 ;
25.300000 ;-22.010849 ;-37.861737 ;
25.400000 ;-22.021443 ;-37.862019 ;
25.500000 ;-22.031512 ;-37.862294 ;
25.600000 ;-22.013834 ;-37.862264 ;
25.700000 ;-22.012627 ;-37.862415 ;
25.800000 ;-22.033371 ;-37.862809 ;
25.900000 ;-22.026971 ;-37.862903 ;
26.000000 ;-22.015639 ;-37.862942 ;
26.100000 ;-22.028527 ;-37.863249 ;
26.200000 ;-22.029489 ;-37.863425 ;
26.300000 ;-22.020658 ;-37.863492 ;
26.400000 ;-22.027198 ;-37.863729 ;
26.500000 ;-22.028217 ;-37.863904 ;
26.600000 ;-22.021473 ;-37.863994 ;
26.700000 ;-22.026174 ;-37.864210 ;
26.800000 ;-22.030506 ;-37.864422 ;
26.900000 ;-22.020826 ;-37.864479 ;
27.000000 ;-22.021846 ;-37.864654 ;
27.100000 ;-22.033933 ;-37.864952 ;
27.200000 ;-22.027527 ;-37.865044 ;
27.300000 ;-22.014985 ;-37.865069 ;
27.400000 ;-22.027367 ;-37.865369 ;
27.500000 ;-22.042429 ;-37.865699 ;
27.600000 ;-22.023459 ;-37.865652 ;
27.700000 ;-22.021488 ;-37.865793 ;
27.800000 ;-22.041332 ;-37.866175 ;
27.900000 ;-22.032810 ;-37.866243 ;
28.000000 ;-22.026374 ;-37.866334 ;
28.100000 ;-22.037089 ;-37.866614 ;
28.200000 ;-22.032604 ;-37.866726 ;
28.300000 ;-22.028570 ;-37.866843 ;
28.400000 ;-22.035565 ;-37.867081 ;
28.500000 ;-22.032852 ;-37.867212 ;
28.600000 ;-22.027352 ;-37.867312 ;
28.700000 ;-22.033976 ;-37.867546 ;
28.800000 ;-22.038503 ;-37.867756 ;
28.900000 ;-22.025531 ;-37.867772 ;
29.000000 ;-22.026017 ;-37.867937 ;
29.100000 ;-22.042781 ;-37.868282 ;
29.200000 ;-22.038476 ;-37.868393 ;
29.300000 ;-22.021244 ;-37.868362 ;
29.400000 ;-22.033890 ;-37.868660 ;
29.500000 ;-22.051409 ;-37.869011 ;
29.600000 ;-22.033205 ;-37.868968 ;
29.700000 ;-22.033066 ;-37.869124 ;
29.800000 ;-22.047203 ;-37.869438 ;
29.900000 ;-22.037254 ;-37.869485 ;
30.000000 ;-22.036214 ;-37.869630 ;
30.100000 ;-22.043438 ;-37.869866 ;
30.200000 ;-22.036843 ;-37.869950 ;
30.300000 ;-22.036039 ;-37.870097 ;
30.400000 ;-22.043335 ;-37.870332 ;
30.500000 ;-22.038208 ;-37.870431 ;
30.600000 ;-22.031827 ;-37.870515 ;
30.700000 ;-22.040730 ;-37.870768 ;
30.800000 ;-22.048717 ;-37.871010 ;
30.900000 ;-22.031425 ;-37.870973 ;
31.000000 ;-22.028800 ;-37.871098 ;
31.100000 ;-22.050861 ;-37.871494 ;
31.200000 ;-22.050353 ;-37.871642 ;
31.300000 ;-22.031315 ;-37.871584 ;
31.400000 ;-22.043053 ;-37.871865 ;
31.500000 ;-22.055330 ;-37.872153 ;
31.600000 ;-22.041085 ;-37.872147 ;
31.700000 ;-22.044265 ;-37.872333 ;
31.800000 ;-22.049677 ;-37.872544 ;
31.900000 ;-22.042199 ;-37.872612 ;
32.000000 ;-22.044763 ;-37.872790 ;
32.100000 ;-22.048793 ;-37.872984 ;
32.200000 ;-22.041434 ;-37.873053 ;
32.300000 ;-22.042347 ;-37.873212 ;
32.400000 ;-22.051276 ;-37.873459 ;
32.500000 ;-22.044704 ;-37.873534 ;
32.600000 ;-22.034185 ;-37.873566 ;
32.700000 ;-22.045380 ;-37.873837 ;
32.800000 ;-22.060655 ;-37.874153 ;
32.900000 ;-22.041149 ;-37.874085 ;
33.000000 ;-22.033776 ;-37.874150 ;
33.100000 ;-22.058240 ;-37.874566 ;
33.200000 ;-22.058461 ;-37.874715 ;
33.300000 ;-22.042939 ;-37.874689 ;
33.400000 ;-22.053545 ;-37.874951 ;
33.500000 ;-22.055728 ;-37.875120 ;
33.600000 ;-22.047868 ;-37.875177 ;
33.700000 ;-22.053065 ;-37.875379 ;
33.800000 ;-22.052593 ;-37.875517 ;
33.900000 ;-22.047597 ;-37.875605 ;
34.000000 ;-22.052227 ;-37.875799 ;
34.100000 ;-22.055042 ;-37.875972 ;
34.200000 ;-22.045173 ;-37.876006 ;
34.300000 ;-22.046326 ;-37.876160 ;
34.400000 ;-22.059434 ;-37.876446 ;
34.500000 ;-22.054661 ;-37.876534 ;
34.600000 ;-22.036482 ;-37.876474 ;
34.700000 ;-22.047822 ;-37.876740 ;
34.800000 ;-22.071934 ;-37.877146 ;
34.900000 ;-22.053417 ;-37.877081 ;
35.000000 ;-22.044262 ;-37.877119 ;
35.100000 ;-22.065715 ;-37.877495 ;
35.200000 ;-22.061018 ;-37.877582 ;
35.300000 ;-22.053006 ;-37.877631 ;
35.400000 ;-22.061429 ;-37.877862 ;
35.500000 ;-22.057247 ;-37.877953 ;
35.600000 ;-22.054443 ;-37.878059 ;
35.700000 ;-22.060065 ;-37.878258 ;
35.800000 ;-22.056579 ;-37.878356 ;
35.900000 ;-22.052114 ;-37.878442 ;
36.000000 ;-22.058656 ;-37.878650 ;
36.100000 ;-22.063256 ;-37.878836 ;
36.200000 ;-22.048345 ;-37.878806 ;
36.300000 ;-22.046727 ;-37.878922 ;
36.400000 ;-22.066422 ;-37.879273 ;
36.500000 ;-22.069025 ;-37.879436 ;
36.600000 ;-22.043920 ;-37.879292 ;
36.700000 ;-22.052206 ;-37.879516 ;
36.800000 ;-22.079569 ;-37.879951 ;
36.900000 ;-22.062424 ;-37.879894 ;
37.000000 ;-22.057174 ;-37.879968 ;
37.100000 ;-22.070816 ;-37.880250 ;
37.200000 ;-22.062428 ;-37.880288 ;
37.300000 ;-22.061098 ;-37.880404 ;
37.400000 ;-22.066206 ;-37.880591 ;
37.500000 ;-22.060514 ;-37.880658 ;
37.600000 ;-22.060441 ;-37.880787 ;
37.700000 ;-22.066639 ;-37.880985 ;
37.800000 ;-22.061030 ;-37.881051 ;
37.900000 ;-22.054121 ;-37.881104 ;
38.000000 ;-22.063085 ;-37.881331 ;
38.100000 ;-22.073967 ;-37.881579 ;
38.200000 ;-22.055040 ;-37.881497 ;
38.300000 ;-22.045595 ;-37.881519 ;
38.400000 ;-22.070753 ;-37.881924 ;
38.500000 ;-22.082890 ;-37.882185 ;
38.600000 ;-22.056744 ;-37.882022 ;
38.700000 ;-22.062532 ;-37.882211 ;
38.800000 ;-22.081428 ;-37.882545 ;
38.900000 ;-22.066924 ;-37.882510 ;
39.000000 ;-22.067513 ;-37.882641 ;
39.100000 ;-22.071724 ;-37.882812 ;
39.200000 ;-22.065639 ;-37.882868 ;
39.300000 ;-22.067885 ;-37.883017 ;
39.400000 ;-22.070569 ;-37.883169 ;
39.500000 ;-22.063849 ;-37.883218 ;
39.600000 ;-22.064872 ;-37.883351 ;
39.700000 ;-22.073513 ;-37.883569 ;
39.800000 ;-22.070629 ;-37.883658 ;
39.900000 ;-22.066366 ;-37.883731 ;
40.000000 ;-22.071846 ;-37.883915 ;
40.100000 ;-22.072764 ;-37.884054 ;
40.200000 ;-22.072454 ;-37.884195 ;
40.300000 ;-22.074511 ;-37.884388 ;
40.400000 ;-22.076794 ;-37.884619 ;
40.500000 ;-22.080228 ;-37.884904 ;
40.600000 ;-22.084118 ;-37.885245 ;
40.700000 ;-22.088899 ;-37.885652 ;
40.800000 ;-22.094598 ;-37.886133 ;
40.900000 ;-22.100123 ;-37.886683 ;
41.000000 ;-22.107007 ;-37.887324 ;
41.100000 ;-22.115838 ;-37.888068 ;
41.200000 ;-22.122783 ;-37.888878 ;
41.300000 ;-22.126010 ;-37.889741 ;
41.400000 ;-22.137831 ;-37.890794 ;
41.500000 ;-22.158617 ;-37.892047 ;
41.600000 ;-22.173779 ;-37.893342 ;
41.700000 ;-22.176970 ;-37.894614 ;
41.800000 ;-22.193126 ;-37.896141 ;
41.900000 ;-22.215749 ;-37.897852 ;
42.000000 ;-22.224612 ;-37.899525 ;
42.100000 ;-22.242203 ;-37.901411 ;
42.200000 ;-22.267768 ;-37.903501 ;
42.300000 ;-22.280322 ;-37.905561 ;
42.400000 ;-22.298060 ;-37.907791 ;
42.500000 ;-22.331351 ;-37.910306 ;
42.600000 ;-22.356114 ;-37.912831 ;
42.700000 ;-22.365462 ;-37.915285 ;
42.800000 ;-22.398344 ;-37.918101 ;
42.900000 ;-22.446041 ;-37.921171 ;
43.000000 ;-22.461680 ;-37.923961 ;
43.100000 ;-22.483476 ;-37.926893 ;
43.200000 ;-22.533989 ;-37.930211 ;
43.300000 ;-22.566485 ;-37.933374 ;
43.400000 ;-22.591170 ;-37.936485 ;
43.500000 ;-22.636504 ;-37.939854 ;
43.600000 ;-22.674246 ;-37.943146 ;
43.700000 ;-22.706791 ;-37.946371 ;
43.800000 ;-22.753450 ;-37.949732 ;
43.900000 ;-22.796416 ;-37.953011 ;
44.000000 ;-22.831474 ;-37.956138 ;
44.100000 ;-22.880795 ;-37.959351 ;
44.200000 ;-22.935170 ;-37.962524 ;
44.300000 ;-22.969915 ;-37.965353 ;
44.400000 ;-23.014497 ;-37.968158 ;
44.500000 ;-23.079608 ;-37.971041 ;
44.600000 ;-23.130126 ;-37.973577 ;
44.700000 ;-23.164971 ;-37.975732 ;
44.800000 ;-23.225636 ;-37.977968 ;
44.900000 ;-23.294301 ;-37.980059 ;
45.000000 ;-23.333267 ;-37.981544 ;
45.100000 ;-23.386473 ;-37.982919 ;
45.200000 ;-23.454904 ;-37.984178 ;
45.300000 ;-23.502823 ;-37.984882 ;
45.400000 ;-23.555908 ;-37.985319 ;
45.500000 ;-23.622154 ;-37.985566 ;
45.600000 ;-23.675622 ;-37.985303 ;
45.700000 ;-23.727816 ;-37.984652 ;
45.800000 ;-23.794132 ;-37.983784 ;
45.900000 ;-23.856106 ;-37.982469 ;
46.000000 ;-23.903000 ;-37.980570 ;
46.100000 ;-23.964687 ;-37.978434 ;
46.200000 ;-24.038578 ;-37.976022 ;
46.300000 ;-24.089776 ;-37.972913 ;
46.400000 ;-24.137807 ;-37.969336 ;
46.500000 ;-24.210114 ;-37.965617 ;
46.600000 ;-24.280348 ;-37.961438 ;
46.700000 ;-24.323133 ;-37.956494 ;
46.800000 ;-24.382689 ;-37.951317 ;
46.900000 ;-24.456839 ;-37.945885 ;
47.000000 ;-24.506731 ;-37.939732 ;
47.100000 ;-24.559629 ;-37.933191 ;
47.200000 ;-24.627803 ;-37.926417 ;
47.300000 ;-24.683751 ;-37.919084 ;
47.400000 ;-24.733250 ;-37.911269 ;
47.500000 ;-24.796317 ;-37.903224 ;
47.600000 ;-24.858844 ;-37.894786 ;
47.700000 ;-24.903738 ;-37.885759 ;
47.800000 ;-24.958554 ;-37.876490 ;
47.900000 ;-25.026458 ;-37.867027 ;
48.000000 ;-25.078177 ;-37.857026 ;
48.100000 ;-25.118367 ;-37.846558 ;
48.200000 ;-25.178985 ;-37.836025 ;
48.300000 ;-25.248288 ;-37.825297 ;
48.400000 ;-25.287386 ;-37.813914 ;
48.500000 ;-25.330224 ;-37.802304 ;
48.600000 ;-25.396182 ;-37.790719 ;
48.700000 ;-25.450846 ;-37.778752 ;
48.800000 ;-25.486630 ;-37.766325 ;
48.900000 ;-25.539533 ;-37.753894 ;
49.000000 ;-25.598801 ;-37.741341 ;
49.100000 ;-25.636233 ;-37.728335 ;
49.200000 ;-25.680603 ;-37.715243 ;
49.300000 ;-25.736863 ;-37.702142 ;
49.400000 ;-25.779496 ;-37.688731 ;
49.500000 ;-25.815832 ;-37.675115 ;
49.600000 ;-25.866246 ;-37.661558 ;
49.700000 ;-25.919411 ;-37.647935 ;
49.800000 ;-25.950236 ;-37.633948 ;
49.900000 ;-25.986574 ;-37.619955 ;
50.000000 ;-26.041883 ;-37.606135 ;
50.100000 ;-26.090065 ;-37.592177 ;
50.200000 ;-26.112344 ;-37.577862 ;
50.300000 ;-26.151010 ;-37.563723 ;
50.400000 ;-26.209177 ;-37.549811 ;
50.500000 ;-26.244081 ;-37.535607 ;
50.600000 ;-26.267670 ;-37.521270 ;
50.700000 ;-26.312830 ;-37.507216 ;
50.800000 ;-26.360026 ;-37.493214 ;
50.900000 ;-26.383150 ;-37.478950 ;
51.000000 ;-26.416825 ;-37.464860 ;
51.100000 ;-26.462116 ;-37.450967 ;
51.200000 ;-26.490687 ;-37.436928 ;
51.300000 ;-26.516861 ;-37.422928 ;
51.400000 ;-26.556667 ;-37.409173 ;
51.500000 ;-26.594879 ;-37.395482 ;
51.600000 ;-26.614169 ;-37.381645 ;
51.700000 ;-26.642726 ;-37.368018 ;
51.800000 ;-26.686470 ;-37.354682 ;
51.900000 ;-26.718180 ;-37.341304 ;
52.000000 ;-26.730212 ;-37.327793 ;
52.100000 ;-26.760726 ;-37.314629 ;
52.200000 ;-26.808569 ;-37.301801 ;
52.300000 ;-26.831460 ;-37.288790 ;
52.400000 ;-26.842343 ;-37.275758 ;
52.500000 ;-26.877596 ;-37.263163 ;
52.600000 ;-26.919029 ;-37.250781 ;
52.700000 ;-26.930511 ;-37.238166 ;
52.800000 ;-26.951182 ;-37.225807 ;
52.900000 ;-26.987865 ;-37.213792 ;
53.000000 ;-27.009015 ;-37.201731 ;
53.100000 ;-27.024035 ;-37.189742 ;
53.200000 ;-27.052855 ;-37.178075 ;
53.300000 ;-27.082122 ;-37.166566 ;
53.400000 ;-27.093678 ;-37.154991 ;
53.500000 ;-27.113003 ;-37.143666 ;
53.600000 ;-27.145573 ;-37.132662 ;
53.700000 ;-27.167758 ;-37.121684 ;
53.800000 ;-27.172908 ;-37.110652 ;
53.900000 ;-27.194343 ;-37.099979 ;
54.000000 ;-27.232059 ;-37.089667 ;
54.100000 ;-27.248911 ;-37.079252 ;
54.200000 ;-27.249136 ;-37.068788 ;
54.300000 ;-27.273773 ;-37.058785 ;
54.400000 ;-27.312572 ;-37.049116 ;
54.500000 ;-27.318887 ;-37.039199 ;
54.600000 ;-27.325383 ;-37.029439 ;
54.700000 ;-27.354405 ;-37.020116 ;
54.800000 ;-27.375969 ;-37.010855 ;
54.900000 ;-27.380214 ;-37.001532 ;
55.000000 ;-27.398102 ;-36.992531 ;
55.100000 ;-27.423171 ;-36.983772 ;
55.200000 ;-27.430165 ;-36.974939 ;
55.300000 ;-27.440423 ;-36.966295 ;
55.400000 ;-27.463618 ;-36.957961 ;
55.500000 ;-27.481265 ;-36.949706 ;
55.600000 ;-27.482297 ;-36.941388 ;
55.700000 ;-27.495307 ;-36.933365 ;
55.800000 ;-27.523470 ;-36.925673 ;
55.900000 ;-27.537655 ;-36.917948 ;
56.000000 ;-27.531456 ;-36.910109 ;
56.100000 ;-27.545848 ;-36.902665 ;
56.200000 ;-27.580173 ;-36.895606 ;
56.300000 ;-27.588964 ;-36.888364 ;
56.400000 ;-27.582357 ;-36.881064 ;
56.500000 ;-27.601557 ;-36.874216 ;
56.600000 ;-27.629957 ;-36.867614 ;
56.700000 ;-27.627445 ;-36.860754 ;
56.800000 ;-27.632908 ;-36.854121 ;
56.900000 ;-27.654705 ;-36.847816 ;
57.000000 ;-27.662735 ;-36.841462 ;
57.100000 ;-27.664502 ;-36.835152 ;
57.200000 ;-27.679285 ;-36.829123 ;
57.300000 ;-27.695593 ;-36.823231 ;
57.400000 ;-27.694824 ;-36.817243 ;
57.500000 ;-27.700634 ;-36.811450 ;
57.600000 ;-27.720348 ;-36.805944 ;
57.700000 ;-27.733334 ;-36.800464 ;
57.800000 ;-27.725255 ;-36.794830 ;
57.900000 ;-27.731344 ;-36.789481 ;
58.000000 ;-27.758286 ;-36.784497 ;
58.100000 ;-27.771891 ;-36.779450 ;
58.200000 ;-27.757477 ;-36.774156 ;
58.300000 ;-27.764843 ;-36.769235 ;
58.400000 ;-27.795589 ;-36.764703 ;
58.500000 ;-27.799310 ;-36.759931 ;
58.600000 ;-27.791030 ;-36.755105 ;
58.700000 ;-27.805875 ;-36.750661 ;
58.800000 ;-27.822666 ;-36.746333 ;
58.900000 ;-27.817451 ;-36.741821 ;
59.000000 ;-27.822904 ;-36.737531 ;
59.100000 ;-27.838490 ;-36.733454 ;
59.200000 ;-27.839217 ;-36.729278 ;
59.300000 ;-27.838954 ;-36.725173 ;
59.400000 ;-27.851356 ;-36.721309 ;
59.500000 ;-27.863820 ;-36.717526 ;
59.600000 ;-27.857096 ;-36.713584 ;
59.700000 ;-27.857432 ;-36.709807 ;
59.800000 ;-27.876007 ;-36.706335 ;
59.900000 ;-27.891242 ;-36.702896 ;
60.000000 ;-27.876359 ;-36.699155 ;
60.100000 ;-27.873671 ;-36.695638 ;
60.200000 ;-27.899521 ;-36.692549 ;
60.300000 ;-27.916604 ;-36.689419 ;
60.400000 ;-27.898728 ;-36.685922 ;
60.500000 ;-27.900980 ;-36.682742 ;
60.600000 ;-27.925539 ;-36.679907 ;
60.700000 ;-27.924326 ;-36.676814 ;
60.800000 ;-27.918122 ;-36.673722 ;
60.900000 ;-27.929808 ;-36.670915 ;
61.000000 ;-27.937227 ;-36.668115 ;
61.100000 ;-27.931989 ;-36.665216 ;
61.200000 ;-27.937245 ;-36.662507 ;
61.300000 ;-27.949115 ;-36.659937 ;
61.400000 ;-27.945850 ;-36.657234 ;
61.500000 ;-27.942422 ;-36.654584 ;
61.600000 ;-27.953475 ;-36.652168 ;
61.700000 ;-27.967110 ;-36.649837 ;
61.800000 ;-27.956530 ;-36.647255 ;
61.900000 ;-27.948489 ;-36.644756 ;
62.000000 ;-27.965886 ;-36.642623 ;
62.100000 ;-27.988397 ;-36.640602 ;
62.200000 ;-27.972668 ;-36.638152 ;
62.300000 ;-27.961264 ;-36.635802 ;
62.400000 ;-27.982997 ;-36.633911 ;
62.500000 ;-28.000851 ;-36.632016 ;
62.600000 ;-27.984002 ;-36.629732 ;
62.700000 ;-27.984871 ;-36.627711 ;
62.800000 ;-28.001609 ;-36.625931 ;
62.900000 ;-27.996586 ;-36.623920 ;
63.000000 ;-27.993308 ;-36.621970 ;
63.100000 ;-28.002796 ;-36.620220 ;
63.200000 ;-28.005129 ;-36.618418 ;
63.300000 ;-27.999198 ;-36.616551 ;
63.400000 ;-28.003876 ;-36.614853 ;
63.500000 ;-28.015106 ;-36.613273 ;
63.600000 ;-28.010078 ;-36.611525 ;
63.700000 ;-28.000761 ;-36.609759 ;
63.800000 ;-28.010146 ;-36.608259 ;
63.900000 ;-28.029332 ;-36.606915 ;
64.000000 ;-28.021427 ;-36.605266 ;
64.100000 ;-28.002502 ;-36.603510 ;
64.200000 ;-28.014872 ;-36.602176 ;
64.300000 ;-28.044270 ;-36.601086 ;
64.400000 ;-28.033034 ;-36.599518 ;
64.500000 ;-28.017789 ;-36.597928 ;
64.600000 ;-28.033393 ;-36.596753 ;
64.700000 ;-28.045130 ;-36.595557 ;
64.800000 ;-28.032328 ;-36.594082 ;
64.900000 ;-28.034323 ;-36.592819 ;
65.000000 ;-28.044272 ;-36.591681 ;
65.100000 ;-28.037852 ;-36.590364 ;
65.200000 ;-28.036330 ;-36.589133 ;
65.300000 ;-28.044731 ;-36.588051 ;
65.400000 ;-28.045266 ;-36.586894 ;
65.500000 ;-28.036605 ;-36.585646 ;
65.600000 ;-28.039852 ;-36.584570 ;
65.700000 ;-28.053472 ;-36.583645 ;
65.800000 ;-28.051743 ;-36.582551 ;
65.900000 ;-28.033123 ;-36.581268 ;
66.000000 ;-28.036856 ;-36.580284 ;
66.100000 ;-28.063021 ;-36.579602 ;
66.200000 ;-28.066454 ;-36.578655 ;
66.300000 ;-28.040185 ;-36.577358 ;
66.400000 ;-28.043954 ;-36.576454 ;
66.500000 ;-28.072970 ;-36.575886 ;
66.600000 ;-28.065302 ;-36.574877 ;
66.700000 ;-28.052640 ;-36.573824 ;
66.800000 ;-28.063298 ;-36.573080 ;
66.900000 ;-28.066830 ;-36.572264 ;
67.000000 ;-28.058440 ;-36.571317 ;
67.100000 ;-28.061712 ;-36.570531 ;
67.200000 ;-28.067738 ;-36.569796 ;
67.300000 ;-28.060646 ;-36.568913 ;
67.400000 ;-28.059150 ;-36.568115 ;
67.500000 ;-28.067838 ;-36.567459 ;
67.600000 ;-28.070205 ;-36.566740 ;
67.700000 ;-28.056088 ;-36.565829 ;
67.800000 ;-28.054729 ;-36.565091 ;
67.900000 ;-28.072434 ;-36.564606 ;
68.000000 ;-28.082454 ;-36.564038 ;
68.100000 ;-28.057038 ;-36.563040 ;
68.200000 ;-28.048710 ;-36.562270 ;
68.300000 ;-28.076543 ;-36.561963 ;
68.400000 ;-28.093336 ;-36.561531 ;
68.500000 ;-28.067337 ;-36.560577 ;
68.600000 ;-28.065324 ;-36.559935 ;
68.700000 ;-28.086368 ;-36.559591 ;
68.800000 ;-28.078382 ;-36.558897 ;
68.900000 ;-28.071214 ;-36.558224 ;
69.000000 ;-28.078901 ;-36.557748 ;
69.100000 ;-28.077627 ;-36.557170 ;
69.200000 ;-28.071788 ;-36.556546 ;
69.300000 ;-28.075750 ;-36.556054 ;
69.400000 ;-28.081084 ;-36.555589 ;
69.500000 ;-28.072213 ;-36.554957 ;
69.600000 ;-28.068167 ;-36.554394 ;
69.700000 ;-28.078152 ;-36.554016 ;
69.800000 ;-28.087551 ;-36.553639 ;
69.900000 ;-28.069618 ;-36.552931 ;
70.000000 ;-28.056708 ;-36.552294 ;
70.100000 ;-28.075110 ;-36.552056 ;
70.200000 ;-28.101389 ;-36.551925 ;
70.300000 ;-28.081015 ;-36.551220 ;
70.400000 ;-28.061055 ;-36.550528 ;
70.500000 ;-28.081958 ;-36.550354 ;
70.600000 ;-28.101602 ;-36.550172 ;
70.700000 ;-28.081073 ;-36.549496 ;
70.800000 ;-28.079258 ;-36.549061 ;
70.900000 ;-28.090786 ;-36.548800 ;
71.000000 ;-28.082579 ;-36.548299 ;
71.100000 ;-28.079695 ;-36.547872 ;
71.200000 ;-28.085911 ;-36.547564 ;
71.300000 ;-28.082846 ;-36.547148 ;
71.400000 ;-28.077005 ;-36.546703 ;
71.500000 ;-28.081255 ;-36.546391 ;
71.600000 ;-28.088933 ;-36.546127 ;
71.700000 ;-28.078979 ;-36.545650 ;
71.800000 ;-28.067265 ;-36.545156 ;
71.900000 ;-28.076736 ;-36.544933 ;
72.000000 ;-28.097374 ;-36.544854 ;
72.100000 ;-28.088303 ;-36.544411 ;
72.200000 ;-28.060025 ;-36.543732 ;
72.300000 ;-28.069355 ;-36.543529 ;
72.400000 ;-28.105892 ;-36.543671 ;
72.500000 ;-28.097202 ;-36.543253 ;
72.600000 ;-28.075142 ;-36.542673 ;
72.700000 ;-28.087296 ;-36.542525 ;
72.800000 ;-28.097561 ;-36.542359 ;
72.900000 ;-28.084454 ;-36.541905 ;
73.000000 ;-28.085195 ;-36.541628 ;
73.100000 ;-28.090316 ;-36.541411 ;
73.200000 ;-28.083310 ;-36.541047 ;
73.300000 ;-28.082384 ;-36.540762 ;
73.400000 ;-28.088541 ;-36.540571 ;
73.500000 ;-28.085378 ;-36.540267 ;
73.600000 ;-28.076147 ;-36.539891 ;
73.700000 ;-28.079418 ;-36.539675 ;
73.800000 ;-28.092372 ;-36.539584 ;
73.900000 ;-28.089433 ;-36.539298 ;
74.000000 ;-28.064699 ;-36.538744 ;
74.100000 ;-28.065087 ;-36.538507 ;
74.200000 ;-28.095718 ;-36.538651 ;
74.300000 ;-28.108136 ;-36.538571 ;
74.400000 ;-28.074091 ;-36.537915 ;
74.500000 ;-28.069958 ;-36.537635 ;
74.600000 ;-28.102121 ;-36.537812 ;
74.700000 ;-28.098314 ;-36.537543 ;
74.800000 ;-28.082741 ;-36.537130 ;
74.900000 ;-28.090075 ;-36.537006 ;
75.000000 ;-28.091144 ;-36.536807 ;
75.100000 ;-28.083699 ;-36.536504 ;
75.200000 ;-28.086214 ;-36.536329 ;
75.300000 ;-28.088998 ;-36.536159 ;
75.400000 ;-28.081844 ;-36.535868 ;
75.500000 ;-28.080827 ;-36.535657 ;
75.600000 ;-28.088379 ;-36.535555 ;
75.700000 ;-28.088974 ;-36.535369 ;
75.800000 ;-28.072344 ;-36.534970 ;
75.900000 ;-28.069293 ;-36.534743 ;
76.000000 ;-28.088183 ;-36.534792 ;
76.100000 ;-28.103262 ;-36.534797 ;
76.200000 ;-28.074837 ;-36.534260 ;
76.300000 ;-28.056367 ;-36.533850 ;
76.400000 ;-28.084806 ;-36.534028 ;
76.500000 ;-28.115744 ;-36.534240 ;
76.600000 ;-28.087147 ;-36.533710 ;
76.700000 ;-28.077738 ;-36.533422 ;
76.800000 ;-28.097530 ;-36.533500 ;
76.900000 ;-28.091159 ;-36.533255 ;
77.000000 ;-28.083486 ;-36.532994 ;
77.100000 ;-28.088847 ;-36.532898 ;
77.200000 ;-28.086309 ;-36.532706 ;
77.300000 ;-28.081370 ;-36.532485 ;
77.400000 ;-28.084753 ;-36.532370 ;
77.500000 ;-28.088280 ;-36.532258 ;
77.600000 ;-28.078810 ;-36.531986 ;
77.700000 ;-28.074478 ;-36.531780 ;
77.800000 ;-28.084121 ;-36.531750 ;
77.900000 ;-28.094481 ;-36.531730 ;
78.000000 ;-28.075754 ;-36.531349 ;
78.100000 ;-28.055897 ;-36.530955 ;
78.200000 ;-28.072727 ;-36.531021 ;
78.300000 ;-28.108085 ;-36.531321 ;
78.400000 ;-28.095280 ;-36.531020 ;
78.500000 ;-28.063933 ;-36.530488 ;
78.600000 ;-28.079253 ;-36.530541 ;
78.700000 ;-28.108560 ;-36.530771 ;
78.800000 ;-28.088067 ;-36.530380 ;
78.900000 ;-28.082277 ;-36.530174 ;
79.000000 ;-28.091701 ;-36.530159 ;
79.100000 ;-28.084316 ;-36.529935 ;
79.200000 ;-28.081445 ;-36.529769 ;
79.300000 ;-28.086181 ;-36.529699 ;
79.400000 ;-28.082694 ;-36.529528 ;
79.500000 ;-28.077316 ;-36.529334 ;
79.600000 ;-28.081072 ;-36.529256 ;
79.700000 ;-28.088080 ;-36.529219 ;
79.800000 ;-28.084600 ;-36.529052 ;
79.900000 ;-28.082886 ;-36.528909 ;
80.000000 ;-28.083294 ;-36.528793 ;
