0.000000 ;-27.500000 ;-20.600000 ;
0.100000 ;-28.276799 ;-20.518010 ;
0.200000 ;-28.767810 ;-20.461407 ;
0.300000 ;-29.086311 ;-20.426944 ;
0.400000 ;-29.323106 ;-20.412701 ;
0.500000 ;-29.492378 ;-20.411910 ;
0.600000 ;-29.625066 ;-20.421458 ;
0.700000 ;-29.725704 ;-20.437448 ;
0.800000 ;-29.799832 ;-20.457250 ;
0.900000 ;-29.863302 ;-20.479794 ;
1.000000 ;-29.914097 ;-20.503309 ;
1.100000 ;-29.948742 ;-20.526523 ;
1.200000 ;-29.973365 ;-20.549103 ;
1.300000 ;-30.003984 ;-20.571779 ;
1.400000 ;-30.037568 ;-20.594002 ;
1.500000 ;-30.051282 ;-20.613332 ;
1.600000 ;-30.043436 ;-20.629482 ;
1.700000 ;-30.035316 ;-20.644515 ;
1.800000 ;-30.056994 ;-20.661434 ;
1.900000 ;-30.073609 ;-20.676673 ;
2.000000 ;-30.069803 ;-20.688639 ;
2.100000 ;-30.071982 ;-20.700218 ;
2.200000 ;-30.082410 ;-20.711708 ;
2.300000 ;-30.083550 ;-20.721285 ;
2.400000 ;-30.081381 ;-20.729655 ;
2.500000 ;-30.089069 ;-20.738298 ;
2.600000 ;-30.093690 ;-20.745883 ;
2.700000 ;-30.088806 ;-20.751772 ;
2.800000 ;-30.082698 ;-20.756913 ;
2.900000 ;-30.095179 ;-20.763502 ;
3.000000 ;-30.110323 ;-20.769866 ;
3.100000 ;-30.102611 ;-20.773283 ;
3.200000 ;-30.077234 ;-20.774355 ;
3.300000 ;-30.070522 ;-20.777059 ;
3.400000 ;-30.089533 ;-20.782195 ;
3.500000 ;-30.090618 ;-20.785066 ;
3.600000 ;-30.078743 ;-20.786240 ;
3.700000 ;-30.085103 ;-20.789122 ;
3.800000 ;-30.088951 ;-20.791492 ;
3.900000 ;-30.083809 ;-20.792669 ;
4.000000 ;-30.083787 ;-20.794204 ;
4.100000 ;-30.090092 ;-20.796247 ;
4.200000 ;-30.088765 ;-20.797302 ;
4.300000 ;-30.080266 ;-20.797435 ;
4.400000 ;-30.080296 ;-20.798363 ;
4.500000 ;-30.097028 ;-20.800988 ;
4.600000 ;-30.100714 ;-20.802093 ;
4.700000 ;-30.082039 ;-20.800679 ;
4.800000 ;-30.061547 ;-20.798985 ;
4.900000 ;-30.082184 ;-20.801678 ;
5.000000 ;-30.111706 ;-20.805274 ;
5.100000 ;-30.095674 ;-20.803871 ;
5.200000 ;-30.051586 ;-20.799371 ;
5.300000 ;-30.059660 ;-20.800481 ;
5.400000 ;-30.085676 ;-20.803499 ;
5.500000 ;-30.075943 ;-20.802611 ;
5.600000 ;-30.061010 ;-20.801128 ;
5.700000 ;-30.074260 ;-20.802673 ;
5.800000 ;-30.075920 ;-20.802940 ;
5.900000 ;-30.069795 ;-20.802345 ;
6.000000 ;-30.075051 ;-20.802969 ;
6.100000 ;-30.077662 ;-20.803293 ;
6.200000 ;-30.072577 ;-20.802772 ;
6.300000 ;-30.070179 ;-20.802535 ;
6.400000 ;-30.079854 ;-20.803601 ;
6.500000 ;-30.083173 ;-20.803974 ;
6.600000 ;-30.072942 ;-20.802874 ;
6.700000 ;-30.061028 ;-20.801590 ;
6.800000 ;-30.076208 ;-20.803244 ;
6.900000 ;-30.100848 ;-20.805926 ;
7.000000 ;-30.091683 ;-20.804943 ;
7.100000 ;-30.053829 ;-20.800848 ;
7.200000 ;-30.043061 ;-20.799691 ;
7.300000 ;-30.081943 ;-20.803924 ;
7.400000 ;-30.088273 ;-20.804635 ;
7.500000 ;-30.053023 ;-20.800842 ;
7.600000 ;-30.050341 ;-20.800578 ;
7.700000 ;-30.069100 ;-20.802643 ;
7.800000 ;-30.065291 ;-20.802267 ;
7.900000 ;-30.060459 ;-20.801784 ;
8.000000 ;-30.068323 ;-20.802681 ;
8.100000 ;-30.068114 ;-20.802708 ;
8.200000 ;-30.063261 ;-20.802236 ;
8.300000 ;-30.068327 ;-20.802844 ;
8.400000 ;-30.072468 ;-20.803356 ;
8.500000 ;-30.067624 ;-20.802899 ;
8.600000 ;-30.060349 ;-20.802182 ;
8.700000 ;-30.069942 ;-20.803298 ;
8.800000 ;-30.085527 ;-20.805070 ;
8.900000 ;-30.080210 ;-20.804578 ;
9.000000 ;-30.056112 ;-20.802054 ;
9.100000 ;-30.045666 ;-20.801012 ;
9.200000 ;-30.064715 ;-20.803172 ;
9.300000 ;-30.068193 ;-20.803649 ;
9.400000 ;-30.056334 ;-20.802467 ;
9.500000 ;-30.061273 ;-20.803108 ;
9.600000 ;-30.066576 ;-20.803791 ;
9.700000 ;-30.062352 ;-20.803444 ;
9.800000 ;-30.060789 ;-20.801179 ;
9.900000 ;-30.058192 ;-20.874473 ;
10.000000 ;-29.992017 ;-21.194227 ;
10.100000 ;-29.818207 ;-21.596521 ;
10.200000 ;-29.541608 ;-21.995213 ;
10.300000 ;-29.180357 ;-22.356804 ;
10.400000 ;-28.763440 ;-22.670871 ;
10.500000 ;-28.316968 ;-22.935568 ;
10.600000 ;-27.862222 ;-23.152933 ;
10.700000 ;-27.417799 ;-23.327150 ;
10.800000 ;-26.990902 ;-23.462545 ;
10.900000 ;-26.595958 ;-23.564912 ;
11.000000 ;-26.235016 ;-23.639014 ;
11.100000 ;-25.890497 ;-23.687759 ;
11.200000 ;-25.598006 ;-23.718870 ;
11.300000 ;-25.354715 ;-23.735943 ;
11.400000 ;-25.107768 ;-23.737455 ;
11.500000 ;-24.890694 ;-23.729782 ;
11.600000 ;-24.726279 ;-23.717646 ;
11.700000 ;-24.564335 ;-23.698383 ;
11.800000 ;-24.413234 ;-23.674689 ;
11.900000 ;-24.298305 ;-23.650415 ;
12.000000 ;-24.188993 ;-23.623836 ;
12.100000 ;-24.086341 ;-23.596038 ;
12.200000 ;-24.008721 ;-23.569448 ;
12.300000 ;-23.936200 ;-23.542776 ;
12.400000 ;-23.861858 ;-23.515859 ;
12.500000 ;-23.808309 ;-23.491097 ;
12.600000 ;-23.766275 ;-23.467857 ;
12.700000 ;-23.709600 ;-23.443896 ;
12.800000 ;-23.664790 ;-23.421822 ;
12.900000 ;-23.642283 ;-23.402675 ;
13.000000 ;-23.611255 ;-23.383588 ;
13.100000 ;-23.567178 ;-23.364173 ;
13.200000 ;-23.546565 ;-23.347893 ;
13.300000 ;-23.538329 ;-23.333671 ;
13.400000 ;-23.504631 ;-23.317884 ;
13.500000 ;-23.480147 ;-23.303818 ;
13.600000 ;-23.475705 ;-23.292461 ;
13.700000 ;-23.457166 ;-23.280523 ;
13.800000 ;-23.433902 ;-23.268863 ;
13.900000 ;-23.427797 ;-23.259522 ;
14.000000 ;-23.419758 ;-23.250643 ;
14.100000 ;-23.398641 ;-23.241132 ;
14.200000 ;-23.390510 ;-23.233426 ;
14.300000 ;-23.391027 ;-23.227072 ;
14.400000 ;-23.373919 ;-23.219547 ;
14.500000 ;-23.359790 ;-23.212773 ;
14.600000 ;-23.363257 ;-23.208101 ;
14.700000 ;-23.361561 ;-23.203343 ;
14.800000 ;-23.340174 ;-23.197096 ;
14.900000 ;-23.335627 ;-23.192795 ;
15.000000 ;-23.346892 ;-23.190318 ;
15.100000 ;-23.334621 ;-23.185911 ;
15.200000 ;-23.318988 ;-23.181464 ;
15.300000 ;-23.325888 ;-23.179412 ;
15.400000 ;-23.328257 ;-23.177169 ;
15.500000 ;-23.311660 ;-23.173352 ;
15.600000 ;-23.310656 ;-23.171215 ;
15.700000 ;-23.317495 ;-23.170010 ;
15.800000 ;-23.305016 ;-23.167153 ;
15.900000 ;-23.299544 ;-23.165119 ;
16.000000 ;-23.306415 ;-23.164401 ;
16.100000 ;-23.300542 ;-23.162616 ;
16.200000 ;-23.289862 ;-23.160503 ;
16.300000 ;-23.294459 ;-23.159950 ;
16.400000 ;-23.300758 ;-23.159666 ;
16.500000 ;-23.285800 ;-23.157472 ;
16.600000 ;-23.280778 ;-23.156307 ;
16.700000 ;-23.293949 ;-23.156946 ;
16.800000 ;-23.292598 ;-23.156289 ;
16.900000 ;-23.275746 ;-23.154239 ;
17.000000 ;-23.280602 ;-23.154304 ;
17.100000 ;-23.294569 ;-23.155289 ;
17.200000 ;-23.280387 ;-23.153671 ;
17.300000 ;-23.274671 ;-23.152902 ;
17.400000 ;-23.286410 ;-23.153828 ;
17.500000 ;-23.281730 ;-23.153245 ;
17.600000 ;-23.272973 ;-23.152316 ;
17.700000 ;-23.279346 ;-23.152851 ;
17.800000 ;-23.281269 ;-23.152998 ;
17.900000 ;-23.270994 ;-23.152024 ;
18.000000 ;-23.272873 ;-23.152223 ;
18.100000 ;-23.281632 ;-23.153096 ;
18.200000 ;-23.272023 ;-23.152259 ;
18.300000 ;-23.265259 ;-23.151711 ;
18.400000 ;-23.275903 ;-23.152825 ;
18.500000 ;-23.281191 ;-23.153450 ;
18.600000 ;-23.264626 ;-23.152029 ;
18.700000 ;-23.264782 ;-23.152199 ;
18.800000 ;-23.282209 ;-23.154013 ;
18.900000 ;-23.275458 ;-23.153557 ;
19.000000 ;-23.263125 ;-23.152585 ;
19.100000 ;-23.273750 ;-23.153788 ;
19.200000 ;-23.280214 ;-23.154608 ;
19.300000 ;-23.267459 ;-23.153623 ;
19.400000 ;-23.269686 ;-23.154058 ;
19.500000 ;-23.278595 ;-23.155130 ;
19.600000 ;-23.269253 ;-23.154487 ;
19.700000 ;-23.267209 ;-23.154537 ;
19.800000 ;-23.276086 ;-23.155621 ;
19.900000 ;-23.271864 ;-23.155475 ;
20.000000 ;-23.263904 ;-23.154980 ;
20.100000 ;-23.270938 ;-23.155902 ;
20.200000 ;-23.279186 ;-23.156942 ;
20.300000 ;-23.265467 ;-23.155913 ;
20.400000 ;-23.261715 ;-23.155827 ;
20.500000 ;-23.277476 ;-23.157582 ;
20.600000 ;-23.279074 ;-23.158005 ;
20.700000 ;-23.262226 ;-23.156689 ;
20.800000 ;-23.267890 ;-23.157497 ;
20.900000 ;-23.284530 ;-23.159343 ;
21.000000 ;-23.271820 ;-23.158422 ;
21.100000 ;-23.266922 ;-23.158237 ;
21.200000 ;-23.279311 ;-23.159684 ;
21.300000 ;-23.275390 ;-23.159594 ;
21.400000 ;-23.268522 ;-23.159226 ;
21.500000 ;-23.275646 ;-23.160178 ;
21.600000 ;-23.277196 ;-23.160605 ;
21.700000 ;-23.268550 ;-23.160070 ;
21.800000 ;-23.271834 ;-23.160661 ;
21.900000 ;-23.280783 ;-23.161785 ;
22.000000 ;-23.271315 ;-23.161174 ;
22.100000 ;-23.265330 ;-23.160891 ;
22.200000 ;-23.277282 ;-23.162299 ;
22.300000 ;-23.284094 ;-23.163222 ;
22.400000 ;-23.266817 ;-23.161873 ;
22.500000 ;-23.266744 ;-23.162147 ;
22.600000 ;-23.286330 ;-23.164275 ;
22.700000 ;-23.281173 ;-23.164069 ;
22.800000 ;-23.268160 ;-23.163121 ;
22.900000 ;-23.278978 ;-23.164421 ;
23.000000 ;-23.286013 ;-23.165364 ;
23.100000 ;-23.274174 ;-23.164526 ;
23.200000 ;-23.276917 ;-23.165063 ;
23.300000 ;-23.284860 ;-23.166090 ;
23.400000 ;-23.276271 ;-23.165558 ;
23.500000 ;-23.275522 ;-23.165764 ;
23.600000 ;-23.284115 ;-23.166850 ;
23.700000 ;-23.279282 ;-23.166671 ;
23.800000 ;-23.272248 ;-23.166284 ;
23.900000 ;-23.280107 ;-23.167299 ;
24.000000 ;-23.288587 ;-23.168374 ;
24.100000 ;-23.274192 ;-23.167290 ;
24.200000 ;-23.270118 ;-23.167180 ;
24.300000 ;-23.287438 ;-23.169087 ;
24.400000 ;-23.291009 ;-23.169696 ;
24.500000 ;-23.272589 ;-23.168231 ;
24.600000 ;-23.277759 ;-23.168990 ;
24.700000 ;-23.296086 ;-23.170991 ;
24.800000 ;-23.283763 ;-23.170099 ;
24.900000 ;-23.278827 ;-23.169904 ;
25.000000 ;-23.290751 ;-23.171298 ;
25.100000 ;-23.286482 ;-23.171164 ;
25.200000 ;-23.280872 ;-23.170904 ;
25.300000 ;-23.287904 ;-23.171835 ;
25.400000 ;-23.288154 ;-23.172126 ;
25.500000 ;-23.280533 ;-23.171674 ;
25.600000 ;-23.284611 ;-23.172325 ;
25.700000 ;-23.293028 ;-23.173384 ;
25.800000 ;-23.282881 ;-23.172692 ;
25.900000 ;-23.277023 ;-23.172404 ;
26.000000 ;-23.289961 ;-23.173888 ;
26.100000 ;-23.298119 ;-23.174921 ;
26.200000 ;-23.279269 ;-23.173406 ;
26.300000 ;-23.278125 ;-23.173560 ;
26.400000 ;-23.299769 ;-23.175864 ;
26.500000 ;-23.296158 ;-23.175786 ;
26.600000 ;-23.281892 ;-23.174700 ;
26.700000 ;-23.292364 ;-23.175948 ;
26.800000 ;-23.299336 ;-23.176866 ;
26.900000 ;-23.288220 ;-23.176077 ;
27.000000 ;-23.291174 ;-23.176613 ;
27.100000 ;-23.297503 ;-23.177468 ;
27.200000 ;-23.289599 ;-23.176980 ;
27.300000 ;-23.289864 ;-23.177261 ;
27.400000 ;-23.297767 ;-23.178262 ;
27.500000 ;-23.292041 ;-23.177978 ;
27.600000 ;-23.285653 ;-23.177630 ;
27.700000 ;-23.294153 ;-23.178686 ;
27.800000 ;-23.302806 ;-23.179756 ;
27.900000 ;-23.287235 ;-23.178540 ;
28.000000 ;-23.282224 ;-23.178320 ;
28.100000 ;-23.301196 ;-23.180362 ;
28.200000 ;-23.307386 ;-23.181198 ;
28.300000 ;-23.286831 ;-23.179509 ;
28.400000 ;-23.290880 ;-23.180141 ;
28.500000 ;-23.310861 ;-23.182276 ;
28.600000 ;-23.298887 ;-23.181396 ;
28.700000 ;-23.293764 ;-23.181161 ;
28.800000 ;-23.304829 ;-23.182452 ;
28.900000 ;-23.300094 ;-23.182253 ;
29.000000 ;-23.295655 ;-23.182081 ;
29.100000 ;-23.302324 ;-23.182956 ;
29.200000 ;-23.301242 ;-23.183099 ;
29.300000 ;-23.294551 ;-23.182713 ;
29.400000 ;-23.299231 ;-23.183398 ;
29.500000 ;-23.307034 ;-23.184378 ;
29.600000 ;-23.295991 ;-23.183579 ;
29.700000 ;-23.289893 ;-23.183246 ;
29.800000 ;-23.303864 ;-23.184805 ;
29.900000 ;-23.313951 ;-23.185998 ;
30.000000 ;-23.293188 ;-23.184279 ;
30.100000 ;-23.290134 ;-23.184231 ;
30.200000 ;-23.313994 ;-23.186723 ;
30.300000 ;-23.312667 ;-23.186837 ;
30.400000 ;-23.296816 ;-23.185579 ;
30.500000 ;-23.306534 ;-23.186733 ;
30.600000 ;-23.313275 ;-23.187607 ;
30.700000 ;-23.302924 ;-23.186866 ;
30.800000 ;-23.305925 ;-23.187385 ;
30.900000 ;-23.310539 ;-23.188055 ;
31.000000 ;-23.303436 ;-23.187620 ;
31.100000 ;-23.304514 ;-23.187955 ;
31.200000 ;-23.311604 ;-23.188857 ;
31.300000 ;-23.305053 ;-23.188471 ;
31.400000 ;-23.299114 ;-23.188143 ;
31.500000 ;-23.308184 ;-23.189229 ;
31.600000 ;-23.317301 ;-23.190320 ;
31.700000 ;-23.300367 ;-23.188952 ;
31.800000 ;-23.293670 ;-23.188549 ;
31.900000 ;-23.314384 ;-23.190734 ;
32.000000 ;-23.324487 ;-23.191916 ;
32.100000 ;-23.301470 ;-23.189971 ;
32.200000 ;-23.303589 ;-23.190397 ;
32.300000 ;-23.325254 ;-23.192669 ;
32.400000 ;-23.313887 ;-23.191823 ;
32.500000 ;-23.308436 ;-23.191534 ;
32.600000 ;-23.318398 ;-23.192698 ;
32.700000 ;-23.313364 ;-23.192447 ;
32.800000 ;-23.309955 ;-23.192349 ;
32.900000 ;-23.316096 ;-23.193151 ;
33.000000 ;-23.313942 ;-23.193169 ;
33.100000 ;-23.308070 ;-23.192837 ;
33.200000 ;-23.313168 ;-23.193538 ;
33.300000 ;-23.320480 ;-23.194448 ;
33.400000 ;-23.308492 ;-23.193537 ;
33.500000 ;-23.301705 ;-23.193115 ;
33.600000 ;-23.316695 ;-23.194748 ;
33.700000 ;-23.329521 ;-23.196176 ;
33.800000 ;-23.306970 ;-23.194264 ;
33.900000 ;-23.300879 ;-23.193906 ;
34.000000 ;-23.326870 ;-23.196576 ;
34.100000 ;-23.329048 ;-23.196998 ;
34.200000 ;-23.311314 ;-23.195539 ;
34.300000 ;-23.319795 ;-23.196553 ;
34.400000 ;-23.326359 ;-23.197387 ;
34.500000 ;-23.316754 ;-23.196693 ;
34.600000 ;-23.319623 ;-23.197176 ;
34.700000 ;-23.322771 ;-23.197685 ;
34.800000 ;-23.316470 ;-23.197301 ;
34.900000 ;-23.318109 ;-23.197666 ;
35.000000 ;-23.324416 ;-23.198471 ;
35.100000 ;-23.317216 ;-23.198001 ;
35.200000 ;-23.311472 ;-23.197667 ;
35.300000 ;-23.320998 ;-23.198774 ;
35.400000 ;-23.330974 ;-23.199923 ;
35.500000 ;-23.312813 ;-23.198415 ;
35.600000 ;-23.303486 ;-23.197740 ;
35.700000 ;-23.325717 ;-23.200046 ;
35.800000 ;-23.341341 ;-23.201727 ;
35.900000 ;-23.315896 ;-23.199528 ;
36.000000 ;-23.315063 ;-23.199653 ;
36.100000 ;-23.338272 ;-23.202049 ;
36.200000 ;-23.327951 ;-23.201278 ;
36.300000 ;-23.321974 ;-23.200916 ;
36.400000 ;-23.330733 ;-23.201944 ;
36.500000 ;-23.325654 ;-23.201666 ;
36.600000 ;-23.323025 ;-23.201618 ;
36.700000 ;-23.328575 ;-23.202341 ;
36.800000 ;-23.325715 ;-23.202270 ;
36.900000 ;-23.320472 ;-23.201974 ;
37.000000 ;-23.325787 ;-23.202673 ;
37.100000 ;-23.332829 ;-23.203535 ;
37.200000 ;-23.320001 ;-23.202521 ;
37.300000 ;-23.312004 ;-23.201962 ;
37.400000 ;-23.327798 ;-23.203649 ;
37.500000 ;-23.344064 ;-23.205380 ;
37.600000 ;-23.320502 ;-23.203349 ;
37.700000 ;-23.310127 ;-23.202562 ;
37.800000 ;-23.337653 ;-23.205357 ;
37.900000 ;-23.344811 ;-23.206228 ;
38.000000 ;-23.324986 ;-23.204547 ;
38.100000 ;-23.331720 ;-23.205374 ;
38.200000 ;-23.338318 ;-23.206189 ;
38.300000 ;-23.329323 ;-23.205530 ;
38.400000 ;-23.331893 ;-23.205963 ;
38.500000 ;-23.333997 ;-23.206351 ;
38.600000 ;-23.328381 ;-23.206009 ;
38.700000 ;-23.330314 ;-23.206380 ;
38.800000 ;-23.335990 ;-23.207103 ;
38.900000 ;-23.328358 ;-23.206570 ;
39.000000 ;-23.322517 ;-23.206205 ;
39.100000 ;-23.332307 ;-23.207315 ;
39.200000 ;-23.343455 ;-23.208553 ;
39.300000 ;-23.324624 ;-23.206959 ;
39.400000 ;-23.311760 ;-23.205928 ;
39.500000 ;-23.334810 ;-23.208290 ;
39.600000 ;-23.356997 ;-23.210570 ;
39.700000 ;-23.330055 ;-23.208207 ;
39.800000 ;-23.325265 ;-23.207936 ;
39.900000 ;-23.349597 ;-23.210418 ;
40.000000 ;-23.344071 ;-23.210081 ;
40.100000 ;-23.339421 ;-23.209789 ;
40.200000 ;-23.338688 ;-23.209803 ;
40.300000 ;-23.339873 ;-23.209946 ;
40.400000 ;-23.342650 ;-23.210215 ;
40.500000 ;-23.346187 ;-23.210536 ;
40.600000 ;-23.350594 ;-23.210944 ;
40.700000 ;-23.355918 ;-23.211459 ;
40.800000 ;-23.361705 ;-23.212051 ;
40.900000 ;-23.368720 ;-23.212796 ;
41.000000 ;-23.376801 ;-23.213686 ;
41.100000 ;-23.384124 ;-23.214568 ;
41.200000 ;-23.393121 ;-23.215658 ;
41.300000 ;-23.405641 ;-23.217111 ;
41.400000 ;-23.418210 ;-23.218622 ;
41.500000 ;-23.415009 ;-23.218755 ;
41.600000 ;-23.417122 ;-23.219438 ;
41.700000 ;-23.445369 ;-23.222569 ;
41.800000 ;-23.490540 ;-23.227281 ;
41.900000 ;-23.513484 ;-23.229949 ;
42.000000 ;-23.511976 ;-23.230381 ;
42.100000 ;-23.533198 ;-23.232994 ;
42.200000 ;-23.554766 ;-23.235641 ;
42.300000 ;-23.573105 ;-23.237976 ;
42.400000 ;-23.598939 ;-23.241001 ;
42.500000 ;-23.621507 ;-23.243694 ;
42.600000 ;-23.644983 ;-23.246434 ;
42.700000 ;-23.678119 ;-23.250009 ;
42.800000 ;-23.712541 ;-23.253618 ;
42.900000 ;-23.728505 ;-23.255393 ;
43.000000 ;-23.753415 ;-23.257911 ;
43.100000 ;-23.806737 ;-23.262995 ;
43.200000 ;-23.863877 ;-23.268260 ;
43.300000 ;-23.874964 ;-23.268882 ;
43.400000 ;-23.895490 ;-23.270219 ;
43.500000 ;-23.968033 ;-23.276421 ;
43.600000 ;-24.029282 ;-23.281224 ;
43.700000 ;-24.048010 ;-23.281530 ;
43.800000 ;-24.096382 ;-23.284442 ;
43.900000 ;-24.150329 ;-23.287540 ;
44.000000 ;-24.189830 ;-23.288810 ;
44.100000 ;-24.241472 ;-23.290859 ;
44.200000 ;-24.293385 ;-23.292479 ;
44.300000 ;-24.340244 ;-23.293123 ;
44.400000 ;-24.396527 ;-23.294179 ;
44.500000 ;-24.457079 ;-23.295105 ;
44.600000 ;-24.503615 ;-23.294075 ;
44.700000 ;-24.554754 ;-23.292915 ;
44.800000 ;-24.625072 ;-23.293042 ;
44.900000 ;-24.696132 ;-23.292579 ;
45.000000 ;-24.735836 ;-23.288267 ;
45.100000 ;-24.786820 ;-23.284426 ;
45.200000 ;-24.872464 ;-23.283436 ;
45.300000 ;-24.949442 ;-23.280808 ;
45.400000 ;-24.989169 ;-23.273580 ;
45.500000 ;-25.053446 ;-23.268158 ;
45.600000 ;-25.136198 ;-23.263894 ;
45.700000 ;-25.190655 ;-23.255892 ;
45.800000 ;-25.251963 ;-23.247832 ;
45.900000 ;-25.325506 ;-23.240270 ;
46.000000 ;-25.386691 ;-23.230629 ;
46.100000 ;-25.449417 ;-23.220374 ;
46.200000 ;-25.522092 ;-23.210385 ;
46.300000 ;-25.589097 ;-23.199029 ;
46.400000 ;-25.646287 ;-23.185890 ;
46.500000 ;-25.715319 ;-23.173258 ;
46.600000 ;-25.794625 ;-23.160974 ;
46.700000 ;-25.857121 ;-23.146185 ;
46.800000 ;-25.906271 ;-23.129281 ;
46.900000 ;-25.978851 ;-23.114221 ;
47.000000 ;-26.068538 ;-23.100340 ;
47.100000 ;-26.127514 ;-23.082513 ;
47.200000 ;-26.173734 ;-23.062705 ;
47.300000 ;-26.249990 ;-23.045585 ;
47.400000 ;-26.333638 ;-23.028712 ;
47.500000 ;-26.382699 ;-23.007550 ;
47.600000 ;-26.442736 ;-22.987093 ;
47.700000 ;-26.517622 ;-22.967794 ;
47.800000 ;-26.575629 ;-22.946214 ;
47.900000 ;-26.632713 ;-22.924134 ;
48.000000 ;-26.700734 ;-22.902876 ;
48.100000 ;-26.763634 ;-22.880716 ;
48.200000 ;-26.815811 ;-22.857077 ;
48.300000 ;-26.877178 ;-22.834166 ;
48.400000 ;-26.946819 ;-22.811908 ;
48.500000 ;-27.002081 ;-22.787857 ;
48.600000 ;-27.046014 ;-22.762379 ;
48.700000 ;-27.107745 ;-22.738704 ;
48.800000 ;-27.183840 ;-22.716478 ;
48.900000 ;-27.237085 ;-22.691632 ;
49.000000 ;-27.270380 ;-22.664516 ;
49.100000 ;-27.330154 ;-22.640288 ;
49.200000 ;-27.409759 ;-22.618233 ;
49.300000 ;-27.455325 ;-22.592416 ;
49.400000 ;-27.492281 ;-22.565681 ;
49.500000 ;-27.553651 ;-22.541710 ;
49.600000 ;-27.613853 ;-22.517686 ;
49.700000 ;-27.652108 ;-22.491331 ;
49.800000 ;-27.701059 ;-22.466284 ;
49.900000 ;-27.758065 ;-22.442270 ;
50.000000 ;-27.799991 ;-22.416747 ;
50.100000 ;-27.842234 ;-22.391438 ;
50.200000 ;-27.894834 ;-22.367470 ;
50.300000 ;-27.945269 ;-22.343473 ;
50.400000 ;-27.978695 ;-22.317821 ;
50.500000 ;-28.018765 ;-22.293145 ;
50.600000 ;-28.074230 ;-22.270427 ;
50.700000 ;-28.126637 ;-22.247634 ;
50.800000 ;-28.149682 ;-22.221866 ;
50.900000 ;-28.180333 ;-22.197232 ;
51.000000 ;-28.239434 ;-22.176049 ;
51.100000 ;-28.299495 ;-22.155275 ;
51.200000 ;-28.317320 ;-22.130133 ;
51.300000 ;-28.344321 ;-22.106334 ;
51.400000 ;-28.400836 ;-22.086136 ;
51.500000 ;-28.445638 ;-22.064971 ;
51.600000 ;-28.466346 ;-22.041475 ;
51.700000 ;-28.503020 ;-22.020094 ;
51.800000 ;-28.548149 ;-21.999998 ;
51.900000 ;-28.574537 ;-21.978176 ;
52.000000 ;-28.604387 ;-21.957093 ;
52.100000 ;-28.644248 ;-21.937474 ;
52.200000 ;-28.677336 ;-21.917463 ;
52.300000 ;-28.699866 ;-21.896646 ;
52.400000 ;-28.731682 ;-21.877215 ;
52.500000 ;-28.773099 ;-21.859205 ;
52.600000 ;-28.802997 ;-21.840282 ;
52.700000 ;-28.814898 ;-21.819733 ;
52.800000 ;-28.842512 ;-21.801279 ;
52.900000 ;-28.891115 ;-21.785501 ;
53.000000 ;-28.929369 ;-21.768934 ;
53.100000 ;-28.930798 ;-21.748659 ;
53.200000 ;-28.949306 ;-21.730625 ;
53.300000 ;-29.000372 ;-21.716534 ;
53.400000 ;-29.037961 ;-21.701301 ;
53.500000 ;-29.041292 ;-21.682634 ;
53.600000 ;-29.064555 ;-21.666511 ;
53.700000 ;-29.104396 ;-21.652556 ;
53.800000 ;-29.120638 ;-21.636333 ;
53.900000 ;-29.136968 ;-21.620453 ;
54.000000 ;-29.165879 ;-21.606290 ;
54.100000 ;-29.189383 ;-21.591855 ;
54.200000 ;-29.203116 ;-21.576667 ;
54.300000 ;-29.225179 ;-21.562713 ;
54.400000 ;-29.254314 ;-21.549851 ;
54.500000 ;-29.271270 ;-21.535959 ;
54.600000 ;-29.278976 ;-21.521356 ;
54.700000 ;-29.300904 ;-21.508618 ;
54.800000 ;-29.336156 ;-21.497641 ;
54.900000 ;-29.357396 ;-21.485415 ;
55.000000 ;-29.350890 ;-21.470432 ;
55.100000 ;-29.364085 ;-21.457897 ;
55.200000 ;-29.408144 ;-21.449031 ;
55.300000 ;-29.441824 ;-21.439297 ;
55.400000 ;-29.431539 ;-21.425008 ;
55.500000 ;-29.440787 ;-21.413131 ;
55.600000 ;-29.479522 ;-21.404754 ;
55.700000 ;-29.496258 ;-21.394217 ;
55.800000 ;-29.497608 ;-21.382244 ;
55.900000 ;-29.516420 ;-21.372437 ;
56.000000 ;-29.537895 ;-21.363166 ;
56.100000 ;-29.543754 ;-21.352422 ;
56.200000 ;-29.556347 ;-21.342652 ;
56.300000 ;-29.577031 ;-21.334000 ;
56.400000 ;-29.588282 ;-21.324541 ;
56.500000 ;-29.592811 ;-21.314569 ;
56.600000 ;-29.607976 ;-21.305981 ;
56.700000 ;-29.631810 ;-21.298557 ;
56.800000 ;-29.642484 ;-21.289902 ;
56.900000 ;-29.634883 ;-21.279455 ;
57.000000 ;-29.645199 ;-21.271172 ;
57.100000 ;-29.679561 ;-21.265717 ;
57.200000 ;-29.705723 ;-21.259559 ;
57.300000 ;-29.688623 ;-21.248860 ;
57.400000 ;-29.686272 ;-21.239964 ;
57.500000 ;-29.722519 ;-21.235473 ;
57.600000 ;-29.752157 ;-21.230436 ;
57.700000 ;-29.738884 ;-21.220881 ;
57.800000 ;-29.744305 ;-21.213546 ;
57.900000 ;-29.769034 ;-21.208492 ;
58.000000 ;-29.772524 ;-21.201279 ;
58.100000 ;-29.774840 ;-21.194100 ;
58.200000 ;-29.789043 ;-21.188380 ;
58.300000 ;-29.799260 ;-21.182380 ;
58.400000 ;-29.800387 ;-21.175539 ;
58.500000 ;-29.809119 ;-21.169678 ;
58.600000 ;-29.825166 ;-21.164762 ;
58.700000 ;-29.831255 ;-21.158902 ;
58.800000 ;-29.825619 ;-21.151903 ;
58.900000 ;-29.833266 ;-21.146491 ;
59.000000 ;-29.857082 ;-21.142977 ;
59.100000 ;-29.873706 ;-21.138810 ;
59.200000 ;-29.855102 ;-21.130929 ;
59.300000 ;-29.847795 ;-21.124408 ;
59.400000 ;-29.878402 ;-21.122145 ;
59.500000 ;-29.915472 ;-21.120705 ;
59.600000 ;-29.899084 ;-21.113551 ;
59.700000 ;-29.887362 ;-21.107025 ;
59.800000 ;-29.911875 ;-21.104566 ;
59.900000 ;-29.929687 ;-21.101484 ;
60.000000 ;-29.919670 ;-21.095474 ;
60.100000 ;-29.924861 ;-21.091229 ;
60.200000 ;-29.938423 ;-21.088001 ;
60.300000 ;-29.936838 ;-21.083221 ;
60.400000 ;-29.939131 ;-21.078964 ;
60.500000 ;-29.950013 ;-21.075740 ;
60.600000 ;-29.955536 ;-21.072026 ;
60.700000 ;-29.951431 ;-21.067357 ;
60.800000 ;-29.955843 ;-21.063706 ;
60.900000 ;-29.971050 ;-21.061320 ;
61.000000 ;-29.980464 ;-21.058390 ;
61.100000 ;-29.964648 ;-21.052797 ;
61.200000 ;-29.958582 ;-21.048351 ;
61.300000 ;-29.981727 ;-21.047166 ;
61.400000 ;-30.012933 ;-21.046936 ;
61.500000 ;-29.999954 ;-21.041973 ;
61.600000 ;-29.975457 ;-21.035836 ;
61.700000 ;-29.993549 ;-21.034411 ;
61.800000 ;-30.032250 ;-21.035299 ;
61.900000 ;-30.020510 ;-21.030764 ;
62.000000 ;-30.009432 ;-21.026372 ;
62.100000 ;-30.024089 ;-21.024853 ;
62.200000 ;-30.029408 ;-21.022381 ;
62.300000 ;-30.023748 ;-21.018779 ;
62.400000 ;-30.029029 ;-21.016431 ;
62.500000 ;-30.036532 ;-21.014388 ;
62.600000 ;-30.032867 ;-21.011189 ;
62.700000 ;-30.033690 ;-21.008539 ;
62.800000 ;-30.043107 ;-21.006882 ;
62.900000 ;-30.049228 ;-21.004923 ;
63.000000 ;-30.038575 ;-21.001195 ;
63.100000 ;-30.034938 ;-20.998285 ;
63.200000 ;-30.050333 ;-20.997498 ;
63.300000 ;-30.070646 ;-20.997298 ;
63.400000 ;-30.058898 ;-20.993662 ;
63.500000 ;-30.032393 ;-20.988474 ;
63.600000 ;-30.043900 ;-20.987468 ;
63.700000 ;-30.086285 ;-20.989863 ;
63.800000 ;-30.091013 ;-20.988207 ;
63.900000 ;-30.061599 ;-20.982887 ;
64.000000 ;-30.067050 ;-20.981407 ;
64.100000 ;-30.093908 ;-20.982298 ;
64.200000 ;-30.083807 ;-20.979208 ;
64.300000 ;-30.078157 ;-20.976643 ;
64.400000 ;-30.087103 ;-20.975708 ;
64.500000 ;-30.086422 ;-20.973765 ;
64.600000 ;-30.082879 ;-20.971549 ;
64.700000 ;-30.087831 ;-20.970294 ;
64.800000 ;-30.093733 ;-20.969181 ;
64.900000 ;-30.087484 ;-20.966782 ;
65.000000 ;-30.084525 ;-20.964776 ;
65.100000 ;-30.093538 ;-20.964108 ;
65.200000 ;-30.105349 ;-20.963777 ;
65.300000 ;-30.094746 ;-20.961042 ;
65.400000 ;-30.074929 ;-20.957341 ;
65.500000 ;-30.083151 ;-20.956718 ;
65.600000 ;-30.116220 ;-20.958825 ;
65.700000 ;-30.128170 ;-20.958665 ;
65.800000 ;-30.091902 ;-20.953299 ;
65.900000 ;-30.083612 ;-20.951005 ;
66.000000 ;-30.120349 ;-20.953631 ;
66.100000 ;-30.134586 ;-20.953834 ;
66.200000 ;-30.111272 ;-20.949984 ;
66.300000 ;-30.112533 ;-20.948834 ;
66.400000 ;-30.125053 ;-20.948934 ;
66.500000 ;-30.116569 ;-20.946774 ;
66.600000 ;-30.115027 ;-20.945393 ;
66.700000 ;-30.121380 ;-20.944896 ;
66.800000 ;-30.118820 ;-20.943452 ;
66.900000 ;-30.114835 ;-20.941877 ;
67.000000 ;-30.119264 ;-20.941239 ;
67.100000 ;-30.126799 ;-20.940961 ;
67.200000 ;-30.119702 ;-20.939115 ;
67.300000 ;-30.107695 ;-20.936757 ;
67.400000 ;-30.113315 ;-20.936334 ;
67.500000 ;-30.134021 ;-20.937571 ;
67.600000 ;-30.141180 ;-20.937354 ;
67.700000 ;-30.108164 ;-20.932797 ;
67.800000 ;-30.094528 ;-20.930366 ;
67.900000 ;-30.127643 ;-20.933027 ;
68.000000 ;-30.165240 ;-20.936188 ;
68.100000 ;-30.137126 ;-20.932230 ;
68.200000 ;-30.118686 ;-20.929346 ;
68.300000 ;-30.140260 ;-20.930828 ;
68.400000 ;-30.147570 ;-20.930773 ;
68.500000 ;-30.133863 ;-20.928448 ;
68.600000 ;-30.135849 ;-20.927846 ;
68.700000 ;-30.140046 ;-20.927500 ;
68.800000 ;-30.133914 ;-20.926045 ;
68.900000 ;-30.133964 ;-20.925277 ;
69.000000 ;-30.139783 ;-20.925151 ;
69.100000 ;-30.137006 ;-20.924104 ;
69.200000 ;-30.129430 ;-20.922550 ;
69.300000 ;-30.132102 ;-20.922124 ;
69.400000 ;-30.143749 ;-20.922685 ;
69.500000 ;-30.145797 ;-20.922216 ;
69.600000 ;-30.121253 ;-20.918874 ;
69.700000 ;-30.111723 ;-20.917176 ;
69.800000 ;-30.136082 ;-20.919167 ;
69.900000 ;-30.168702 ;-20.922065 ;
70.000000 ;-30.149369 ;-20.919334 ;
70.100000 ;-30.115269 ;-20.915018 ;
70.200000 ;-30.131372 ;-20.916164 ;
70.300000 ;-30.172213 ;-20.920002 ;
70.400000 ;-30.155318 ;-20.917577 ;
70.500000 ;-30.140669 ;-20.915410 ;
70.600000 ;-30.151394 ;-20.916011 ;
70.700000 ;-30.150189 ;-20.915324 ;
70.800000 ;-30.143269 ;-20.914025 ;
70.900000 ;-30.146286 ;-20.913816 ;
71.000000 ;-30.148103 ;-20.913485 ;
71.100000 ;-30.142057 ;-20.912309 ;
71.200000 ;-30.141785 ;-20.911769 ;
71.300000 ;-30.148517 ;-20.911999 ;
71.400000 ;-30.149401 ;-20.911602 ;
71.500000 ;-30.134574 ;-20.909508 ;
71.600000 ;-30.129655 ;-20.908498 ;
71.700000 ;-30.144736 ;-20.909667 ;
71.800000 ;-30.163945 ;-20.911291 ;
71.900000 ;-30.154213 ;-20.909781 ;
72.000000 ;-30.142004 ;-20.908009 ;
72.100000 ;-30.149506 ;-20.908387 ;
72.200000 ;-30.156052 ;-20.908667 ;
72.300000 ;-30.146988 ;-20.907259 ;
72.400000 ;-30.146269 ;-20.906763 ;
72.500000 ;-30.152817 ;-20.907064 ;
72.600000 ;-30.148682 ;-20.906211 ;
72.700000 ;-30.142153 ;-20.905104 ;
72.800000 ;-30.146067 ;-20.905138 ;
72.900000 ;-30.155318 ;-20.905758 ;
73.000000 ;-30.148627 ;-20.904652 ;
73.100000 ;-30.132230 ;-20.902499 ;
73.200000 ;-30.135529 ;-20.902490 ;
73.300000 ;-30.157978 ;-20.904566 ;
73.400000 ;-30.166485 ;-20.905132 ;
73.500000 ;-30.135318 ;-20.901399 ;
73.600000 ;-30.124380 ;-20.899870 ;
73.700000 ;-30.154392 ;-20.902788 ;
73.800000 ;-30.177729 ;-20.904984 ;
73.900000 ;-30.150310 ;-20.901675 ;
74.000000 ;-30.142738 ;-20.900529 ;
74.100000 ;-30.161219 ;-20.902217 ;
74.200000 ;-30.157391 ;-20.901484 ;
74.300000 ;-30.148092 ;-20.900162 ;
74.400000 ;-30.152483 ;-20.900331 ;
74.500000 ;-30.154480 ;-20.900244 ;
74.600000 ;-30.147329 ;-20.899168 ;
74.700000 ;-30.147449 ;-20.898886 ;
74.800000 ;-30.154156 ;-20.899323 ;
74.900000 ;-30.151158 ;-20.898711 ;
75.000000 ;-30.140101 ;-20.897227 ;
75.100000 ;-30.141357 ;-20.897084 ;
75.200000 ;-30.155450 ;-20.898339 ;
75.300000 ;-30.160989 ;-20.898668 ;
75.400000 ;-30.135259 ;-20.895609 ;
75.500000 ;-30.122793 ;-20.893994 ;
75.600000 ;-30.146664 ;-20.896324 ;
75.700000 ;-30.178107 ;-20.899476 ;
75.800000 ;-30.156184 ;-20.896840 ;
75.900000 ;-30.131635 ;-20.893928 ;
76.000000 ;-30.149560 ;-20.895629 ;
76.100000 ;-30.173520 ;-20.897986 ;
76.200000 ;-30.153905 ;-20.895613 ;
76.300000 ;-30.148281 ;-20.894763 ;
76.400000 ;-30.158120 ;-20.895596 ;
76.500000 ;-30.152523 ;-20.894755 ;
76.600000 ;-30.147511 ;-20.893980 ;
76.700000 ;-30.151852 ;-20.894223 ;
76.800000 ;-30.153019 ;-20.894124 ;
76.900000 ;-30.145124 ;-20.893044 ;
77.000000 ;-30.144235 ;-20.892727 ;
77.100000 ;-30.152549 ;-20.893412 ;
77.200000 ;-30.155761 ;-20.893546 ;
77.300000 ;-30.137787 ;-20.891383 ;
77.400000 ;-30.128877 ;-20.890207 ;
77.500000 ;-30.145136 ;-20.891764 ;
77.600000 ;-30.169078 ;-20.894156 ;
77.700000 ;-30.154406 ;-20.892360 ;
77.800000 ;-30.121922 ;-20.888638 ;
77.900000 ;-30.131925 ;-20.889529 ;
78.000000 ;-30.173076 ;-20.893797 ;
78.100000 ;-30.167601 ;-20.893004 ;
78.200000 ;-30.142934 ;-20.890134 ;
78.300000 ;-30.150492 ;-20.890767 ;
78.400000 ;-30.162699 ;-20.891905 ;
78.500000 ;-30.150147 ;-20.890354 ;
78.600000 ;-30.148307 ;-20.889969 ;
78.700000 ;-30.153942 ;-20.890398 ;
78.800000 ;-30.148322 ;-20.889606 ;
78.900000 ;-30.144700 ;-20.889033 ;
79.000000 ;-30.149310 ;-20.889355 ;
79.100000 ;-30.152627 ;-20.889538 ;
79.200000 ;-30.141806 ;-20.888189 ;
79.300000 ;-30.135871 ;-20.887372 ;
79.400000 ;-30.145414 ;-20.888237 ;
79.500000 ;-30.159660 ;-20.889613 ;
79.600000 ;-30.147323 ;-20.888106 ;
79.700000 ;-30.117607 ;-20.884719 ;
79.800000 ;-30.122322 ;-20.885068 ;
79.900000 ;-30.161781 ;-20.889184 ;
80.000000 ;-30.179012 ;-20.890888 ;
