0.000000 ;-27.500000 ;-20.600000 ;
0.100000 ;-27.496293 ;-20.718550 ;
0.200000 ;-27.388258 ;-20.788270 ;
0.300000 ;-27.242020 ;-20.824365 ;
0.400000 ;-27.114935 ;-20.839462 ;
0.500000 ;-26.998339 ;-20.838676 ;
0.600000 ;-26.904381 ;-20.827777 ;
0.700000 ;-26.825731 ;-20.809593 ;
0.800000 ;-26.757495 ;-20.786333 ;
0.900000 ;-26.706833 ;-20.760884 ;
1.000000 ;-26.667350 ;-20.734166 ;
1.100000 ;-26.629639 ;-20.706265 ;
1.200000 ;-26.594978 ;-20.678177 ;
1.300000 ;-26.576911 ;-20.651939 ;
1.400000 ;-26.579709 ;-20.628317 ;
1.500000 ;-26.567680 ;-20.604302 ;
1.600000 ;-26.530698 ;-20.579147 ;
1.700000 ;-26.491827 ;-20.555037 ;
1.800000 ;-26.496419 ;-20.536101 ;
1.900000 ;-26.504915 ;-20.518846 ;
2.000000 ;-26.493244 ;-20.501140 ;
2.100000 ;-26.490842 ;-20.485490 ;
2.200000 ;-26.492207 ;-20.471369 ;
2.300000 ;-26.487808 ;-20.457896 ;
2.400000 ;-26.487077 ;-20.445820 ;
2.500000 ;-26.489840 ;-20.435061 ;
2.600000 ;-26.487585 ;-20.424815 ;
2.700000 ;-26.481788 ;-20.415145 ;
2.800000 ;-26.485012 ;-20.407068 ;
2.900000 ;-26.501343 ;-20.400873 ;
3.000000 ;-26.503688 ;-20.394175 ;
3.100000 ;-26.485106 ;-20.386322 ;
3.200000 ;-26.464768 ;-20.378908 ;
3.300000 ;-26.477116 ;-20.374839 ;
3.400000 ;-26.489175 ;-20.371241 ;
3.500000 ;-26.482395 ;-20.366483 ;
3.600000 ;-26.483101 ;-20.362781 ;
3.700000 ;-26.489484 ;-20.359943 ;
3.800000 ;-26.488327 ;-20.356804 ;
3.900000 ;-26.488027 ;-20.354053 ;
4.000000 ;-26.494429 ;-20.352161 ;
4.100000 ;-26.495758 ;-20.350094 ;
4.200000 ;-26.490560 ;-20.347704 ;
4.300000 ;-26.490164 ;-20.345938 ;
4.400000 ;-26.507260 ;-20.345862 ;
4.500000 ;-26.514932 ;-20.345155 ;
4.600000 ;-26.500072 ;-20.342677 ;
4.700000 ;-26.478723 ;-20.339785 ;
4.800000 ;-26.488343 ;-20.339671 ;
4.900000 ;-26.502105 ;-20.340027 ;
5.000000 ;-26.496269 ;-20.338809 ;
5.100000 ;-26.494606 ;-20.338040 ;
5.200000 ;-26.502178 ;-20.338144 ;
5.300000 ;-26.501750 ;-20.337637 ;
5.400000 ;-26.499700 ;-20.337056 ;
5.500000 ;-26.506259 ;-20.337270 ;
5.600000 ;-26.508879 ;-20.337199 ;
5.700000 ;-26.503822 ;-20.336516 ;
5.800000 ;-26.501130 ;-20.336075 ;
5.900000 ;-26.516286 ;-20.337196 ;
6.000000 ;-26.525641 ;-20.337852 ;
6.100000 ;-26.513259 ;-20.336674 ;
6.200000 ;-26.492391 ;-20.334793 ;
6.300000 ;-26.499686 ;-20.335341 ;
6.400000 ;-26.513688 ;-20.336480 ;
6.500000 ;-26.508380 ;-20.335982 ;
6.600000 ;-26.504520 ;-20.335619 ;
6.700000 ;-26.512697 ;-20.336296 ;
6.800000 ;-26.512890 ;-20.336298 ;
6.900000 ;-26.509304 ;-20.335983 ;
7.000000 ;-26.515473 ;-20.336508 ;
7.100000 ;-26.519297 ;-20.336836 ;
7.200000 ;-26.514505 ;-20.336430 ;
7.300000 ;-26.509870 ;-20.336038 ;
7.400000 ;-26.522966 ;-20.337165 ;
7.500000 ;-26.533937 ;-20.338111 ;
7.600000 ;-26.523737 ;-20.337245 ;
7.700000 ;-26.503002 ;-20.335476 ;
7.800000 ;-26.510789 ;-20.336146 ;
7.900000 ;-26.543214 ;-20.338923 ;
8.000000 ;-26.539059 ;-20.338570 ;
8.100000 ;-26.500637 ;-20.335284 ;
8.200000 ;-26.499564 ;-20.335189 ;
8.300000 ;-26.526113 ;-20.337454 ;
8.400000 ;-26.520968 ;-20.337006 ;
8.500000 ;-26.507349 ;-20.335831 ;
8.600000 ;-26.519998 ;-20.336900 ;
8.700000 ;-26.522277 ;-20.337079 ;
8.800000 ;-26.517865 ;-20.336682 ;
8.900000 ;-26.523733 ;-20.337163 ;
9.000000 ;-26.526291 ;-20.337357 ;
9.100000 ;-26.522057 ;-20.336968 ;
9.200000 ;-26.522346 ;-20.336964 ;
9.300000 ;-26.532208 ;-20.337777 ;
9.400000 ;-26.533683 ;-20.337870 ;
9.500000 ;-26.523216 ;-20.336939 ;
9.600000 ;-26.516200 ;-20.336301 ;
9.700000 ;-26.522199 ;-20.336776 ;
9.800000 ;-26.524984 ;-20.336973 ;
9.900000 ;-26.524438 ;-20.385098 ;
10.000000 ;-26.481406 ;-20.685260 ;
10.100000 ;-26.358343 ;-21.092234 ;
10.200000 ;-26.145938 ;-21.504307 ;
10.300000 ;-25.860293 ;-21.884636 ;
10.400000 ;-25.522811 ;-22.220456 ;
10.500000 ;-25.154666 ;-22.508896 ;
10.600000 ;-24.775088 ;-22.751530 ;
10.700000 ;-24.398229 ;-22.951743 ;
10.800000 ;-24.037331 ;-23.114045 ;
10.900000 ;-23.690931 ;-23.242295 ;
11.000000 ;-23.378252 ;-23.342303 ;
11.100000 ;-23.092929 ;-23.417690 ;
11.200000 ;-22.818285 ;-23.471124 ;
11.300000 ;-22.589498 ;-23.509077 ;
11.400000 ;-22.394828 ;-23.533858 ;
11.500000 ;-22.194123 ;-23.545204 ;
11.600000 ;-22.028524 ;-23.548933 ;
11.700000 ;-21.897435 ;-23.547092 ;
11.800000 ;-21.759444 ;-23.538204 ;
11.900000 ;-21.644244 ;-23.526141 ;
12.000000 ;-21.554271 ;-23.512290 ;
12.100000 ;-21.459446 ;-23.495299 ;
12.200000 ;-21.380204 ;-23.477583 ;
12.300000 ;-21.320750 ;-23.460082 ;
12.400000 ;-21.255188 ;-23.441295 ;
12.500000 ;-21.196975 ;-23.422680 ;
12.600000 ;-21.158928 ;-23.405512 ;
12.700000 ;-21.118098 ;-23.388232 ;
12.800000 ;-21.069775 ;-23.370661 ;
12.900000 ;-21.041802 ;-23.355101 ;
13.000000 ;-21.023721 ;-23.340805 ;
13.100000 ;-20.985275 ;-23.325456 ;
13.200000 ;-20.957669 ;-23.311561 ;
13.300000 ;-20.949816 ;-23.299837 ;
13.400000 ;-20.927538 ;-23.287580 ;
13.500000 ;-20.900525 ;-23.275561 ;
13.600000 ;-20.892954 ;-23.265684 ;
13.700000 ;-20.882919 ;-23.256191 ;
13.800000 ;-20.859666 ;-23.246212 ;
13.900000 ;-20.850890 ;-23.237919 ;
14.000000 ;-20.848158 ;-23.230617 ;
14.100000 ;-20.828942 ;-23.222499 ;
14.200000 ;-20.818303 ;-23.215522 ;
14.300000 ;-20.819951 ;-23.209952 ;
14.400000 ;-20.807948 ;-23.203713 ;
14.500000 ;-20.792661 ;-23.197602 ;
14.600000 ;-20.794377 ;-23.193198 ;
14.700000 ;-20.795505 ;-23.189085 ;
14.800000 ;-20.776731 ;-23.183718 ;
14.900000 ;-20.771681 ;-23.179732 ;
15.000000 ;-20.781072 ;-23.177165 ;
15.100000 ;-20.769867 ;-23.173227 ;
15.200000 ;-20.757362 ;-23.169429 ;
15.300000 ;-20.764030 ;-23.167368 ;
15.400000 ;-20.763251 ;-23.164927 ;
15.500000 ;-20.749331 ;-23.161643 ;
15.600000 ;-20.750662 ;-23.159742 ;
15.700000 ;-20.755261 ;-23.158266 ;
15.800000 ;-20.742839 ;-23.155602 ;
15.900000 ;-20.740147 ;-23.153849 ;
16.000000 ;-20.747239 ;-23.153000 ;
16.100000 ;-20.738664 ;-23.151039 ;
16.200000 ;-20.730781 ;-23.149247 ;
16.300000 ;-20.737908 ;-23.148744 ;
16.400000 ;-20.739244 ;-23.147881 ;
16.500000 ;-20.725182 ;-23.145897 ;
16.600000 ;-20.726527 ;-23.145209 ;
16.700000 ;-20.738398 ;-23.145428 ;
16.800000 ;-20.727423 ;-23.143918 ;
16.900000 ;-20.719045 ;-23.142679 ;
17.000000 ;-20.730183 ;-23.143037 ;
17.100000 ;-20.730572 ;-23.142605 ;
17.200000 ;-20.718197 ;-23.141219 ;
17.300000 ;-20.722755 ;-23.141214 ;
17.400000 ;-20.729261 ;-23.141407 ;
17.500000 ;-20.718153 ;-23.140253 ;
17.600000 ;-20.717928 ;-23.139993 ;
17.700000 ;-20.726158 ;-23.140433 ;
17.800000 ;-20.717972 ;-23.139613 ;
17.900000 ;-20.713384 ;-23.139104 ;
18.000000 ;-20.721873 ;-23.139651 ;
18.100000 ;-20.720813 ;-23.139472 ;
18.200000 ;-20.709842 ;-23.138535 ;
18.300000 ;-20.714662 ;-23.138862 ;
18.400000 ;-20.725248 ;-23.139660 ;
18.500000 ;-20.712884 ;-23.138672 ;
18.600000 ;-20.707774 ;-23.138270 ;
18.700000 ;-20.721322 ;-23.139350 ;
18.800000 ;-20.720334 ;-23.139301 ;
18.900000 ;-20.708195 ;-23.138386 ;
19.000000 ;-20.715075 ;-23.138979 ;
19.100000 ;-20.722560 ;-23.139630 ;
19.200000 ;-20.711143 ;-23.138805 ;
19.300000 ;-20.712081 ;-23.138959 ;
19.400000 ;-20.720938 ;-23.139744 ;
19.500000 ;-20.712593 ;-23.139184 ;
19.600000 ;-20.709798 ;-23.139067 ;
19.700000 ;-20.718517 ;-23.139861 ;
19.800000 ;-20.715226 ;-23.139717 ;
19.900000 ;-20.707120 ;-23.139200 ;
20.000000 ;-20.713923 ;-23.139858 ;
20.100000 ;-20.721284 ;-23.140566 ;
20.200000 ;-20.708404 ;-23.139686 ;
20.300000 ;-20.706938 ;-23.139707 ;
20.400000 ;-20.721335 ;-23.140977 ;
20.500000 ;-20.717267 ;-23.140800 ;
20.600000 ;-20.705781 ;-23.140042 ;
20.700000 ;-20.715195 ;-23.140930 ;
20.800000 ;-20.722977 ;-23.141691 ;
20.900000 ;-20.710452 ;-23.140859 ;
21.000000 ;-20.712291 ;-23.141156 ;
21.100000 ;-20.722164 ;-23.142088 ;
21.200000 ;-20.713281 ;-23.141546 ;
21.300000 ;-20.711355 ;-23.141553 ;
21.400000 ;-20.720133 ;-23.142402 ;
21.500000 ;-20.715400 ;-23.142190 ;
21.600000 ;-20.709630 ;-23.141899 ;
21.700000 ;-20.717266 ;-23.142661 ;
21.800000 ;-20.720675 ;-23.143091 ;
21.900000 ;-20.709062 ;-23.142343 ;
22.000000 ;-20.711113 ;-23.142668 ;
22.100000 ;-20.724448 ;-23.143881 ;
22.200000 ;-20.716528 ;-23.143424 ;
22.300000 ;-20.707075 ;-23.142848 ;
22.400000 ;-20.719156 ;-23.143963 ;
22.500000 ;-20.725798 ;-23.144652 ;
22.600000 ;-20.711914 ;-23.143729 ;
22.700000 ;-20.715021 ;-23.144140 ;
22.800000 ;-20.726482 ;-23.145208 ;
22.900000 ;-20.716534 ;-23.144594 ;
23.000000 ;-20.714849 ;-23.144630 ;
23.100000 ;-20.724081 ;-23.145523 ;
23.200000 ;-20.718511 ;-23.145254 ;
23.300000 ;-20.714219 ;-23.145085 ;
23.400000 ;-20.722014 ;-23.145865 ;
23.500000 ;-20.722141 ;-23.146043 ;
23.600000 ;-20.712879 ;-23.145484 ;
23.700000 ;-20.717492 ;-23.146014 ;
23.800000 ;-20.727978 ;-23.147006 ;
23.900000 ;-20.717036 ;-23.146315 ;
24.000000 ;-20.711200 ;-23.146024 ;
24.100000 ;-20.725209 ;-23.147293 ;
24.200000 ;-20.728531 ;-23.147722 ;
24.300000 ;-20.713835 ;-23.146735 ;
24.400000 ;-20.719114 ;-23.147318 ;
24.500000 ;-20.732272 ;-23.148519 ;
24.600000 ;-20.720622 ;-23.147772 ;
24.700000 ;-20.718869 ;-23.147801 ;
24.800000 ;-20.729361 ;-23.148793 ;
24.900000 ;-20.723155 ;-23.148473 ;
25.000000 ;-20.719398 ;-23.148344 ;
25.100000 ;-20.727236 ;-23.149127 ;
25.200000 ;-20.725318 ;-23.149142 ;
25.300000 ;-20.718376 ;-23.148764 ;
25.400000 ;-20.724288 ;-23.149394 ;
25.500000 ;-20.730913 ;-23.150080 ;
25.600000 ;-20.719284 ;-23.149333 ;
25.700000 ;-20.717740 ;-23.149377 ;
25.800000 ;-20.731838 ;-23.150650 ;
25.900000 ;-20.729977 ;-23.150669 ;
26.000000 ;-20.716120 ;-23.149745 ;
26.100000 ;-20.724573 ;-23.150574 ;
26.200000 ;-20.738277 ;-23.151816 ;
26.300000 ;-20.724333 ;-23.150885 ;
26.400000 ;-20.722746 ;-23.150924 ;
26.500000 ;-20.735523 ;-23.152092 ;
26.600000 ;-20.728561 ;-23.151709 ;
26.700000 ;-20.724448 ;-23.151549 ;
26.800000 ;-20.732708 ;-23.152361 ;
26.900000 ;-20.729814 ;-23.152296 ;
27.000000 ;-20.724360 ;-23.152031 ;
27.100000 ;-20.730656 ;-23.152687 ;
27.200000 ;-20.733561 ;-23.153077 ;
27.300000 ;-20.723594 ;-23.152456 ;
27.400000 ;-20.725568 ;-23.152773 ;
27.500000 ;-20.737600 ;-23.153879 ;
27.600000 ;-20.730468 ;-23.153480 ;
27.700000 ;-20.719887 ;-23.152810 ;
27.800000 ;-20.731601 ;-23.153890 ;
27.900000 ;-20.743018 ;-23.154948 ;
28.000000 ;-20.726752 ;-23.153830 ;
28.100000 ;-20.726443 ;-23.153965 ;
28.200000 ;-20.742260 ;-23.155367 ;
28.300000 ;-20.734133 ;-23.154888 ;
28.400000 ;-20.728917 ;-23.154637 ;
28.500000 ;-20.738414 ;-23.155542 ;
28.600000 ;-20.735225 ;-23.155449 ;
28.700000 ;-20.730126 ;-23.155207 ;
28.800000 ;-20.736477 ;-23.155863 ;
28.900000 ;-20.736978 ;-23.156060 ;
29.000000 ;-20.729294 ;-23.155613 ;
29.100000 ;-20.733237 ;-23.156079 ;
29.200000 ;-20.741854 ;-23.156912 ;
29.300000 ;-20.731691 ;-23.156270 ;
29.400000 ;-20.726111 ;-23.155987 ;
29.500000 ;-20.739466 ;-23.157192 ;
29.600000 ;-20.745153 ;-23.157794 ;
29.700000 ;-20.727968 ;-23.156598 ;
29.800000 ;-20.730821 ;-23.156977 ;
29.900000 ;-20.749181 ;-23.158574 ;
30.000000 ;-20.738959 ;-23.157925 ;
30.100000 ;-20.732383 ;-23.157562 ;
30.200000 ;-20.744308 ;-23.158651 ;
30.300000 ;-20.741333 ;-23.158571 ;
30.400000 ;-20.735353 ;-23.158254 ;
30.500000 ;-20.741933 ;-23.158922 ;
30.600000 ;-20.741462 ;-23.159037 ;
30.700000 ;-20.735323 ;-23.158707 ;
30.800000 ;-20.739942 ;-23.159220 ;
30.900000 ;-20.744993 ;-23.159768 ;
31.000000 ;-20.735046 ;-23.159137 ;
31.100000 ;-20.734110 ;-23.159213 ;
31.200000 ;-20.746496 ;-23.160336 ;
31.300000 ;-20.744954 ;-23.160364 ;
31.400000 ;-20.729817 ;-23.159324 ;
31.500000 ;-20.737210 ;-23.160054 ;
31.600000 ;-20.755362 ;-23.161628 ;
31.700000 ;-20.741679 ;-23.160702 ;
31.800000 ;-20.734702 ;-23.160301 ;
31.900000 ;-20.750354 ;-23.161678 ;
32.000000 ;-20.747933 ;-23.161636 ;
32.100000 ;-20.739777 ;-23.161142 ;
32.200000 ;-20.747147 ;-23.161867 ;
32.300000 ;-20.746908 ;-23.161994 ;
32.400000 ;-20.741017 ;-23.161677 ;
32.500000 ;-20.745678 ;-23.162188 ;
32.600000 ;-20.748155 ;-23.162527 ;
32.700000 ;-20.740206 ;-23.162047 ;
32.800000 ;-20.742071 ;-23.162338 ;
32.900000 ;-20.751608 ;-23.163230 ;
33.000000 ;-20.744488 ;-23.162815 ;
33.100000 ;-20.734592 ;-23.162180 ;
33.200000 ;-20.745597 ;-23.163188 ;
33.300000 ;-20.759067 ;-23.164388 ;
33.400000 ;-20.741625 ;-23.163160 ;
33.500000 ;-20.736919 ;-23.162932 ;
33.600000 ;-20.756772 ;-23.164633 ;
33.700000 ;-20.754172 ;-23.164571 ;
33.800000 ;-20.742866 ;-23.163823 ;
33.900000 ;-20.751995 ;-23.164680 ;
34.000000 ;-20.753377 ;-23.164929 ;
34.100000 ;-20.746190 ;-23.164504 ;
34.200000 ;-20.750736 ;-23.165000 ;
34.300000 ;-20.752292 ;-23.165261 ;
34.400000 ;-20.745913 ;-23.164899 ;
34.500000 ;-20.748819 ;-23.165265 ;
34.600000 ;-20.755169 ;-23.165901 ;
34.700000 ;-20.746297 ;-23.165342 ;
34.800000 ;-20.742215 ;-23.165158 ;
34.900000 ;-20.753808 ;-23.166205 ;
35.000000 ;-20.759084 ;-23.166756 ;
35.100000 ;-20.740800 ;-23.165455 ;
35.200000 ;-20.741548 ;-23.165649 ;
35.300000 ;-20.763558 ;-23.167514 ;
35.400000 ;-20.757949 ;-23.167209 ;
35.500000 ;-20.743928 ;-23.166242 ;
35.600000 ;-20.756321 ;-23.167349 ;
35.700000 ;-20.761038 ;-23.167855 ;
35.800000 ;-20.750754 ;-23.167180 ;
35.900000 ;-20.755224 ;-23.167664 ;
36.000000 ;-20.757554 ;-23.167980 ;
36.100000 ;-20.751372 ;-23.167627 ;
36.200000 ;-20.754308 ;-23.167989 ;
36.300000 ;-20.758267 ;-23.168432 ;
36.400000 ;-20.750585 ;-23.167960 ;
36.500000 ;-20.750295 ;-23.168068 ;
36.600000 ;-20.759848 ;-23.168948 ;
36.700000 ;-20.757197 ;-23.168870 ;
36.800000 ;-20.743155 ;-23.167897 ;
36.900000 ;-20.749904 ;-23.168556 ;
37.000000 ;-20.769070 ;-23.170191 ;
37.100000 ;-20.757218 ;-23.169389 ;
37.200000 ;-20.743539 ;-23.168442 ;
37.300000 ;-20.760863 ;-23.169932 ;
37.400000 ;-20.769169 ;-23.170714 ;
37.500000 ;-20.754147 ;-23.169661 ;
37.600000 ;-20.758772 ;-23.170151 ;
37.700000 ;-20.764249 ;-23.170708 ;
37.800000 ;-20.756528 ;-23.170228 ;
37.900000 ;-20.758910 ;-23.170541 ;
38.000000 ;-20.762037 ;-23.170912 ;
38.100000 ;-20.755819 ;-23.170549 ;
38.200000 ;-20.757024 ;-23.170769 ;
38.300000 ;-20.763837 ;-23.171428 ;
38.400000 ;-20.757200 ;-23.171031 ;
38.500000 ;-20.749847 ;-23.170577 ;
38.600000 ;-20.759384 ;-23.171450 ;
38.700000 ;-20.770910 ;-23.172478 ;
38.800000 ;-20.753466 ;-23.171230 ;
38.900000 ;-20.745309 ;-23.170712 ;
39.000000 ;-20.767203 ;-23.172555 ;
39.100000 ;-20.774808 ;-23.173275 ;
39.200000 ;-20.754881 ;-23.171831 ;
39.300000 ;-20.760769 ;-23.172414 ;
39.400000 ;-20.772953 ;-23.173493 ;
39.500000 ;-20.761623 ;-23.172724 ;
39.600000 ;-20.762731 ;-23.172931 ;
39.700000 ;-20.767080 ;-23.173392 ;
39.800000 ;-20.764564 ;-23.173314 ;
39.900000 ;-20.763826 ;-23.173375 ;
40.000000 ;-20.763686 ;-23.173482 ;
40.100000 ;-20.764059 ;-23.173604 ;
40.200000 ;-20.765016 ;-23.173740 ;
40.300000 ;-20.766600 ;-23.173897 ;
40.400000 ;-20.768723 ;-23.174086 ;
40.500000 ;-20.771436 ;-23.174320 ;
40.600000 ;-20.774747 ;-23.174616 ;
40.700000 ;-20.778611 ;-23.174982 ;
40.800000 ;-20.782904 ;-23.175416 ;
40.900000 ;-20.788174 ;-23.175966 ;
41.000000 ;-20.793971 ;-23.176604 ;
41.100000 ;-20.799070 ;-23.177246 ;
41.200000 ;-20.806288 ;-23.178099 ;
41.300000 ;-20.816027 ;-23.179190 ;
41.400000 ;-20.822820 ;-23.180112 ;
41.500000 ;-20.815827 ;-23.180037 ;
41.600000 ;-20.821478 ;-23.180990 ;
41.700000 ;-20.850865 ;-23.183813 ;
41.800000 ;-20.887578 ;-23.187231 ;
41.900000 ;-20.892825 ;-23.188243 ;
42.000000 ;-20.894092 ;-23.188991 ;
42.100000 ;-20.914463 ;-23.191274 ;
42.200000 ;-20.926450 ;-23.192909 ;
42.300000 ;-20.942386 ;-23.194862 ;
42.400000 ;-20.962018 ;-23.197100 ;
42.500000 ;-20.977027 ;-23.198969 ;
42.600000 ;-20.997995 ;-23.201272 ;
42.700000 ;-21.025931 ;-23.204069 ;
42.800000 ;-21.044871 ;-23.206103 ;
42.900000 ;-21.053785 ;-23.207277 ;
43.000000 ;-21.085390 ;-23.210152 ;
43.100000 ;-21.136337 ;-23.214435 ;
43.200000 ;-21.163860 ;-23.216707 ;
43.300000 ;-21.180168 ;-23.217928 ;
43.400000 ;-21.217486 ;-23.220656 ;
43.500000 ;-21.249095 ;-23.222706 ;
43.600000 ;-21.278576 ;-23.224342 ;
43.700000 ;-21.316966 ;-23.226424 ;
43.800000 ;-21.350610 ;-23.227825 ;
43.900000 ;-21.384237 ;-23.228900 ;
44.000000 ;-21.428209 ;-23.230439 ;
44.100000 ;-21.472075 ;-23.231572 ;
44.200000 ;-21.499847 ;-23.230984 ;
44.300000 ;-21.539785 ;-23.230937 ;
44.400000 ;-21.600740 ;-23.232114 ;
44.500000 ;-21.651280 ;-23.231909 ;
44.600000 ;-21.673090 ;-23.228783 ;
44.700000 ;-21.721761 ;-23.227320 ;
44.800000 ;-21.796264 ;-23.227401 ;
44.900000 ;-21.835876 ;-23.223921 ;
45.000000 ;-21.874154 ;-23.219669 ;
45.100000 ;-21.936143 ;-23.216725 ;
45.200000 ;-21.985010 ;-23.211960 ;
45.300000 ;-22.031092 ;-23.206229 ;
45.400000 ;-22.088816 ;-23.200726 ;
45.500000 ;-22.140083 ;-23.193905 ;
45.600000 ;-22.189072 ;-23.186111 ;
45.700000 ;-22.248114 ;-23.178364 ;
45.800000 ;-22.306384 ;-23.169737 ;
45.900000 ;-22.350919 ;-23.159133 ;
46.000000 ;-22.405561 ;-23.148569 ;
46.100000 ;-22.474810 ;-23.138418 ;
46.200000 ;-22.531920 ;-23.126396 ;
46.300000 ;-22.569569 ;-23.111878 ;
46.400000 ;-22.629693 ;-23.098487 ;
46.500000 ;-22.708871 ;-23.085930 ;
46.600000 ;-22.758026 ;-23.069956 ;
46.700000 ;-22.800791 ;-23.052637 ;
46.800000 ;-22.869254 ;-23.036785 ;
46.900000 ;-22.932302 ;-23.019693 ;
47.000000 ;-22.977525 ;-23.000297 ;
47.100000 ;-23.036515 ;-22.981383 ;
47.200000 ;-23.098263 ;-22.962005 ;
47.300000 ;-23.146697 ;-22.940782 ;
47.400000 ;-23.202476 ;-22.919548 ;
47.500000 ;-23.264871 ;-22.898263 ;
47.600000 ;-23.314631 ;-22.875268 ;
47.700000 ;-23.363122 ;-22.851592 ;
47.800000 ;-23.424653 ;-22.828517 ;
47.900000 ;-23.487397 ;-22.805032 ;
48.000000 ;-23.527496 ;-22.779069 ;
48.100000 ;-23.573029 ;-22.753139 ;
48.200000 ;-23.640940 ;-22.728771 ;
48.300000 ;-23.705492 ;-22.703714 ;
48.400000 ;-23.737656 ;-22.675430 ;
48.500000 ;-23.784443 ;-22.648127 ;
48.600000 ;-23.854439 ;-22.622597 ;
48.700000 ;-23.903376 ;-22.594934 ;
48.800000 ;-23.940484 ;-22.565992 ;
48.900000 ;-23.995641 ;-22.538463 ;
49.000000 ;-24.049747 ;-22.510674 ;
49.100000 ;-24.088501 ;-22.481386 ;
49.200000 ;-24.136324 ;-22.452799 ;
49.300000 ;-24.189853 ;-22.424643 ;
49.400000 ;-24.229471 ;-22.395202 ;
49.500000 ;-24.270398 ;-22.365858 ;
49.600000 ;-24.322150 ;-22.337480 ;
49.700000 ;-24.371065 ;-22.308880 ;
49.800000 ;-24.401643 ;-22.278708 ;
49.900000 ;-24.440856 ;-22.249384 ;
50.000000 ;-24.497315 ;-22.221693 ;
50.100000 ;-24.546653 ;-22.193492 ;
50.200000 ;-24.567701 ;-22.162921 ;
50.300000 ;-24.603842 ;-22.133859 ;
50.400000 ;-24.664492 ;-22.107159 ;
50.500000 ;-24.707679 ;-22.079106 ;
50.600000 ;-24.728112 ;-22.049249 ;
50.700000 ;-24.769165 ;-22.021459 ;
50.800000 ;-24.820553 ;-21.994837 ;
50.900000 ;-24.847052 ;-21.966266 ;
51.000000 ;-24.878781 ;-21.938435 ;
51.100000 ;-24.922097 ;-21.911921 ;
51.200000 ;-24.954432 ;-21.884732 ;
51.300000 ;-24.982151 ;-21.857444 ;
51.400000 ;-25.019777 ;-21.831353 ;
51.500000 ;-25.058798 ;-21.805712 ;
51.600000 ;-25.081928 ;-21.779003 ;
51.700000 ;-25.108766 ;-21.752965 ;
51.800000 ;-25.149662 ;-21.728519 ;
51.900000 ;-25.189235 ;-21.704311 ;
52.000000 ;-25.203255 ;-21.678206 ;
52.100000 ;-25.223907 ;-21.653054 ;
52.200000 ;-25.269438 ;-21.630467 ;
52.300000 ;-25.314104 ;-21.608176 ;
52.400000 ;-25.321956 ;-21.583010 ;
52.500000 ;-25.341146 ;-21.559223 ;
52.600000 ;-25.386739 ;-21.538143 ;
52.700000 ;-25.417181 ;-21.516107 ;
52.800000 ;-25.428890 ;-21.492801 ;
52.900000 ;-25.457305 ;-21.471347 ;
53.000000 ;-25.490887 ;-21.450729 ;
53.100000 ;-25.506666 ;-21.428924 ;
53.200000 ;-25.528595 ;-21.408040 ;
53.300000 ;-25.559136 ;-21.388290 ;
53.400000 ;-25.579585 ;-21.368031 ;
53.500000 ;-25.594849 ;-21.347691 ;
53.600000 ;-25.620652 ;-21.328649 ;
53.700000 ;-25.651638 ;-21.310430 ;
53.800000 ;-25.665298 ;-21.291061 ;
53.900000 ;-25.673822 ;-21.271607 ;
54.000000 ;-25.701548 ;-21.254196 ;
54.100000 ;-25.740227 ;-21.238102 ;
54.200000 ;-25.752215 ;-21.220026 ;
54.300000 ;-25.750976 ;-21.201144 ;
54.400000 ;-25.778351 ;-21.185114 ;
54.500000 ;-25.821755 ;-21.170829 ;
54.600000 ;-25.828508 ;-21.153678 ;
54.700000 ;-25.833020 ;-21.136668 ;
54.800000 ;-25.861529 ;-21.122085 ;
54.900000 ;-25.884173 ;-21.107318 ;
55.000000 ;-25.890011 ;-21.091405 ;
55.100000 ;-25.907473 ;-21.076826 ;
55.200000 ;-25.930163 ;-21.063016 ;
55.300000 ;-25.938928 ;-21.048302 ;
55.400000 ;-25.951221 ;-21.034199 ;
55.500000 ;-25.972711 ;-21.021199 ;
55.600000 ;-25.989206 ;-21.008058 ;
55.700000 ;-25.992460 ;-20.994057 ;
55.800000 ;-26.005122 ;-20.981161 ;
55.900000 ;-26.031464 ;-20.969737 ;
56.000000 ;-26.050786 ;-20.957979 ;
56.100000 ;-26.043579 ;-20.944187 ;
56.200000 ;-26.049768 ;-20.931829 ;
56.300000 ;-26.083718 ;-20.922147 ;
56.400000 ;-26.112157 ;-20.912244 ;
56.500000 ;-26.100539 ;-20.899115 ;
56.600000 ;-26.105188 ;-20.887650 ;
56.700000 ;-26.137732 ;-20.878853 ;
56.800000 ;-26.150408 ;-20.868572 ;
56.900000 ;-26.148038 ;-20.857221 ;
57.000000 ;-26.162948 ;-20.847602 ;
57.100000 ;-26.179636 ;-20.838365 ;
57.200000 ;-26.181762 ;-20.828089 ;
57.300000 ;-26.191272 ;-20.818672 ;
57.400000 ;-26.207674 ;-20.810068 ;
57.500000 ;-26.213286 ;-20.800740 ;
57.600000 ;-26.216244 ;-20.791390 ;
57.700000 ;-26.229955 ;-20.783174 ;
57.800000 ;-26.248187 ;-20.775548 ;
57.900000 ;-26.248563 ;-20.766572 ;
58.000000 ;-26.243352 ;-20.757306 ;
58.100000 ;-26.259110 ;-20.750040 ;
58.200000 ;-26.288754 ;-20.744159 ;
58.300000 ;-26.292483 ;-20.736217 ;
58.400000 ;-26.275327 ;-20.726646 ;
58.500000 ;-26.288395 ;-20.719862 ;
58.600000 ;-26.324929 ;-20.715276 ;
58.700000 ;-26.325500 ;-20.707747 ;
58.800000 ;-26.316276 ;-20.699533 ;
58.900000 ;-26.332158 ;-20.693649 ;
59.000000 ;-26.346586 ;-20.687796 ;
59.100000 ;-26.342852 ;-20.680526 ;
59.200000 ;-26.349658 ;-20.674315 ;
59.300000 ;-26.362235 ;-20.668750 ;
59.400000 ;-26.362458 ;-20.662261 ;
59.500000 ;-26.365515 ;-20.656158 ;
59.600000 ;-26.377372 ;-20.650951 ;
59.700000 ;-26.385975 ;-20.645598 ;
59.800000 ;-26.380454 ;-20.639160 ;
59.900000 ;-26.382869 ;-20.633534 ;
60.000000 ;-26.400476 ;-20.629345 ;
60.100000 ;-26.416055 ;-20.625104 ;
60.200000 ;-26.401586 ;-20.618394 ;
60.300000 ;-26.392700 ;-20.612284 ;
60.400000 ;-26.416528 ;-20.609110 ;
60.500000 ;-26.447911 ;-20.606701 ;
60.600000 ;-26.433030 ;-20.600414 ;
60.700000 ;-26.421409 ;-20.594517 ;
60.800000 ;-26.443558 ;-20.591638 ;
60.900000 ;-26.458718 ;-20.588260 ;
61.000000 ;-26.447863 ;-20.582741 ;
61.100000 ;-26.452402 ;-20.578648 ;
61.200000 ;-26.463984 ;-20.575259 ;
61.300000 ;-26.460767 ;-20.570691 ;
61.400000 ;-26.462747 ;-20.566664 ;
61.500000 ;-26.472284 ;-20.563377 ;
61.600000 ;-26.473977 ;-20.559505 ;
61.700000 ;-26.470404 ;-20.555268 ;
61.800000 ;-26.476498 ;-20.551947 ;
61.900000 ;-26.489624 ;-20.549314 ;
62.000000 ;-26.489354 ;-20.545611 ;
62.100000 ;-26.474965 ;-20.540774 ;
62.200000 ;-26.479556 ;-20.537647 ;
62.300000 ;-26.505394 ;-20.536424 ;
62.400000 ;-26.518104 ;-20.534146 ;
62.500000 ;-26.491949 ;-20.528599 ;
62.600000 ;-26.487330 ;-20.524977 ;
62.700000 ;-26.519371 ;-20.524578 ;
62.800000 ;-26.532545 ;-20.522624 ;
62.900000 ;-26.513240 ;-20.517942 ;
63.000000 ;-26.517085 ;-20.515318 ;
63.100000 ;-26.532370 ;-20.513741 ;
63.200000 ;-26.525310 ;-20.510305 ;
63.300000 ;-26.525025 ;-20.507513 ;
63.400000 ;-26.533228 ;-20.505510 ;
63.500000 ;-26.531848 ;-20.502742 ;
63.600000 ;-26.529739 ;-20.499968 ;
63.700000 ;-26.536063 ;-20.497975 ;
63.800000 ;-26.543305 ;-20.496115 ;
63.900000 ;-26.535793 ;-20.493042 ;
64.000000 ;-26.530628 ;-20.490223 ;
64.100000 ;-26.541668 ;-20.488846 ;
64.200000 ;-26.558658 ;-20.488031 ;
64.300000 ;-26.549600 ;-20.485027 ;
64.400000 ;-26.527083 ;-20.480916 ;
64.500000 ;-26.537293 ;-20.479663 ;
64.600000 ;-26.573163 ;-20.480659 ;
64.700000 ;-26.573650 ;-20.478660 ;
64.800000 ;-26.547760 ;-20.474440 ;
64.900000 ;-26.555766 ;-20.473174 ;
65.000000 ;-26.580011 ;-20.473346 ;
65.100000 ;-26.568035 ;-20.470447 ;
65.200000 ;-26.563908 ;-20.468261 ;
65.300000 ;-26.572903 ;-20.467241 ;
65.400000 ;-26.570065 ;-20.465244 ;
65.500000 ;-26.567467 ;-20.463304 ;
65.600000 ;-26.572991 ;-20.462098 ;
65.700000 ;-26.575561 ;-20.460674 ;
65.800000 ;-26.569156 ;-20.458514 ;
65.900000 ;-26.569771 ;-20.456992 ;
66.000000 ;-26.579836 ;-20.456313 ;
66.100000 ;-26.584568 ;-20.455210 ;
66.200000 ;-26.567065 ;-20.452231 ;
66.300000 ;-26.560075 ;-20.450186 ;
66.400000 ;-26.579864 ;-20.450469 ;
66.500000 ;-26.604340 ;-20.451183 ;
66.600000 ;-26.585215 ;-20.448185 ;
66.700000 ;-26.561642 ;-20.444835 ;
66.800000 ;-26.581406 ;-20.445233 ;
66.900000 ;-26.613904 ;-20.446751 ;
67.000000 ;-26.594702 ;-20.443857 ;
67.100000 ;-26.585573 ;-20.441854 ;
67.200000 ;-26.599234 ;-20.441832 ;
67.300000 ;-26.596354 ;-20.440416 ;
67.400000 ;-26.591022 ;-20.438813 ;
67.500000 ;-26.595840 ;-20.438105 ;
67.600000 ;-26.596444 ;-20.437059 ;
67.700000 ;-26.591642 ;-20.435572 ;
67.800000 ;-26.593919 ;-20.434714 ;
67.900000 ;-26.600808 ;-20.434273 ;
68.000000 ;-26.596466 ;-20.432891 ;
68.100000 ;-26.586031 ;-20.431007 ;
68.200000 ;-26.590141 ;-20.430391 ;
68.300000 ;-26.607083 ;-20.430895 ;
68.400000 ;-26.611160 ;-20.430315 ;
68.500000 ;-26.582548 ;-20.426951 ;
68.600000 ;-26.574849 ;-20.425401 ;
68.700000 ;-26.606395 ;-20.427234 ;
68.800000 ;-26.633017 ;-20.428662 ;
68.900000 ;-26.603334 ;-20.425277 ;
69.000000 ;-26.592661 ;-20.423541 ;
69.100000 ;-26.616759 ;-20.424806 ;
69.200000 ;-26.616712 ;-20.424015 ;
69.300000 ;-26.605354 ;-20.422269 ;
69.400000 ;-26.609946 ;-20.421906 ;
69.500000 ;-26.611010 ;-20.421256 ;
69.600000 ;-26.605716 ;-20.420075 ;
69.700000 ;-26.607816 ;-20.419543 ;
69.800000 ;-26.612209 ;-20.419221 ;
69.900000 ;-26.606195 ;-20.418021 ;
70.000000 ;-26.602498 ;-20.417034 ;
70.100000 ;-26.609122 ;-20.416945 ;
70.200000 ;-26.617682 ;-20.417034 ;
70.300000 ;-26.605669 ;-20.415373 ;
70.400000 ;-26.588533 ;-20.413285 ;
70.500000 ;-26.597870 ;-20.413479 ;
70.600000 ;-26.626907 ;-20.415374 ;
70.700000 ;-26.629636 ;-20.415024 ;
70.800000 ;-26.594250 ;-20.411418 ;
70.900000 ;-26.593231 ;-20.410772 ;
71.000000 ;-26.630924 ;-20.413457 ;
71.100000 ;-26.632315 ;-20.413038 ;
71.200000 ;-26.611596 ;-20.410732 ;
71.300000 ;-26.617404 ;-20.410712 ;
71.400000 ;-26.623297 ;-20.410709 ;
71.500000 ;-26.614752 ;-20.409477 ;
71.600000 ;-26.615592 ;-20.409060 ;
71.700000 ;-26.619072 ;-20.408877 ;
71.800000 ;-26.613673 ;-20.407943 ;
71.900000 ;-26.612488 ;-20.407379 ;
72.000000 ;-26.618137 ;-20.407410 ;
72.100000 ;-26.619176 ;-20.407053 ;
72.200000 ;-26.606930 ;-20.405567 ;
72.300000 ;-26.603775 ;-20.404868 ;
72.400000 ;-26.617278 ;-20.405605 ;
72.500000 ;-26.631278 ;-20.406392 ;
72.600000 ;-26.611252 ;-20.404270 ;
72.700000 ;-26.586416 ;-20.401744 ;
72.800000 ;-26.603355 ;-20.402807 ;
72.900000 ;-26.644211 ;-20.405927 ;
73.000000 ;-26.634619 ;-20.404728 ;
73.100000 ;-26.606458 ;-20.401943 ;
73.200000 ;-26.618447 ;-20.402610 ;
73.300000 ;-26.637121 ;-20.403857 ;
73.400000 ;-26.621513 ;-20.402169 ;
73.500000 ;-26.619431 ;-20.401647 ;
73.600000 ;-26.624722 ;-20.401763 ;
73.700000 ;-26.618705 ;-20.400915 ;
73.800000 ;-26.617431 ;-20.400480 ;
73.900000 ;-26.621983 ;-20.400550 ;
74.000000 ;-26.619406 ;-20.400014 ;
74.100000 ;-26.612803 ;-20.399139 ;
74.200000 ;-26.615239 ;-20.399043 ;
74.300000 ;-26.624671 ;-20.399553 ;
74.400000 ;-26.622898 ;-20.399107 ;
74.500000 ;-26.600939 ;-20.396937 ;
74.600000 ;-26.597293 ;-20.396342 ;
74.700000 ;-26.622227 ;-20.398200 ;
74.800000 ;-26.645396 ;-20.399912 ;
74.900000 ;-26.616698 ;-20.397182 ;
75.000000 ;-26.593078 ;-20.394893 ;
75.100000 ;-26.619514 ;-20.396901 ;
75.200000 ;-26.650275 ;-20.399284 ;
75.300000 ;-26.625321 ;-20.396893 ;
75.400000 ;-26.618657 ;-20.396074 ;
75.500000 ;-26.630719 ;-20.396864 ;
75.600000 ;-26.623248 ;-20.395984 ;
75.700000 ;-26.619632 ;-20.395438 ;
75.800000 ;-26.623821 ;-20.395564 ;
75.900000 ;-26.620722 ;-20.395069 ;
76.000000 ;-26.616768 ;-20.394505 ;
76.100000 ;-26.620032 ;-20.394563 ;
76.200000 ;-26.624767 ;-20.394750 ;
76.300000 ;-26.615756 ;-20.393763 ;
76.400000 ;-26.606412 ;-20.392751 ;
76.500000 ;-26.613623 ;-20.393161 ;
76.600000 ;-26.631015 ;-20.394446 ;
76.700000 ;-26.630156 ;-20.394170 ;
76.800000 ;-26.616452 ;-20.392796 ;
76.900000 ;-26.619194 ;-20.392835 ;
77.000000 ;-26.628752 ;-20.393462 ;
77.100000 ;-26.620802 ;-20.392590 ;
77.200000 ;-26.617746 ;-20.392141 ;
77.300000 ;-26.623731 ;-20.392469 ;
77.400000 ;-26.622238 ;-20.392159 ;
77.500000 ;-26.614776 ;-20.391341 ;
77.600000 ;-26.616895 ;-20.391345 ;
77.700000 ;-26.625898 ;-20.391942 ;
77.800000 ;-26.621460 ;-20.391390 ;
77.900000 ;-26.606224 ;-20.389916 ;
78.000000 ;-26.608889 ;-20.389977 ;
78.100000 ;-26.628899 ;-20.391527 ;
78.200000 ;-26.633064 ;-20.391722 ;
78.300000 ;-26.606056 ;-20.389247 ;
78.400000 ;-26.602460 ;-20.388782 ;
78.500000 ;-26.630778 ;-20.391054 ;
78.600000 ;-26.637747 ;-20.391498 ;
78.700000 ;-26.615421 ;-20.389432 ;
78.800000 ;-26.617231 ;-20.389438 ;
78.900000 ;-26.632304 ;-20.390583 ;
79.000000 ;-26.622122 ;-20.389564 ;
79.100000 ;-26.617805 ;-20.389050 ;
79.200000 ;-26.624268 ;-20.389462 ;
79.300000 ;-26.621289 ;-20.389066 ;
79.400000 ;-26.615831 ;-20.388459 ;
79.500000 ;-26.619288 ;-20.388618 ;
79.600000 ;-26.624567 ;-20.388935 ;
79.700000 ;-26.618063 ;-20.388244 ;
79.800000 ;-26.614550 ;-20.387810 ;
79.900000 ;-26.620566 ;-20.388195 ;
80.000000 ;-26.624837 ;-20.388432 ;
