0.000000 ;-27.500000 ;-20.600000 ;
0.100000 ;-27.490718 ;-20.758650 ;
0.200000 ;-27.343210 ;-20.853087 ;
0.300000 ;-27.150365 ;-20.903353 ;
0.400000 ;-26.977087 ;-20.924921 ;
0.500000 ;-26.819242 ;-20.925166 ;
0.600000 ;-26.691099 ;-20.911553 ;
0.700000 ;-26.581575 ;-20.887713 ;
0.800000 ;-26.489397 ;-20.857193 ;
0.900000 ;-26.419502 ;-20.823429 ;
1.000000 ;-26.360540 ;-20.787277 ;
1.100000 ;-26.307492 ;-20.749728 ;
1.200000 ;-26.265191 ;-20.712558 ;
1.300000 ;-26.245560 ;-20.677861 ;
1.400000 ;-26.228565 ;-20.644227 ;
1.500000 ;-26.197146 ;-20.610420 ;
1.600000 ;-26.157292 ;-20.577256 ;
1.700000 ;-26.137974 ;-20.547601 ;
1.800000 ;-26.143425 ;-20.521943 ;
1.900000 ;-26.135059 ;-20.496856 ;
2.000000 ;-26.119200 ;-20.472863 ;
2.100000 ;-26.119644 ;-20.451958 ;
2.200000 ;-26.116973 ;-20.432413 ;
2.300000 ;-26.109708 ;-20.414023 ;
2.400000 ;-26.109877 ;-20.397731 ;
2.500000 ;-26.112088 ;-20.382987 ;
2.600000 ;-26.107721 ;-20.368967 ;
2.700000 ;-26.100435 ;-20.355891 ;
2.800000 ;-26.106237 ;-20.345036 ;
2.900000 ;-26.121969 ;-20.336048 ;
3.000000 ;-26.120060 ;-20.326513 ;
3.100000 ;-26.098549 ;-20.316190 ;
3.200000 ;-26.084146 ;-20.307269 ;
3.300000 ;-26.101871 ;-20.301799 ;
3.400000 ;-26.108339 ;-20.296051 ;
3.500000 ;-26.099447 ;-20.289622 ;
3.600000 ;-26.104371 ;-20.284922 ;
3.700000 ;-26.109570 ;-20.280759 ;
3.800000 ;-26.107208 ;-20.276425 ;
3.900000 ;-26.108722 ;-20.272844 ;
4.000000 ;-26.115255 ;-20.270074 ;
4.100000 ;-26.115353 ;-20.267113 ;
4.200000 ;-26.109866 ;-20.264000 ;
4.300000 ;-26.112834 ;-20.261889 ;
4.400000 ;-26.129663 ;-20.261208 ;
4.500000 ;-26.133039 ;-20.259630 ;
4.600000 ;-26.116183 ;-20.256559 ;
4.700000 ;-26.100076 ;-20.253743 ;
4.800000 ;-26.115116 ;-20.253726 ;
4.900000 ;-26.124527 ;-20.253389 ;
5.000000 ;-26.116485 ;-20.251721 ;
5.100000 ;-26.118274 ;-20.251007 ;
5.200000 ;-26.125330 ;-20.250847 ;
5.300000 ;-26.123873 ;-20.250069 ;
5.400000 ;-26.122624 ;-20.249396 ;
5.500000 ;-26.129828 ;-20.249514 ;
5.600000 ;-26.131990 ;-20.249276 ;
5.700000 ;-26.126463 ;-20.248451 ;
5.800000 ;-26.124884 ;-20.248012 ;
5.900000 ;-26.140582 ;-20.249077 ;
6.000000 ;-26.148130 ;-20.249496 ;
6.100000 ;-26.134726 ;-20.248183 ;
6.200000 ;-26.116138 ;-20.246465 ;
6.300000 ;-26.132271 ;-20.247698 ;
6.400000 ;-26.161599 ;-20.250067 ;
6.500000 ;-26.150362 ;-20.249038 ;
6.600000 ;-26.112189 ;-20.245754 ;
6.700000 ;-26.120799 ;-20.246425 ;
6.800000 ;-26.144295 ;-20.248359 ;
6.900000 ;-26.135554 ;-20.247587 ;
7.000000 ;-26.126461 ;-20.246791 ;
7.100000 ;-26.138720 ;-20.247799 ;
7.200000 ;-26.139711 ;-20.247861 ;
7.300000 ;-26.136466 ;-20.247567 ;
7.400000 ;-26.142798 ;-20.248082 ;
7.500000 ;-26.144762 ;-20.248228 ;
7.600000 ;-26.140611 ;-20.247858 ;
7.700000 ;-26.142307 ;-20.247979 ;
7.800000 ;-26.152083 ;-20.248780 ;
7.900000 ;-26.152770 ;-20.248813 ;
8.000000 ;-26.142295 ;-20.247901 ;
8.100000 ;-26.136675 ;-20.247395 ;
8.200000 ;-26.159649 ;-20.249297 ;
8.300000 ;-26.174861 ;-20.250542 ;
8.400000 ;-26.155310 ;-20.248853 ;
8.500000 ;-26.122912 ;-20.246077 ;
8.600000 ;-26.138567 ;-20.247347 ;
8.700000 ;-26.167912 ;-20.249767 ;
8.800000 ;-26.154231 ;-20.248559 ;
8.900000 ;-26.126596 ;-20.246173 ;
9.000000 ;-26.145038 ;-20.247665 ;
9.100000 ;-26.152311 ;-20.248211 ;
9.200000 ;-26.144461 ;-20.247479 ;
9.300000 ;-26.150388 ;-20.247906 ;
9.400000 ;-26.154393 ;-20.248167 ;
9.500000 ;-26.151002 ;-20.247802 ;
9.600000 ;-26.151676 ;-20.247777 ;
9.700000 ;-26.153553 ;-20.247851 ;
9.800000 ;-26.154085 ;-20.247810 ;
9.900000 ;-26.154257 ;-20.276292 ;
10.000000 ;-26.120273 ;-20.559048 ;
10.100000 ;-26.006976 ;-20.962745 ;
10.200000 ;-25.809703 ;-21.379547 ;
10.300000 ;-25.537014 ;-21.766583 ;
10.400000 ;-25.211301 ;-22.110062 ;
10.500000 ;-24.853464 ;-22.406465 ;
10.600000 ;-24.481681 ;-22.656901 ;
10.700000 ;-24.112382 ;-22.864757 ;
10.800000 ;-23.752369 ;-23.033826 ;
10.900000 ;-23.415513 ;-23.169160 ;
11.000000 ;-23.103464 ;-23.275007 ;
11.100000 ;-22.802490 ;-23.354422 ;
11.200000 ;-22.547533 ;-23.414149 ;
11.300000 ;-22.330010 ;-23.457118 ;
11.400000 ;-22.104988 ;-23.483092 ;
11.500000 ;-21.914593 ;-23.498401 ;
11.600000 ;-21.765696 ;-23.506093 ;
11.700000 ;-21.610923 ;-23.504598 ;
11.800000 ;-21.477388 ;-23.497942 ;
11.900000 ;-21.372822 ;-23.488235 ;
12.000000 ;-21.266207 ;-23.474337 ;
12.100000 ;-21.175292 ;-23.458675 ;
12.200000 ;-21.105192 ;-23.442452 ;
12.300000 ;-21.031371 ;-23.424468 ;
12.400000 ;-20.966076 ;-23.406208 ;
12.500000 ;-20.920942 ;-23.388954 ;
12.600000 ;-20.873980 ;-23.371342 ;
12.700000 ;-20.821110 ;-23.353328 ;
12.800000 ;-20.788712 ;-23.337122 ;
12.900000 ;-20.766666 ;-23.322067 ;
13.000000 ;-20.725126 ;-23.305951 ;
13.100000 ;-20.694116 ;-23.291187 ;
13.200000 ;-20.683646 ;-23.278591 ;
13.300000 ;-20.660271 ;-23.265570 ;
13.400000 ;-20.630561 ;-23.252656 ;
13.500000 ;-20.620495 ;-23.241882 ;
13.600000 ;-20.610204 ;-23.231677 ;
13.700000 ;-20.585504 ;-23.220922 ;
13.800000 ;-20.574515 ;-23.211799 ;
13.900000 ;-20.571006 ;-23.203795 ;
14.000000 ;-20.551623 ;-23.195063 ;
14.100000 ;-20.539344 ;-23.187376 ;
14.200000 ;-20.539582 ;-23.181128 ;
14.300000 ;-20.528263 ;-23.174414 ;
14.400000 ;-20.511924 ;-23.167723 ;
14.500000 ;-20.511768 ;-23.162683 ;
14.600000 ;-20.513755 ;-23.158175 ;
14.700000 ;-20.495116 ;-23.152398 ;
14.800000 ;-20.487572 ;-23.147809 ;
14.900000 ;-20.496391 ;-23.144797 ;
15.000000 ;-20.488077 ;-23.140727 ;
15.100000 ;-20.473125 ;-23.136399 ;
15.200000 ;-20.477576 ;-23.133830 ;
15.300000 ;-20.480365 ;-23.131357 ;
15.400000 ;-20.465442 ;-23.127714 ;
15.500000 ;-20.463939 ;-23.125313 ;
15.600000 ;-20.470139 ;-23.123696 ;
15.700000 ;-20.458800 ;-23.120880 ;
15.800000 ;-20.453607 ;-23.118701 ;
15.900000 ;-20.460012 ;-23.117571 ;
16.000000 ;-20.454343 ;-23.115636 ;
16.100000 ;-20.444667 ;-23.113515 ;
16.200000 ;-20.449388 ;-23.112631 ;
16.300000 ;-20.453982 ;-23.111844 ;
16.400000 ;-20.440110 ;-23.109719 ;
16.500000 ;-20.437599 ;-23.108571 ;
16.600000 ;-20.449493 ;-23.108629 ;
16.700000 ;-20.443681 ;-23.107389 ;
16.800000 ;-20.431374 ;-23.105715 ;
16.900000 ;-20.439156 ;-23.105672 ;
17.000000 ;-20.446296 ;-23.105642 ;
17.100000 ;-20.432419 ;-23.104033 ;
17.200000 ;-20.432240 ;-23.103543 ;
17.300000 ;-20.442144 ;-23.103886 ;
17.400000 ;-20.432969 ;-23.102791 ;
17.500000 ;-20.428637 ;-23.102114 ;
17.600000 ;-20.436571 ;-23.102428 ;
17.700000 ;-20.432822 ;-23.101870 ;
17.800000 ;-20.425244 ;-23.101047 ;
17.900000 ;-20.430878 ;-23.101280 ;
18.000000 ;-20.435099 ;-23.101431 ;
18.100000 ;-20.423529 ;-23.100381 ;
18.200000 ;-20.423279 ;-23.100233 ;
18.300000 ;-20.435017 ;-23.101039 ;
18.400000 ;-20.428975 ;-23.100483 ;
18.500000 ;-20.418181 ;-23.099576 ;
18.600000 ;-20.427453 ;-23.100244 ;
18.700000 ;-20.436269 ;-23.100893 ;
18.800000 ;-20.421927 ;-23.099757 ;
18.900000 ;-20.421699 ;-23.099730 ;
19.000000 ;-20.434343 ;-23.100715 ;
19.100000 ;-20.426207 ;-23.100097 ;
19.200000 ;-20.420958 ;-23.099713 ;
19.300000 ;-20.429771 ;-23.100431 ;
19.400000 ;-20.427493 ;-23.100295 ;
19.500000 ;-20.420375 ;-23.099792 ;
19.600000 ;-20.425964 ;-23.100282 ;
19.700000 ;-20.429671 ;-23.100633 ;
19.800000 ;-20.419817 ;-23.099937 ;
19.900000 ;-20.420808 ;-23.100089 ;
20.000000 ;-20.431262 ;-23.100980 ;
20.100000 ;-20.424366 ;-23.100529 ;
20.200000 ;-20.415577 ;-23.099935 ;
20.300000 ;-20.425639 ;-23.100808 ;
20.400000 ;-20.433939 ;-23.101549 ;
20.500000 ;-20.419106 ;-23.100497 ;
20.600000 ;-20.419014 ;-23.100592 ;
20.700000 ;-20.433884 ;-23.101851 ;
20.800000 ;-20.426484 ;-23.101384 ;
20.900000 ;-20.419468 ;-23.100950 ;
21.000000 ;-20.429227 ;-23.101819 ;
21.100000 ;-20.428815 ;-23.101901 ;
21.200000 ;-20.421003 ;-23.101410 ;
21.300000 ;-20.426233 ;-23.101933 ;
21.400000 ;-20.430094 ;-23.102351 ;
21.500000 ;-20.421396 ;-23.101796 ;
21.600000 ;-20.422852 ;-23.102030 ;
21.700000 ;-20.431794 ;-23.102846 ;
21.800000 ;-20.424435 ;-23.102398 ;
21.900000 ;-20.418006 ;-23.102023 ;
22.000000 ;-20.428109 ;-23.102932 ;
22.100000 ;-20.434123 ;-23.103524 ;
22.200000 ;-20.419436 ;-23.102511 ;
22.300000 ;-20.420302 ;-23.102705 ;
22.400000 ;-20.436416 ;-23.104083 ;
22.500000 ;-20.429228 ;-23.103654 ;
22.600000 ;-20.420270 ;-23.103088 ;
22.700000 ;-20.431182 ;-23.104063 ;
22.800000 ;-20.433402 ;-23.104365 ;
22.900000 ;-20.423868 ;-23.103755 ;
23.000000 ;-20.428545 ;-23.104248 ;
23.100000 ;-20.433602 ;-23.104771 ;
23.200000 ;-20.425290 ;-23.104257 ;
23.300000 ;-20.426544 ;-23.104485 ;
23.400000 ;-20.434371 ;-23.105223 ;
23.500000 ;-20.427235 ;-23.104800 ;
23.600000 ;-20.422857 ;-23.104592 ;
23.700000 ;-20.432245 ;-23.105451 ;
23.800000 ;-20.435206 ;-23.105813 ;
23.900000 ;-20.421802 ;-23.104904 ;
24.000000 ;-20.424341 ;-23.105233 ;
24.100000 ;-20.440085 ;-23.106586 ;
24.200000 ;-20.432085 ;-23.106098 ;
24.300000 ;-20.421942 ;-23.105443 ;
24.400000 ;-20.434221 ;-23.106527 ;
24.500000 ;-20.439557 ;-23.107074 ;
24.600000 ;-20.427505 ;-23.106271 ;
24.700000 ;-20.431407 ;-23.106705 ;
24.800000 ;-20.439059 ;-23.107431 ;
24.900000 ;-20.430258 ;-23.106880 ;
25.000000 ;-20.430670 ;-23.107044 ;
25.100000 ;-20.438170 ;-23.107757 ;
25.200000 ;-20.431674 ;-23.107385 ;
25.300000 ;-20.428502 ;-23.107270 ;
25.400000 ;-20.436771 ;-23.108043 ;
25.500000 ;-20.437097 ;-23.108200 ;
25.600000 ;-20.426082 ;-23.107477 ;
25.700000 ;-20.430235 ;-23.107930 ;
25.800000 ;-20.443807 ;-23.109114 ;
25.900000 ;-20.434129 ;-23.108495 ;
26.000000 ;-20.424500 ;-23.107879 ;
26.100000 ;-20.438164 ;-23.109070 ;
26.200000 ;-20.445727 ;-23.109788 ;
26.300000 ;-20.430955 ;-23.108773 ;
26.400000 ;-20.434003 ;-23.109140 ;
26.500000 ;-20.445591 ;-23.110169 ;
26.600000 ;-20.435858 ;-23.109545 ;
26.700000 ;-20.434632 ;-23.109580 ;
26.800000 ;-20.442794 ;-23.110343 ;
26.900000 ;-20.437048 ;-23.110027 ;
27.000000 ;-20.434039 ;-23.109924 ;
27.100000 ;-20.441262 ;-23.110613 ;
27.200000 ;-20.440152 ;-23.110657 ;
27.300000 ;-20.431787 ;-23.110137 ;
27.400000 ;-20.436740 ;-23.110650 ;
27.500000 ;-20.446989 ;-23.111574 ;
27.600000 ;-20.435927 ;-23.110845 ;
27.700000 ;-20.428772 ;-23.110419 ;
27.800000 ;-20.443183 ;-23.111665 ;
27.900000 ;-20.450309 ;-23.112346 ;
28.000000 ;-20.433485 ;-23.111169 ;
28.100000 ;-20.436213 ;-23.111509 ;
28.200000 ;-20.452130 ;-23.112872 ;
28.300000 ;-20.441841 ;-23.112202 ;
28.400000 ;-20.437979 ;-23.112029 ;
28.500000 ;-20.447798 ;-23.112918 ;
28.600000 ;-20.443124 ;-23.112683 ;
28.700000 ;-20.439138 ;-23.112500 ;
28.800000 ;-20.445675 ;-23.113133 ;
28.900000 ;-20.444414 ;-23.113162 ;
29.000000 ;-20.437957 ;-23.112788 ;
29.100000 ;-20.442804 ;-23.113289 ;
29.200000 ;-20.449730 ;-23.113952 ;
29.300000 ;-20.438817 ;-23.113231 ;
29.400000 ;-20.435099 ;-23.113068 ;
29.500000 ;-20.448795 ;-23.114255 ;
29.600000 ;-20.452512 ;-23.114668 ;
29.700000 ;-20.435201 ;-23.113450 ;
29.800000 ;-20.438960 ;-23.113866 ;
29.900000 ;-20.458003 ;-23.115468 ;
30.000000 ;-20.447486 ;-23.114776 ;
30.100000 ;-20.440233 ;-23.114337 ;
30.200000 ;-20.452492 ;-23.115412 ;
30.300000 ;-20.450109 ;-23.115350 ;
30.400000 ;-20.443755 ;-23.114981 ;
30.500000 ;-20.449936 ;-23.115583 ;
30.600000 ;-20.449658 ;-23.115684 ;
30.700000 ;-20.443857 ;-23.115356 ;
30.800000 ;-20.448052 ;-23.115803 ;
30.900000 ;-20.452608 ;-23.116278 ;
31.000000 ;-20.443375 ;-23.115684 ;
31.100000 ;-20.442446 ;-23.115733 ;
31.200000 ;-20.453927 ;-23.116744 ;
31.300000 ;-20.452996 ;-23.116792 ;
31.400000 ;-20.437668 ;-23.115724 ;
31.500000 ;-20.443701 ;-23.116312 ;
31.600000 ;-20.462837 ;-23.117917 ;
31.700000 ;-20.451277 ;-23.117140 ;
31.800000 ;-20.441193 ;-23.116477 ;
31.900000 ;-20.456317 ;-23.117770 ;
32.000000 ;-20.458198 ;-23.118035 ;
32.100000 ;-20.447851 ;-23.117352 ;
32.200000 ;-20.453654 ;-23.117920 ;
32.300000 ;-20.455914 ;-23.118213 ;
32.400000 ;-20.449346 ;-23.117822 ;
32.500000 ;-20.452572 ;-23.118190 ;
32.600000 ;-20.456249 ;-23.118592 ;
32.700000 ;-20.448913 ;-23.118140 ;
32.800000 ;-20.449309 ;-23.118288 ;
32.900000 ;-20.458064 ;-23.119083 ;
33.000000 ;-20.453643 ;-23.118856 ;
33.100000 ;-20.442593 ;-23.118115 ;
33.200000 ;-20.450565 ;-23.118849 ;
33.300000 ;-20.466065 ;-23.120167 ;
33.400000 ;-20.452193 ;-23.119206 ;
33.500000 ;-20.441878 ;-23.118521 ;
33.600000 ;-20.459796 ;-23.120026 ;
33.700000 ;-20.466456 ;-23.120657 ;
33.800000 ;-20.451022 ;-23.119575 ;
33.900000 ;-20.456032 ;-23.120077 ;
34.000000 ;-20.463651 ;-23.120781 ;
34.100000 ;-20.454775 ;-23.120207 ;
34.200000 ;-20.456425 ;-23.120448 ;
34.300000 ;-20.460909 ;-23.120908 ;
34.400000 ;-20.454574 ;-23.120529 ;
34.500000 ;-20.454989 ;-23.120673 ;
34.600000 ;-20.461603 ;-23.121298 ;
34.700000 ;-20.456125 ;-23.120984 ;
34.800000 ;-20.449561 ;-23.120587 ;
34.900000 ;-20.457704 ;-23.121329 ;
35.000000 ;-20.467359 ;-23.122188 ;
35.100000 ;-20.451811 ;-23.121093 ;
35.200000 ;-20.444905 ;-23.120668 ;
35.300000 ;-20.464290 ;-23.122281 ;
35.400000 ;-20.472086 ;-23.122996 ;
35.500000 ;-20.452253 ;-23.121567 ;
35.600000 ;-20.456527 ;-23.122008 ;
35.700000 ;-20.472516 ;-23.123357 ;
35.800000 ;-20.460684 ;-23.122549 ;
35.900000 ;-20.459340 ;-23.122553 ;
36.000000 ;-20.466584 ;-23.123222 ;
36.100000 ;-20.460266 ;-23.122840 ;
36.200000 ;-20.459604 ;-23.122896 ;
36.300000 ;-20.465164 ;-23.123434 ;
36.400000 ;-20.460337 ;-23.123167 ;
36.500000 ;-20.456579 ;-23.122982 ;
36.600000 ;-20.463461 ;-23.123621 ;
36.700000 ;-20.467601 ;-23.124048 ;
36.800000 ;-20.453552 ;-23.123064 ;
36.900000 ;-20.451843 ;-23.123037 ;
37.000000 ;-20.469630 ;-23.124522 ;
37.100000 ;-20.472886 ;-23.124879 ;
37.200000 ;-20.451261 ;-23.123306 ;
37.300000 ;-20.456570 ;-23.123823 ;
37.400000 ;-20.479710 ;-23.125723 ;
37.500000 ;-20.466899 ;-23.124833 ;
37.600000 ;-20.460533 ;-23.124443 ;
37.700000 ;-20.472196 ;-23.125451 ;
37.800000 ;-20.466762 ;-23.125133 ;
37.900000 ;-20.463489 ;-23.124981 ;
38.000000 ;-20.469005 ;-23.125511 ;
38.100000 ;-20.465356 ;-23.125330 ;
38.200000 ;-20.462423 ;-23.125205 ;
38.300000 ;-20.467793 ;-23.125722 ;
38.400000 ;-20.468525 ;-23.125880 ;
38.500000 ;-20.458609 ;-23.125213 ;
38.600000 ;-20.460499 ;-23.125460 ;
38.700000 ;-20.473810 ;-23.126592 ;
38.800000 ;-20.470108 ;-23.126405 ;
38.900000 ;-20.451096 ;-23.125030 ;
39.000000 ;-20.459736 ;-23.125800 ;
39.100000 ;-20.484598 ;-23.127828 ;
39.200000 ;-20.470919 ;-23.126867 ;
39.300000 ;-20.459078 ;-23.126047 ;
39.400000 ;-20.475870 ;-23.127448 ;
39.500000 ;-20.475340 ;-23.127506 ;
39.600000 ;-20.466881 ;-23.126949 ;
39.700000 ;-20.472722 ;-23.127499 ;
39.800000 ;-20.471042 ;-23.127467 ;
39.900000 ;-20.467133 ;-23.127264 ;
40.000000 ;-20.471418 ;-23.127688 ;
40.100000 ;-20.472396 ;-23.127828 ;
40.200000 ;-20.471214 ;-23.127766 ;
40.300000 ;-20.473918 ;-23.128002 ;
40.400000 ;-20.475954 ;-23.128162 ;
40.500000 ;-20.478301 ;-23.128346 ;
40.600000 ;-20.481619 ;-23.128625 ;
40.700000 ;-20.485164 ;-23.128951 ;
40.800000 ;-20.489806 ;-23.129398 ;
40.900000 ;-20.495049 ;-23.129935 ;
41.000000 ;-20.499741 ;-23.130482 ;
41.100000 ;-20.506245 ;-23.131216 ;
41.200000 ;-20.514732 ;-23.132147 ;
41.300000 ;-20.520095 ;-23.132901 ;
41.400000 ;-20.519504 ;-23.133266 ;
41.500000 ;-20.529542 ;-23.134488 ;
41.600000 ;-20.552644 ;-23.136741 ;
41.700000 ;-20.573245 ;-23.138841 ;
41.800000 ;-20.573800 ;-23.139459 ;
41.900000 ;-20.583996 ;-23.140866 ;
42.000000 ;-20.605000 ;-23.143143 ;
42.100000 ;-20.614605 ;-23.144557 ;
42.200000 ;-20.629727 ;-23.146415 ;
42.300000 ;-20.650285 ;-23.148700 ;
42.400000 ;-20.663074 ;-23.150383 ;
42.500000 ;-20.680417 ;-23.152403 ;
42.600000 ;-20.708163 ;-23.155194 ;
42.700000 ;-20.730736 ;-23.157535 ;
42.800000 ;-20.737879 ;-23.158618 ;
42.900000 ;-20.763604 ;-23.161080 ;
43.000000 ;-20.810223 ;-23.165075 ;
43.100000 ;-20.836329 ;-23.167330 ;
43.200000 ;-20.841110 ;-23.167759 ;
43.300000 ;-20.879908 ;-23.170731 ;
43.400000 ;-20.933948 ;-23.174722 ;
43.500000 ;-20.949722 ;-23.175436 ;
43.600000 ;-20.979467 ;-23.177024 ;
43.700000 ;-21.024074 ;-23.179527 ;
43.800000 ;-21.052359 ;-23.180416 ;
43.900000 ;-21.088447 ;-23.181596 ;
44.000000 ;-21.131527 ;-23.182967 ;
44.100000 ;-21.165246 ;-23.183195 ;
44.200000 ;-21.204635 ;-23.183449 ;
44.300000 ;-21.253561 ;-23.184001 ;
44.400000 ;-21.293847 ;-23.183364 ;
44.500000 ;-21.327373 ;-23.181663 ;
44.600000 ;-21.378491 ;-23.180835 ;
44.700000 ;-21.439266 ;-23.180196 ;
44.800000 ;-21.475049 ;-23.176899 ;
44.900000 ;-21.510329 ;-23.172925 ;
45.000000 ;-21.574524 ;-23.170670 ;
45.100000 ;-21.637494 ;-23.167612 ;
45.200000 ;-21.670398 ;-23.161338 ;
45.300000 ;-21.721654 ;-23.155857 ;
45.400000 ;-21.786757 ;-23.150770 ;
45.500000 ;-21.830312 ;-23.143100 ;
45.600000 ;-21.880620 ;-23.135204 ;
45.700000 ;-21.941365 ;-23.127375 ;
45.800000 ;-21.990475 ;-23.117751 ;
45.900000 ;-22.041243 ;-23.107443 ;
46.000000 ;-22.102413 ;-23.097175 ;
46.100000 ;-22.157968 ;-23.085597 ;
46.200000 ;-22.203527 ;-23.072345 ;
46.300000 ;-22.261728 ;-23.059330 ;
46.400000 ;-22.329695 ;-23.046308 ;
46.500000 ;-22.378971 ;-23.030872 ;
46.600000 ;-22.421705 ;-23.014068 ;
46.700000 ;-22.487170 ;-22.998414 ;
46.800000 ;-22.559797 ;-22.982583 ;
46.900000 ;-22.601177 ;-22.963289 ;
47.000000 ;-22.649271 ;-22.943826 ;
47.100000 ;-22.719611 ;-22.925554 ;
47.200000 ;-22.776114 ;-22.905369 ;
47.300000 ;-22.820437 ;-22.883442 ;
47.400000 ;-22.880034 ;-22.862179 ;
47.500000 ;-22.940183 ;-22.840325 ;
47.600000 ;-22.986030 ;-22.816621 ;
47.700000 ;-23.040215 ;-22.793062 ;
47.800000 ;-23.101318 ;-22.769552 ;
47.900000 ;-23.148906 ;-22.744346 ;
48.000000 ;-23.195652 ;-22.718582 ;
48.100000 ;-23.254966 ;-22.693452 ;
48.200000 ;-23.314324 ;-22.667898 ;
48.300000 ;-23.352923 ;-22.640143 ;
48.400000 ;-23.398290 ;-22.612621 ;
48.500000 ;-23.462667 ;-22.586431 ;
48.600000 ;-23.521058 ;-22.559420 ;
48.700000 ;-23.552416 ;-22.529779 ;
48.800000 ;-23.598521 ;-22.501203 ;
48.900000 ;-23.664844 ;-22.474199 ;
49.000000 ;-23.711162 ;-22.445269 ;
49.100000 ;-23.745255 ;-22.415131 ;
49.200000 ;-23.797449 ;-22.386473 ;
49.300000 ;-23.851897 ;-22.357932 ;
49.400000 ;-23.887096 ;-22.327652 ;
49.500000 ;-23.930395 ;-22.298060 ;
49.600000 ;-23.982515 ;-22.269244 ;
49.700000 ;-24.021622 ;-22.239317 ;
49.800000 ;-24.058039 ;-22.209209 ;
49.900000 ;-24.105554 ;-22.180151 ;
50.000000 ;-24.153958 ;-22.151271 ;
50.100000 ;-24.184176 ;-22.120923 ;
50.200000 ;-24.218867 ;-22.091112 ;
50.300000 ;-24.269653 ;-22.062874 ;
50.400000 ;-24.318072 ;-22.034611 ;
50.500000 ;-24.339920 ;-22.004224 ;
50.600000 ;-24.371080 ;-21.974873 ;
50.700000 ;-24.425141 ;-21.947762 ;
50.800000 ;-24.470644 ;-21.920150 ;
50.900000 ;-24.488685 ;-21.890400 ;
51.000000 ;-24.522834 ;-21.862338 ;
51.100000 ;-24.573426 ;-21.836005 ;
51.200000 ;-24.602411 ;-21.808083 ;
51.300000 ;-24.627346 ;-21.780121 ;
51.400000 ;-24.666770 ;-21.753746 ;
51.500000 ;-24.703075 ;-21.727429 ;
51.600000 ;-24.726235 ;-21.700306 ;
51.700000 ;-24.757748 ;-21.674258 ;
51.800000 ;-24.796575 ;-21.649199 ;
51.900000 ;-24.822399 ;-21.623368 ;
52.000000 ;-24.843670 ;-21.597506 ;
52.100000 ;-24.877746 ;-21.573126 ;
52.200000 ;-24.917521 ;-21.549614 ;
52.300000 ;-24.936869 ;-21.524704 ;
52.400000 ;-24.951584 ;-21.499772 ;
52.500000 ;-24.987231 ;-21.477039 ;
52.600000 ;-25.032150 ;-21.455493 ;
52.700000 ;-25.047138 ;-21.431734 ;
52.800000 ;-25.057915 ;-21.407995 ;
52.900000 ;-25.094329 ;-21.386866 ;
53.000000 ;-25.134724 ;-21.366468 ;
53.100000 ;-25.144095 ;-21.343765 ;
53.200000 ;-25.162752 ;-21.322251 ;
53.300000 ;-25.197366 ;-21.302502 ;
53.400000 ;-25.218030 ;-21.281926 ;
53.500000 ;-25.232396 ;-21.261186 ;
53.600000 ;-25.258292 ;-21.241820 ;
53.700000 ;-25.285231 ;-21.222918 ;
53.800000 ;-25.297808 ;-21.203150 ;
53.900000 ;-25.315729 ;-21.184212 ;
54.000000 ;-25.344149 ;-21.166546 ;
54.100000 ;-25.366671 ;-21.148734 ;
54.200000 ;-25.372738 ;-21.129864 ;
54.300000 ;-25.389393 ;-21.112263 ;
54.400000 ;-25.422500 ;-21.096431 ;
54.500000 ;-25.447811 ;-21.080276 ;
54.600000 ;-25.445764 ;-21.062110 ;
54.700000 ;-25.458095 ;-21.045523 ;
54.800000 ;-25.495426 ;-21.031423 ;
54.900000 ;-25.520365 ;-21.016587 ;
55.000000 ;-25.517485 ;-20.999688 ;
55.100000 ;-25.533009 ;-20.984694 ;
55.200000 ;-25.564935 ;-20.971427 ;
55.300000 ;-25.574077 ;-20.956517 ;
55.400000 ;-25.581236 ;-20.941746 ;
55.500000 ;-25.602385 ;-20.928481 ;
55.600000 ;-25.619576 ;-20.915175 ;
55.700000 ;-25.625589 ;-20.901208 ;
55.800000 ;-25.639967 ;-20.888247 ;
55.900000 ;-25.661273 ;-20.876166 ;
56.000000 ;-25.670337 ;-20.863318 ;
56.100000 ;-25.674403 ;-20.850319 ;
56.200000 ;-25.691425 ;-20.838701 ;
56.300000 ;-25.716198 ;-20.828013 ;
56.400000 ;-25.722355 ;-20.815995 ;
56.500000 ;-25.717668 ;-20.803310 ;
56.600000 ;-25.734638 ;-20.792729 ;
56.700000 ;-25.768111 ;-20.783808 ;
56.800000 ;-25.775901 ;-20.772936 ;
56.900000 ;-25.766231 ;-20.760814 ;
57.000000 ;-25.782600 ;-20.751152 ;
57.100000 ;-25.814198 ;-20.743021 ;
57.200000 ;-25.814120 ;-20.732413 ;
57.300000 ;-25.814692 ;-20.722083 ;
57.400000 ;-25.833405 ;-20.713520 ;
57.500000 ;-25.845216 ;-20.704582 ;
57.600000 ;-25.846019 ;-20.694916 ;
57.700000 ;-25.856810 ;-20.686308 ;
57.800000 ;-25.872356 ;-20.678307 ;
57.900000 ;-25.874583 ;-20.669370 ;
58.000000 ;-25.878389 ;-20.660761 ;
58.100000 ;-25.893148 ;-20.653276 ;
58.200000 ;-25.908162 ;-20.645999 ;
58.300000 ;-25.904197 ;-20.637289 ;
58.400000 ;-25.903788 ;-20.629062 ;
58.500000 ;-25.922826 ;-20.622665 ;
58.600000 ;-25.946460 ;-20.616831 ;
58.700000 ;-25.939265 ;-20.608544 ;
58.800000 ;-25.929532 ;-20.600206 ;
58.900000 ;-25.950025 ;-20.594600 ;
59.000000 ;-25.980331 ;-20.589988 ;
59.100000 ;-25.971475 ;-20.582200 ;
59.200000 ;-25.966520 ;-20.574896 ;
59.300000 ;-25.985933 ;-20.569812 ;
59.400000 ;-25.996560 ;-20.564128 ;
59.500000 ;-25.991685 ;-20.557268 ;
59.600000 ;-25.999186 ;-20.551600 ;
59.700000 ;-26.011679 ;-20.546492 ;
59.800000 ;-26.010423 ;-20.540350 ;
59.900000 ;-26.013103 ;-20.534674 ;
60.000000 ;-26.024847 ;-20.529895 ;
60.100000 ;-26.031823 ;-20.524836 ;
60.200000 ;-26.026486 ;-20.518857 ;
60.300000 ;-26.030105 ;-20.513757 ;
60.400000 ;-26.046789 ;-20.509883 ;
60.500000 ;-26.057740 ;-20.505638 ;
60.600000 ;-26.043139 ;-20.499338 ;
60.700000 ;-26.039789 ;-20.494104 ;
60.800000 ;-26.063699 ;-20.491289 ;
60.900000 ;-26.086949 ;-20.488523 ;
61.000000 ;-26.069391 ;-20.482400 ;
61.100000 ;-26.062148 ;-20.477253 ;
61.200000 ;-26.085525 ;-20.474801 ;
61.300000 ;-26.098279 ;-20.471545 ;
61.400000 ;-26.086439 ;-20.466299 ;
61.500000 ;-26.090821 ;-20.462520 ;
61.600000 ;-26.103878 ;-20.459567 ;
61.700000 ;-26.099986 ;-20.455266 ;
61.800000 ;-26.100445 ;-20.451421 ;
61.900000 ;-26.109840 ;-20.448416 ;
62.000000 ;-26.112407 ;-20.444917 ;
62.100000 ;-26.108267 ;-20.440931 ;
62.200000 ;-26.113163 ;-20.437789 ;
62.300000 ;-26.125360 ;-20.435342 ;
62.400000 ;-26.125558 ;-20.431956 ;
62.500000 ;-26.113351 ;-20.427594 ;
62.600000 ;-26.117498 ;-20.424689 ;
62.700000 ;-26.139566 ;-20.423372 ;
62.800000 ;-26.149349 ;-20.421084 ;
62.900000 ;-26.126370 ;-20.416092 ;
63.000000 ;-26.122797 ;-20.412809 ;
63.100000 ;-26.151456 ;-20.412319 ;
63.200000 ;-26.165232 ;-20.410632 ;
63.300000 ;-26.145672 ;-20.406186 ;
63.400000 ;-26.147358 ;-20.403599 ;
63.500000 ;-26.165238 ;-20.402441 ;
63.600000 ;-26.159519 ;-20.399345 ;
63.700000 ;-26.156228 ;-20.396511 ;
63.800000 ;-26.164399 ;-20.394702 ;
63.900000 ;-26.165578 ;-20.392355 ;
64.000000 ;-26.161618 ;-20.389628 ;
64.100000 ;-26.165959 ;-20.387654 ;
64.200000 ;-26.174205 ;-20.386060 ;
64.300000 ;-26.169576 ;-20.383429 ;
64.400000 ;-26.163155 ;-20.380694 ;
64.500000 ;-26.170744 ;-20.379191 ;
64.600000 ;-26.186162 ;-20.378396 ;
64.700000 ;-26.182069 ;-20.375997 ;
64.800000 ;-26.161624 ;-20.372261 ;
64.900000 ;-26.166560 ;-20.370714 ;
65.000000 ;-26.196531 ;-20.371325 ;
65.100000 ;-26.203738 ;-20.370054 ;
65.200000 ;-26.178012 ;-20.366039 ;
65.300000 ;-26.179610 ;-20.364374 ;
65.400000 ;-26.205750 ;-20.364823 ;
65.500000 ;-26.200421 ;-20.362649 ;
65.600000 ;-26.190910 ;-20.360158 ;
65.700000 ;-26.198883 ;-20.359182 ;
65.800000 ;-26.201420 ;-20.357781 ;
65.900000 ;-26.195832 ;-20.355728 ;
66.000000 ;-26.198791 ;-20.354432 ;
66.100000 ;-26.204812 ;-20.353427 ;
66.200000 ;-26.199636 ;-20.351508 ;
66.300000 ;-26.196835 ;-20.349822 ;
66.400000 ;-26.204122 ;-20.349019 ;
66.500000 ;-26.212227 ;-20.348315 ;
66.600000 ;-26.200991 ;-20.346008 ;
66.700000 ;-26.189998 ;-20.343750 ;
66.800000 ;-26.201428 ;-20.343414 ;
66.900000 ;-26.224674 ;-20.344104 ;
67.000000 ;-26.218638 ;-20.342347 ;
67.100000 ;-26.191912 ;-20.338870 ;
67.200000 ;-26.198938 ;-20.338271 ;
67.300000 ;-26.232618 ;-20.339948 ;
67.400000 ;-26.228016 ;-20.338415 ;
67.500000 ;-26.210046 ;-20.335777 ;
67.600000 ;-26.218744 ;-20.335416 ;
67.700000 ;-26.227797 ;-20.335108 ;
67.800000 ;-26.218222 ;-20.333249 ;
67.900000 ;-26.218746 ;-20.332264 ;
68.000000 ;-26.224680 ;-20.331758 ;
68.100000 ;-26.219753 ;-20.330356 ;
68.200000 ;-26.217808 ;-20.329227 ;
68.300000 ;-26.223658 ;-20.328775 ;
68.400000 ;-26.226524 ;-20.328092 ;
68.500000 ;-26.216456 ;-20.326336 ;
68.600000 ;-26.213564 ;-20.325204 ;
68.700000 ;-26.225282 ;-20.325325 ;
68.800000 ;-26.237208 ;-20.325480 ;
68.900000 ;-26.220053 ;-20.323199 ;
69.000000 ;-26.201579 ;-20.320825 ;
69.100000 ;-26.217105 ;-20.321337 ;
69.200000 ;-26.250091 ;-20.323340 ;
69.300000 ;-26.240144 ;-20.321734 ;
69.400000 ;-26.215453 ;-20.318899 ;
69.500000 ;-26.227172 ;-20.319154 ;
69.600000 ;-26.249331 ;-20.320307 ;
69.700000 ;-26.234163 ;-20.318321 ;
69.800000 ;-26.229891 ;-20.317270 ;
69.900000 ;-26.238174 ;-20.317292 ;
70.000000 ;-26.233490 ;-20.316234 ;
70.100000 ;-26.230236 ;-20.315309 ;
70.200000 ;-26.234864 ;-20.315063 ;
70.300000 ;-26.235546 ;-20.314497 ;
70.400000 ;-26.228759 ;-20.313313 ;
70.500000 ;-26.229223 ;-20.312754 ;
70.600000 ;-26.237906 ;-20.312899 ;
70.700000 ;-26.239828 ;-20.312486 ;
70.800000 ;-26.222242 ;-20.310439 ;
70.900000 ;-26.216647 ;-20.309415 ;
71.000000 ;-26.235390 ;-20.310456 ;
71.100000 ;-26.256464 ;-20.311704 ;
71.200000 ;-26.235637 ;-20.309426 ;
71.300000 ;-26.212093 ;-20.306930 ;
71.400000 ;-26.231154 ;-20.308041 ;
71.500000 ;-26.264207 ;-20.310343 ;
71.600000 ;-26.245211 ;-20.308259 ;
71.700000 ;-26.233145 ;-20.306770 ;
71.800000 ;-26.246301 ;-20.307420 ;
71.900000 ;-26.245032 ;-20.306861 ;
72.000000 ;-26.237760 ;-20.305804 ;
72.100000 ;-26.241155 ;-20.305655 ;
72.200000 ;-26.242261 ;-20.305322 ;
72.300000 ;-26.236775 ;-20.304440 ;
72.400000 ;-26.237607 ;-20.304100 ;
72.500000 ;-26.243549 ;-20.304198 ;
72.600000 ;-26.240155 ;-20.303517 ;
72.700000 ;-26.229722 ;-20.302249 ;
72.800000 ;-26.231752 ;-20.302041 ;
72.900000 ;-26.246273 ;-20.302893 ;
73.000000 ;-26.251807 ;-20.302993 ;
73.100000 ;-26.225305 ;-20.300399 ;
73.200000 ;-26.213610 ;-20.299061 ;
73.300000 ;-26.239936 ;-20.300938 ;
73.400000 ;-26.270720 ;-20.303196 ;
73.500000 ;-26.245860 ;-20.300765 ;
73.600000 ;-26.227443 ;-20.298884 ;
73.700000 ;-26.248127 ;-20.300311 ;
73.800000 ;-26.258416 ;-20.300866 ;
73.900000 ;-26.243065 ;-20.299262 ;
74.000000 ;-26.243839 ;-20.299024 ;
74.100000 ;-26.248400 ;-20.299111 ;
74.200000 ;-26.241907 ;-20.298271 ;
74.300000 ;-26.241497 ;-20.297949 ;
74.400000 ;-26.246124 ;-20.298057 ;
74.500000 ;-26.242199 ;-20.297449 ;
74.600000 ;-26.236775 ;-20.296719 ;
74.700000 ;-26.240484 ;-20.296764 ;
74.800000 ;-26.248958 ;-20.297216 ;
74.900000 ;-26.242901 ;-20.296447 ;
75.000000 ;-26.224308 ;-20.294625 ;
75.100000 ;-26.226163 ;-20.294533 ;
75.200000 ;-26.250738 ;-20.296362 ;
75.300000 ;-26.264954 ;-20.297320 ;
75.400000 ;-26.232789 ;-20.294370 ;
75.500000 ;-26.217544 ;-20.292852 ;
75.600000 ;-26.248023 ;-20.295198 ;
75.700000 ;-26.272089 ;-20.297006 ;
75.800000 ;-26.246076 ;-20.294590 ;
75.900000 ;-26.241552 ;-20.293991 ;
76.000000 ;-26.255100 ;-20.294922 ;
76.100000 ;-26.247037 ;-20.294032 ;
76.200000 ;-26.243100 ;-20.293494 ;
76.300000 ;-26.247551 ;-20.293666 ;
76.400000 ;-26.244546 ;-20.293213 ;
76.500000 ;-26.240547 ;-20.292679 ;
76.600000 ;-26.243676 ;-20.292749 ;
76.700000 ;-26.248126 ;-20.292934 ;
76.800000 ;-26.239635 ;-20.292031 ;
76.900000 ;-26.231637 ;-20.291172 ;
77.000000 ;-26.238599 ;-20.291578 ;
77.100000 ;-26.253897 ;-20.292690 ;
77.200000 ;-26.249567 ;-20.292149 ;
77.300000 ;-26.219477 ;-20.289438 ;
77.400000 ;-26.217932 ;-20.289139 ;
77.500000 ;-26.253402 ;-20.291965 ;
77.600000 ;-26.274478 ;-20.293578 ;
77.700000 ;-26.240489 ;-20.290547 ;
77.800000 ;-26.231830 ;-20.289657 ;
77.900000 ;-26.258324 ;-20.291737 ;
78.000000 ;-26.255583 ;-20.291352 ;
78.100000 ;-26.243675 ;-20.290194 ;
78.200000 ;-26.248050 ;-20.290413 ;
78.300000 ;-26.247534 ;-20.290221 ;
78.400000 ;-26.242244 ;-20.289628 ;
78.500000 ;-26.244166 ;-20.289646 ;
78.600000 ;-26.247058 ;-20.289747 ;
78.700000 ;-26.240623 ;-20.289064 ;
78.800000 ;-26.237707 ;-20.288680 ;
78.900000 ;-26.243946 ;-20.289070 ;
79.000000 ;-26.250447 ;-20.289483 ;
79.100000 ;-26.236684 ;-20.288190 ;
79.200000 ;-26.221095 ;-20.286745 ;
79.300000 ;-26.231104 ;-20.287460 ;
79.400000 ;-26.258793 ;-20.289669 ;
79.500000 ;-26.260663 ;-20.289700 ;
79.600000 ;-26.223575 ;-20.286448 ;
79.700000 ;-26.220430 ;-20.286062 ;
79.800000 ;-26.259458 ;-20.289237 ;
79.900000 ;-26.267462 ;-20.289795 ;
80.000000 ;-26.253455 ;-20.288495 ;
