0.000000 ;-27.500000 ;-20.600000 ;
0.100000 ;-29.315631 ;-20.334627 ;
0.200000 ;-30.543601 ;-20.146973 ;
0.300000 ;-31.426965 ;-20.026736 ;
0.400000 ;-32.107785 ;-19.962089 ;
0.500000 ;-32.640568 ;-19.938902 ;
0.600000 ;-33.072733 ;-19.946937 ;
0.700000 ;-33.417119 ;-19.976459 ;
0.800000 ;-33.703530 ;-20.021553 ;
0.900000 ;-33.940052 ;-20.076658 ;
1.000000 ;-34.129757 ;-20.137583 ;
1.100000 ;-34.286970 ;-20.201789 ;
1.200000 ;-34.428672 ;-20.267795 ;
1.300000 ;-34.544351 ;-20.333013 ;
1.400000 ;-34.628394 ;-20.395697 ;
1.500000 ;-34.691813 ;-20.455727 ;
1.600000 ;-34.760420 ;-20.514483 ;
1.700000 ;-34.828541 ;-20.571018 ;
1.800000 ;-34.870944 ;-20.622577 ;
1.900000 ;-34.896551 ;-20.669874 ;
2.000000 ;-34.938166 ;-20.716168 ;
2.100000 ;-34.975665 ;-20.759364 ;
2.200000 ;-34.992104 ;-20.797737 ;
2.300000 ;-35.003863 ;-20.833064 ;
2.400000 ;-35.035867 ;-20.868044 ;
2.500000 ;-35.058288 ;-20.899663 ;
2.600000 ;-35.058632 ;-20.926729 ;
2.700000 ;-35.059321 ;-20.951735 ;
2.800000 ;-35.089596 ;-20.977901 ;
2.900000 ;-35.108357 ;-21.001009 ;
3.000000 ;-35.097412 ;-21.019251 ;
3.100000 ;-35.087658 ;-21.036030 ;
3.200000 ;-35.117368 ;-21.055531 ;
3.300000 ;-35.132694 ;-21.072139 ;
3.400000 ;-35.116664 ;-21.084147 ;
3.500000 ;-35.112306 ;-21.096239 ;
3.600000 ;-35.136263 ;-21.110282 ;
3.700000 ;-35.140190 ;-21.121205 ;
3.800000 ;-35.127169 ;-21.129415 ;
3.900000 ;-35.137459 ;-21.139287 ;
4.000000 ;-35.149957 ;-21.148636 ;
4.100000 ;-35.144806 ;-21.155401 ;
4.200000 ;-35.139120 ;-21.161471 ;
4.300000 ;-35.153941 ;-21.169153 ;
4.400000 ;-35.159928 ;-21.175357 ;
4.500000 ;-35.149262 ;-21.179291 ;
4.600000 ;-35.145273 ;-21.183497 ;
4.700000 ;-35.165151 ;-21.189855 ;
4.800000 ;-35.170938 ;-21.194335 ;
4.900000 ;-35.152970 ;-21.195933 ;
5.000000 ;-35.143047 ;-21.198087 ;
5.100000 ;-35.168869 ;-21.203796 ;
5.200000 ;-35.177340 ;-21.207393 ;
5.300000 ;-35.154076 ;-21.207359 ;
5.400000 ;-35.143780 ;-21.208508 ;
5.500000 ;-35.168255 ;-21.213197 ;
5.600000 ;-35.170926 ;-21.215378 ;
5.700000 ;-35.151165 ;-21.215000 ;
5.800000 ;-35.157022 ;-21.217230 ;
5.900000 ;-35.170029 ;-21.220102 ;
6.000000 ;-35.163546 ;-21.220770 ;
6.100000 ;-35.155216 ;-21.221138 ;
6.200000 ;-35.167666 ;-21.223644 ;
6.300000 ;-35.171326 ;-21.225125 ;
6.400000 ;-35.160577 ;-21.224986 ;
6.500000 ;-35.159261 ;-21.225794 ;
6.600000 ;-35.174772 ;-21.228348 ;
6.700000 ;-35.175461 ;-21.229259 ;
6.800000 ;-35.158575 ;-21.228237 ;
6.900000 ;-35.155322 ;-21.228635 ;
7.000000 ;-35.179128 ;-21.231902 ;
7.100000 ;-35.182185 ;-21.232909 ;
7.200000 ;-35.156867 ;-21.230841 ;
7.300000 ;-35.147918 ;-21.230503 ;
7.400000 ;-35.174953 ;-21.234005 ;
7.500000 ;-35.177642 ;-21.234874 ;
7.600000 ;-35.152441 ;-21.232732 ;
7.700000 ;-35.154574 ;-21.233509 ;
7.800000 ;-35.171713 ;-21.235881 ;
7.900000 ;-35.165743 ;-21.235761 ;
8.000000 ;-35.153591 ;-21.234967 ;
8.100000 ;-35.165910 ;-21.236790 ;
8.200000 ;-35.170103 ;-21.237733 ;
8.300000 ;-35.159934 ;-21.237126 ;
8.400000 ;-35.159966 ;-21.237608 ;
8.500000 ;-35.172191 ;-21.239395 ;
8.600000 ;-35.170523 ;-21.239685 ;
8.700000 ;-35.156560 ;-21.238649 ;
8.800000 ;-35.159591 ;-21.239436 ;
8.900000 ;-35.178832 ;-21.241960 ;
9.000000 ;-35.176433 ;-21.242157 ;
9.100000 ;-35.152778 ;-21.240069 ;
9.200000 ;-35.150326 ;-21.240255 ;
9.300000 ;-35.178234 ;-21.243699 ;
9.400000 ;-35.178551 ;-21.244179 ;
9.500000 ;-35.148921 ;-21.241441 ;
9.600000 ;-35.146689 ;-21.241643 ;
9.700000 ;-35.157005 ;-21.243189 ;
9.800000 ;-35.158443 ;-21.243779 ;
9.900000 ;-35.160379 ;-21.269081 ;
10.000000 ;-35.148997 ;-21.537264 ;
10.100000 ;-35.104981 ;-21.922862 ;
10.200000 ;-35.021981 ;-22.319771 ;
10.300000 ;-34.900436 ;-22.686953 ;
10.400000 ;-34.747556 ;-23.012396 ;
10.500000 ;-34.571408 ;-23.293992 ;
10.600000 ;-34.380083 ;-23.533832 ;
10.700000 ;-34.181316 ;-23.735641 ;
10.800000 ;-33.980070 ;-23.903442 ;
10.900000 ;-33.782723 ;-24.041567 ;
11.000000 ;-33.592148 ;-24.153864 ;
11.100000 ;-33.406594 ;-24.243514 ;
11.200000 ;-33.236641 ;-24.314783 ;
11.300000 ;-33.081682 ;-24.370399 ;
11.400000 ;-32.922478 ;-24.410720 ;
11.500000 ;-32.771782 ;-24.439510 ;
11.600000 ;-32.659863 ;-24.462277 ;
11.700000 ;-32.576005 ;-24.479457 ;
11.800000 ;-32.471090 ;-24.486729 ;
11.900000 ;-32.360668 ;-24.487319 ;
12.000000 ;-32.284289 ;-24.487144 ;
12.100000 ;-32.215021 ;-24.483808 ;
12.200000 ;-32.138878 ;-24.476396 ;
12.300000 ;-32.080543 ;-24.468610 ;
12.400000 ;-32.030883 ;-24.459882 ;
12.500000 ;-31.974488 ;-24.448806 ;
12.600000 ;-31.929777 ;-24.438003 ;
12.700000 ;-31.900322 ;-24.428206 ;
12.800000 ;-31.866609 ;-24.417297 ;
12.900000 ;-31.816698 ;-24.404036 ;
13.000000 ;-31.786831 ;-24.393020 ;
13.100000 ;-31.784360 ;-24.385275 ;
13.200000 ;-31.774653 ;-24.376649 ;
13.300000 ;-31.721047 ;-24.362715 ;
13.400000 ;-31.691500 ;-24.351915 ;
13.500000 ;-31.710116 ;-24.347273 ;
13.600000 ;-31.712562 ;-24.340867 ;
13.700000 ;-31.668514 ;-24.328979 ;
13.800000 ;-31.656497 ;-24.321327 ;
13.900000 ;-31.665240 ;-24.316528 ;
14.000000 ;-31.642181 ;-24.308095 ;
14.100000 ;-31.628552 ;-24.301116 ;
14.200000 ;-31.627733 ;-24.296003 ;
14.300000 ;-31.614338 ;-24.289625 ;
14.400000 ;-31.602907 ;-24.283763 ;
14.500000 ;-31.602392 ;-24.279509 ;
14.600000 ;-31.598641 ;-24.275113 ;
14.700000 ;-31.580788 ;-24.269231 ;
14.800000 ;-31.573891 ;-24.264930 ;
14.900000 ;-31.583556 ;-24.262886 ;
15.000000 ;-31.586832 ;-24.260269 ;
15.100000 ;-31.555634 ;-24.253617 ;
15.200000 ;-31.540765 ;-24.249163 ;
15.300000 ;-31.566444 ;-24.249876 ;
15.400000 ;-31.590895 ;-24.250607 ;
15.500000 ;-31.554880 ;-24.244062 ;
15.600000 ;-31.537680 ;-24.239980 ;
15.700000 ;-31.565691 ;-24.241601 ;
15.800000 ;-31.567807 ;-24.240173 ;
15.900000 ;-31.547006 ;-24.236050 ;
16.000000 ;-31.550383 ;-24.235014 ;
16.100000 ;-31.552357 ;-24.233915 ;
16.200000 ;-31.541793 ;-24.231379 ;
16.300000 ;-31.541919 ;-24.230250 ;
16.400000 ;-31.545329 ;-24.229613 ;
16.500000 ;-31.535856 ;-24.227480 ;
16.600000 ;-31.531596 ;-24.226064 ;
16.700000 ;-31.538885 ;-24.226138 ;
16.800000 ;-31.542210 ;-24.225793 ;
16.900000 ;-31.521984 ;-24.222622 ;
17.000000 ;-31.513342 ;-24.220932 ;
17.100000 ;-31.532839 ;-24.222751 ;
17.200000 ;-31.553847 ;-24.224806 ;
17.300000 ;-31.524949 ;-24.220782 ;
17.400000 ;-31.500195 ;-24.217312 ;
17.500000 ;-31.528294 ;-24.220374 ;
17.600000 ;-31.562124 ;-24.224180 ;
17.700000 ;-31.531503 ;-24.220108 ;
17.800000 ;-31.521954 ;-24.218653 ;
17.900000 ;-31.541568 ;-24.220810 ;
18.000000 ;-31.532783 ;-24.219512 ;
18.100000 ;-31.525456 ;-24.218418 ;
18.200000 ;-31.531464 ;-24.218985 ;
18.300000 ;-31.527588 ;-24.218363 ;
18.400000 ;-31.522050 ;-24.217559 ;
18.500000 ;-31.526300 ;-24.217974 ;
18.600000 ;-31.530186 ;-24.218363 ;
18.700000 ;-31.518199 ;-24.216824 ;
18.800000 ;-31.513016 ;-24.216135 ;
18.900000 ;-31.525323 ;-24.217606 ;
19.000000 ;-31.537907 ;-24.219124 ;
19.100000 ;-31.514538 ;-24.216245 ;
19.200000 ;-31.492706 ;-24.213567 ;
19.300000 ;-31.515265 ;-24.216347 ;
19.400000 ;-31.554853 ;-24.221228 ;
19.500000 ;-31.532762 ;-24.218549 ;
19.600000 ;-31.504369 ;-24.215104 ;
19.700000 ;-31.527678 ;-24.218014 ;
19.800000 ;-31.547377 ;-24.220490 ;
19.900000 ;-31.525632 ;-24.217888 ;
20.000000 ;-31.525642 ;-24.217959 ;
20.100000 ;-31.532515 ;-24.218877 ;
20.200000 ;-31.523738 ;-24.217883 ;
20.300000 ;-31.523598 ;-24.217953 ;
20.400000 ;-31.529024 ;-24.218709 ;
20.500000 ;-31.522527 ;-24.218008 ;
20.600000 ;-31.518066 ;-24.217562 ;
20.700000 ;-31.525052 ;-24.218522 ;
20.800000 ;-31.532281 ;-24.219515 ;
20.900000 ;-31.515547 ;-24.217574 ;
21.000000 ;-31.502032 ;-24.216031 ;
21.100000 ;-31.518234 ;-24.218135 ;
21.200000 ;-31.546600 ;-24.221734 ;
21.300000 ;-31.530604 ;-24.219894 ;
21.400000 ;-31.494118 ;-24.215540 ;
21.500000 ;-31.511467 ;-24.217797 ;
21.600000 ;-31.558484 ;-24.223699 ;
21.700000 ;-31.538916 ;-24.221432 ;
21.800000 ;-31.519457 ;-24.219176 ;
21.900000 ;-31.536564 ;-24.221408 ;
22.000000 ;-31.535333 ;-24.221393 ;
22.100000 ;-31.525998 ;-24.220386 ;
22.200000 ;-31.530669 ;-24.221096 ;
22.300000 ;-31.529757 ;-24.221123 ;
22.400000 ;-31.523998 ;-24.220557 ;
22.500000 ;-31.527123 ;-24.221080 ;
22.600000 ;-31.532749 ;-24.221911 ;
22.700000 ;-31.523036 ;-24.220862 ;
22.800000 ;-31.515354 ;-24.220064 ;
22.900000 ;-31.525342 ;-24.221431 ;
23.000000 ;-31.541415 ;-24.223546 ;
23.100000 ;-31.526371 ;-24.221846 ;
23.200000 ;-31.495960 ;-24.218260 ;
23.300000 ;-31.508985 ;-24.220005 ;
23.400000 ;-31.554781 ;-24.225772 ;
23.500000 ;-31.551967 ;-24.225575 ;
23.600000 ;-31.512646 ;-24.220896 ;
23.700000 ;-31.524335 ;-24.222478 ;
23.800000 ;-31.557415 ;-24.226688 ;
23.900000 ;-31.536780 ;-24.224308 ;
24.000000 ;-31.531097 ;-24.223759 ;
24.100000 ;-31.539992 ;-24.224998 ;
24.200000 ;-31.532272 ;-24.224201 ;
24.300000 ;-31.530376 ;-24.224117 ;
24.400000 ;-31.535906 ;-24.224943 ;
24.500000 ;-31.531655 ;-24.224571 ;
24.600000 ;-31.525968 ;-24.224022 ;
24.700000 ;-31.531201 ;-24.224812 ;
24.800000 ;-31.540138 ;-24.226056 ;
24.900000 ;-31.528002 ;-24.224717 ;
25.000000 ;-31.509630 ;-24.222613 ;
25.100000 ;-31.520005 ;-24.224034 ;
25.200000 ;-31.551085 ;-24.227995 ;
25.300000 ;-31.552171 ;-24.228277 ;
25.400000 ;-31.532033 ;-24.225956 ;
25.500000 ;-31.536907 ;-24.226702 ;
25.600000 ;-31.543726 ;-24.227687 ;
25.700000 ;-31.534924 ;-24.226757 ;
25.800000 ;-31.535876 ;-24.227022 ;
25.900000 ;-31.539958 ;-24.227671 ;
26.000000 ;-31.533214 ;-24.226993 ;
26.100000 ;-31.531479 ;-24.226928 ;
26.200000 ;-31.539066 ;-24.228006 ;
26.300000 ;-31.541617 ;-24.228467 ;
26.400000 ;-31.523358 ;-24.226376 ;
26.500000 ;-31.517428 ;-24.225796 ;
26.600000 ;-31.537636 ;-24.228422 ;
26.700000 ;-31.559545 ;-24.231256 ;
26.800000 ;-31.543105 ;-24.229388 ;
26.900000 ;-31.533846 ;-24.228399 ;
27.000000 ;-31.546100 ;-24.230048 ;
27.100000 ;-31.543443 ;-24.229869 ;
27.200000 ;-31.537033 ;-24.229230 ;
27.300000 ;-31.541780 ;-24.229958 ;
27.400000 ;-31.542538 ;-24.230197 ;
27.500000 ;-31.534880 ;-24.229404 ;
27.600000 ;-31.536431 ;-24.229740 ;
27.700000 ;-31.545871 ;-24.231042 ;
27.800000 ;-31.541557 ;-24.230658 ;
27.900000 ;-31.523162 ;-24.228547 ;
28.000000 ;-31.526166 ;-24.229060 ;
28.100000 ;-31.551493 ;-24.232311 ;
28.200000 ;-31.559551 ;-24.233443 ;
28.300000 ;-31.521182 ;-24.228879 ;
28.400000 ;-31.513821 ;-24.228119 ;
28.500000 ;-31.556292 ;-24.233477 ;
28.600000 ;-31.571441 ;-24.235483 ;
28.700000 ;-31.538363 ;-24.231567 ;
28.800000 ;-31.541353 ;-24.232075 ;
28.900000 ;-31.560675 ;-24.234589 ;
29.000000 ;-31.546417 ;-24.232984 ;
29.100000 ;-31.544106 ;-24.232842 ;
29.200000 ;-31.550459 ;-24.233762 ;
29.300000 ;-31.543834 ;-24.233091 ;
29.400000 ;-31.541920 ;-24.232997 ;
29.500000 ;-31.548323 ;-24.233921 ;
29.600000 ;-31.546861 ;-24.233882 ;
29.700000 ;-31.535745 ;-24.232659 ;
29.800000 ;-31.537628 ;-24.233029 ;
29.900000 ;-31.552740 ;-24.235020 ;
30.000000 ;-31.555125 ;-24.235451 ;
30.100000 ;-31.524287 ;-24.231806 ;
30.200000 ;-31.517799 ;-24.231149 ;
30.300000 ;-31.553259 ;-24.235639 ;
30.400000 ;-31.580279 ;-24.239093 ;
30.500000 ;-31.541024 ;-24.234412 ;
30.600000 ;-31.527731 ;-24.232917 ;
30.700000 ;-31.564197 ;-24.237532 ;
30.800000 ;-31.566375 ;-24.237939 ;
30.900000 ;-31.547490 ;-24.235760 ;
31.000000 ;-31.554150 ;-24.236712 ;
31.100000 ;-31.555259 ;-24.236984 ;
31.200000 ;-31.547884 ;-24.236215 ;
31.300000 ;-31.550996 ;-24.236731 ;
31.400000 ;-31.553427 ;-24.237163 ;
31.500000 ;-31.545920 ;-24.236377 ;
31.600000 ;-31.545758 ;-24.236490 ;
31.700000 ;-31.554626 ;-24.237710 ;
31.800000 ;-31.554425 ;-24.237819 ;
31.900000 ;-31.534545 ;-24.235513 ;
32.000000 ;-31.532094 ;-24.235345 ;
32.100000 ;-31.556077 ;-24.238419 ;
32.200000 ;-31.574445 ;-24.240804 ;
32.300000 ;-31.538997 ;-24.236585 ;
32.400000 ;-31.517405 ;-24.234065 ;
32.500000 ;-31.554443 ;-24.238745 ;
32.600000 ;-31.590595 ;-24.243317 ;
32.700000 ;-31.555522 ;-24.239144 ;
32.800000 ;-31.547870 ;-24.238334 ;
32.900000 ;-31.569887 ;-24.241165 ;
33.000000 ;-31.559198 ;-24.239985 ;
33.100000 ;-31.553695 ;-24.239440 ;
33.200000 ;-31.559864 ;-24.240324 ;
33.300000 ;-31.554838 ;-24.239837 ;
33.400000 ;-31.551642 ;-24.239572 ;
33.500000 ;-31.557053 ;-24.240363 ;
33.600000 ;-31.558090 ;-24.240617 ;
33.700000 ;-31.546676 ;-24.239344 ;
33.800000 ;-31.545632 ;-24.239343 ;
33.900000 ;-31.559625 ;-24.241184 ;
34.000000 ;-31.567948 ;-24.242331 ;
34.100000 ;-31.538817 ;-24.238882 ;
34.200000 ;-31.522366 ;-24.236988 ;
34.300000 ;-31.552493 ;-24.240812 ;
34.400000 ;-31.592175 ;-24.245808 ;
34.500000 ;-31.561852 ;-24.242210 ;
34.600000 ;-31.534325 ;-24.238954 ;
34.700000 ;-31.564595 ;-24.242795 ;
34.800000 ;-31.582957 ;-24.245177 ;
34.900000 ;-31.559885 ;-24.242471 ;
35.000000 ;-31.561514 ;-24.242793 ;
35.100000 ;-31.566403 ;-24.243516 ;
35.200000 ;-31.558231 ;-24.242636 ;
35.300000 ;-31.559513 ;-24.242915 ;
35.400000 ;-31.563432 ;-24.243516 ;
35.500000 ;-31.556456 ;-24.242782 ;
35.600000 ;-31.554529 ;-24.242666 ;
35.700000 ;-31.562382 ;-24.243748 ;
35.800000 ;-31.565893 ;-24.244298 ;
35.900000 ;-31.546538 ;-24.242044 ;
36.000000 ;-31.538595 ;-24.241189 ;
36.100000 ;-31.559221 ;-24.243838 ;
36.200000 ;-31.584341 ;-24.247039 ;
36.300000 ;-31.568579 ;-24.245224 ;
36.400000 ;-31.557434 ;-24.243974 ;
36.500000 ;-31.569131 ;-24.245526 ;
36.600000 ;-31.566874 ;-24.245368 ;
36.700000 ;-31.560545 ;-24.244709 ;
36.800000 ;-31.564893 ;-24.245359 ;
36.900000 ;-31.565128 ;-24.245504 ;
37.000000 ;-31.558020 ;-24.244749 ;
37.100000 ;-31.559809 ;-24.245084 ;
37.200000 ;-31.568636 ;-24.246282 ;
37.300000 ;-31.563524 ;-24.245771 ;
37.400000 ;-31.545244 ;-24.243644 ;
37.500000 ;-31.548544 ;-24.244163 ;
37.600000 ;-31.574107 ;-24.247414 ;
37.700000 ;-31.583181 ;-24.248641 ;
37.800000 ;-31.542682 ;-24.243784 ;
37.900000 ;-31.532508 ;-24.242648 ;
38.000000 ;-31.577005 ;-24.248227 ;
38.100000 ;-31.598813 ;-24.251021 ;
38.200000 ;-31.562392 ;-24.246663 ;
38.300000 ;-31.562610 ;-24.246802 ;
38.400000 ;-31.583961 ;-24.249535 ;
38.500000 ;-31.569719 ;-24.247901 ;
38.600000 ;-31.566576 ;-24.247627 ;
38.700000 ;-31.572467 ;-24.248460 ;
38.800000 ;-31.566045 ;-24.247783 ;
38.900000 ;-31.564289 ;-24.247678 ;
39.000000 ;-31.570279 ;-24.248522 ;
39.100000 ;-31.568283 ;-24.248387 ;
39.200000 ;-31.557733 ;-24.247202 ;
39.300000 ;-31.559947 ;-24.247583 ;
39.400000 ;-31.574553 ;-24.249482 ;
39.500000 ;-31.576269 ;-24.249801 ;
39.600000 ;-31.544565 ;-24.246018 ;
39.700000 ;-31.537597 ;-24.245271 ;
39.800000 ;-31.573886 ;-24.249833 ;
39.900000 ;-31.603873 ;-24.253622 ;
40.000000 ;-31.584265 ;-24.251322 ;
40.100000 ;-31.575339 ;-24.250319 ;
40.200000 ;-31.572153 ;-24.250003 ;
40.300000 ;-31.572203 ;-24.250066 ;
40.400000 ;-31.572269 ;-24.250115 ;
40.500000 ;-31.573369 ;-24.250285 ;
40.600000 ;-31.574667 ;-24.250478 ;
40.700000 ;-31.576444 ;-24.250733 ;
40.800000 ;-31.578617 ;-24.251046 ;
40.900000 ;-31.580908 ;-24.251386 ;
41.000000 ;-31.583703 ;-24.251802 ;
41.100000 ;-31.586999 ;-24.252294 ;
41.200000 ;-31.590146 ;-24.252788 ;
41.300000 ;-31.593530 ;-24.253332 ;
41.400000 ;-31.598276 ;-24.254051 ;
41.500000 ;-31.603972 ;-24.254897 ;
41.600000 ;-31.607257 ;-24.255471 ;
41.700000 ;-31.603502 ;-24.255214 ;
41.800000 ;-31.606098 ;-24.255733 ;
41.900000 ;-31.621120 ;-24.257750 ;
42.000000 ;-31.643506 ;-24.260647 ;
42.100000 ;-31.657063 ;-24.262461 ;
42.200000 ;-31.651331 ;-24.261923 ;
42.300000 ;-31.657135 ;-24.262778 ;
42.400000 ;-31.676601 ;-24.265279 ;
42.500000 ;-31.682473 ;-24.266069 ;
42.600000 ;-31.689728 ;-24.266978 ;
42.700000 ;-31.706214 ;-24.268954 ;
42.800000 ;-31.717684 ;-24.270239 ;
42.900000 ;-31.722864 ;-24.270668 ;
43.000000 ;-31.739277 ;-24.272365 ;
43.100000 ;-31.765450 ;-24.275132 ;
43.200000 ;-31.778264 ;-24.276121 ;
43.300000 ;-31.768859 ;-24.274223 ;
43.400000 ;-31.785498 ;-24.275357 ;
43.500000 ;-31.836504 ;-24.280522 ;
43.600000 ;-31.876389 ;-24.284090 ;
43.700000 ;-31.854423 ;-24.279776 ;
43.800000 ;-31.859351 ;-24.278526 ;
43.900000 ;-31.923569 ;-24.284330 ;
44.000000 ;-31.961901 ;-24.286606 ;
44.100000 ;-31.956276 ;-24.283092 ;
44.200000 ;-31.983837 ;-24.283323 ;
44.300000 ;-32.017509 ;-24.283916 ;
44.400000 ;-32.032482 ;-24.281771 ;
44.500000 ;-32.059779 ;-24.280703 ;
44.600000 ;-32.090658 ;-24.279603 ;
44.700000 ;-32.111592 ;-24.276778 ;
44.800000 ;-32.139609 ;-24.274301 ;
44.900000 ;-32.176564 ;-24.272370 ;
45.000000 ;-32.204661 ;-24.268771 ;
45.100000 ;-32.219496 ;-24.262946 ;
45.200000 ;-32.251552 ;-24.258627 ;
45.300000 ;-32.303921 ;-24.256167 ;
45.400000 ;-32.345538 ;-24.251711 ;
45.500000 ;-32.342997 ;-24.241108 ;
45.600000 ;-32.363274 ;-24.232647 ;
45.700000 ;-32.434778 ;-24.229839 ;
45.800000 ;-32.499288 ;-24.225431 ;
45.900000 ;-32.496764 ;-24.211955 ;
46.000000 ;-32.522702 ;-24.201278 ;
46.100000 ;-32.585511 ;-24.194437 ;
46.200000 ;-32.612811 ;-24.182423 ;
46.300000 ;-32.638050 ;-24.169395 ;
46.400000 ;-32.680760 ;-24.157775 ;
46.500000 ;-32.713485 ;-24.144159 ;
46.600000 ;-32.743787 ;-24.129491 ;
46.700000 ;-32.784141 ;-24.115312 ;
46.800000 ;-32.823089 ;-24.100216 ;
46.900000 ;-32.848713 ;-24.082754 ;
47.000000 ;-32.882368 ;-24.065560 ;
47.100000 ;-32.930040 ;-24.049374 ;
47.200000 ;-32.973343 ;-24.031955 ;
47.300000 ;-32.984826 ;-24.009954 ;
47.400000 ;-33.006820 ;-23.988592 ;
47.500000 ;-33.066625 ;-23.971241 ;
47.600000 ;-33.134562 ;-23.954266 ;
47.700000 ;-33.143812 ;-23.929480 ;
47.800000 ;-33.150428 ;-23.903807 ;
47.900000 ;-33.210508 ;-23.884157 ;
48.000000 ;-33.275420 ;-23.864579 ;
48.100000 ;-33.283195 ;-23.837491 ;
48.200000 ;-33.311679 ;-23.812475 ;
48.300000 ;-33.358926 ;-23.789316 ;
48.400000 ;-33.383079 ;-23.762922 ;
48.500000 ;-33.411903 ;-23.736714 ;
48.600000 ;-33.450718 ;-23.711365 ;
48.700000 ;-33.479526 ;-23.684473 ;
48.800000 ;-33.504932 ;-23.656873 ;
48.900000 ;-33.540679 ;-23.630250 ;
49.000000 ;-33.580027 ;-23.603817 ;
49.100000 ;-33.600040 ;-23.574840 ;
49.200000 ;-33.615843 ;-23.545175 ;
49.300000 ;-33.654677 ;-23.518118 ;
49.400000 ;-33.708640 ;-23.492743 ;
49.500000 ;-33.734328 ;-23.463863 ;
49.600000 ;-33.724797 ;-23.430684 ;
49.700000 ;-33.754069 ;-23.402104 ;
49.800000 ;-33.827168 ;-23.378741 ;
49.900000 ;-33.864146 ;-23.351042 ;
50.000000 ;-33.855863 ;-23.317949 ;
50.100000 ;-33.885816 ;-23.289463 ;
50.200000 ;-33.936240 ;-23.263479 ;
50.300000 ;-33.946899 ;-23.232838 ;
50.400000 ;-33.966843 ;-23.203402 ;
50.500000 ;-33.999667 ;-23.175616 ;
50.600000 ;-34.018546 ;-23.146316 ;
50.700000 ;-34.038326 ;-23.117279 ;
50.800000 ;-34.067519 ;-23.089524 ;
50.900000 ;-34.092965 ;-23.061515 ;
51.000000 ;-34.104621 ;-23.032091 ;
51.100000 ;-34.124819 ;-23.003887 ;
51.200000 ;-34.159478 ;-22.977605 ;
51.300000 ;-34.190430 ;-22.951131 ;
51.400000 ;-34.187027 ;-22.920899 ;
51.500000 ;-34.189730 ;-22.891650 ;
51.600000 ;-34.232908 ;-22.867394 ;
51.700000 ;-34.291791 ;-22.845252 ;
51.800000 ;-34.293437 ;-22.816735 ;
51.900000 ;-34.276747 ;-22.786396 ;
52.000000 ;-34.314064 ;-22.762640 ;
52.100000 ;-34.371366 ;-22.741519 ;
52.200000 ;-34.366876 ;-22.713552 ;
52.300000 ;-34.374220 ;-22.687284 ;
52.400000 ;-34.404908 ;-22.664050 ;
52.500000 ;-34.416361 ;-22.638931 ;
52.600000 ;-34.427379 ;-22.614103 ;
52.700000 ;-34.449306 ;-22.590875 ;
52.800000 ;-34.465207 ;-22.567302 ;
52.900000 ;-34.473679 ;-22.543227 ;
53.000000 ;-34.491135 ;-22.520532 ;
53.100000 ;-34.515686 ;-22.499001 ;
53.200000 ;-34.526711 ;-22.476277 ;
53.300000 ;-34.522618 ;-22.452186 ;
53.400000 ;-34.537711 ;-22.430636 ;
53.500000 ;-34.576002 ;-22.412082 ;
53.600000 ;-34.605203 ;-22.392845 ;
53.700000 ;-34.582096 ;-22.368017 ;
53.800000 ;-34.573168 ;-22.345155 ;
53.900000 ;-34.621436 ;-22.329136 ;
54.000000 ;-34.677521 ;-22.314351 ;
54.100000 ;-34.657115 ;-22.291237 ;
54.200000 ;-34.651541 ;-22.270153 ;
54.300000 ;-34.687454 ;-22.254109 ;
54.400000 ;-34.698918 ;-22.235641 ;
54.500000 ;-34.697774 ;-22.216085 ;
54.600000 ;-34.713572 ;-22.198777 ;
54.700000 ;-34.725411 ;-22.181356 ;
54.800000 ;-34.729281 ;-22.163367 ;
54.900000 ;-34.741731 ;-22.146670 ;
55.000000 ;-34.758349 ;-22.130763 ;
55.100000 ;-34.761069 ;-22.113617 ;
55.200000 ;-34.762479 ;-22.096641 ;
55.300000 ;-34.778851 ;-22.081653 ;
55.400000 ;-34.803434 ;-22.067892 ;
55.500000 ;-34.805981 ;-22.051971 ;
55.600000 ;-34.783040 ;-22.033507 ;
55.700000 ;-34.791998 ;-22.018902 ;
55.800000 ;-34.840559 ;-22.009009 ;
55.900000 ;-34.874728 ;-21.997798 ;
56.000000 ;-34.839103 ;-21.979088 ;
56.100000 ;-34.829595 ;-21.963575 ;
56.200000 ;-34.877113 ;-21.954693 ;
56.300000 ;-34.899183 ;-21.943248 ;
56.400000 ;-34.880859 ;-21.927574 ;
56.500000 ;-34.890257 ;-21.915248 ;
56.600000 ;-34.905570 ;-21.903841 ;
56.700000 ;-34.902716 ;-21.890673 ;
56.800000 ;-34.909379 ;-21.878812 ;
56.900000 ;-34.921710 ;-21.867829 ;
57.000000 ;-34.922137 ;-21.855771 ;
57.100000 ;-34.924519 ;-21.844171 ;
57.200000 ;-34.937194 ;-21.833944 ;
57.300000 ;-34.950354 ;-21.824004 ;
57.400000 ;-34.941797 ;-21.811894 ;
57.500000 ;-34.933419 ;-21.800028 ;
57.600000 ;-34.951096 ;-21.791258 ;
57.700000 ;-34.984700 ;-21.784462 ;
57.800000 ;-34.989924 ;-21.774746 ;
57.900000 ;-34.975512 ;-21.763075 ;
58.000000 ;-34.984494 ;-21.754188 ;
58.100000 ;-35.001312 ;-21.746366 ;
58.200000 ;-34.996170 ;-21.736324 ;
58.300000 ;-34.998763 ;-21.727326 ;
58.400000 ;-35.010532 ;-21.719529 ;
58.500000 ;-35.011294 ;-21.710709 ;
58.600000 ;-35.008851 ;-21.701720 ;
58.700000 ;-35.017792 ;-21.694161 ;
58.800000 ;-35.032159 ;-21.687374 ;
58.900000 ;-35.027549 ;-21.678679 ;
59.000000 ;-35.013215 ;-21.669088 ;
59.100000 ;-35.023041 ;-21.662312 ;
59.200000 ;-35.054430 ;-21.658062 ;
59.300000 ;-35.065728 ;-21.651770 ;
59.400000 ;-35.029209 ;-21.640399 ;
59.500000 ;-35.022721 ;-21.632473 ;
59.600000 ;-35.068284 ;-21.630397 ;
59.700000 ;-35.097103 ;-21.626633 ;
59.800000 ;-35.064543 ;-21.616294 ;
59.900000 ;-35.062836 ;-21.609476 ;
60.000000 ;-35.090069 ;-21.605965 ;
60.100000 ;-35.083295 ;-21.598869 ;
60.200000 ;-35.078355 ;-21.592106 ;
60.300000 ;-35.088423 ;-21.587115 ;
60.400000 ;-35.089013 ;-21.581217 ;
60.500000 ;-35.085705 ;-21.575018 ;
60.600000 ;-35.092263 ;-21.570020 ;
60.700000 ;-35.101144 ;-21.565395 ;
60.800000 ;-35.094016 ;-21.559143 ;
60.900000 ;-35.088639 ;-21.553198 ;
61.000000 ;-35.100315 ;-21.549225 ;
61.100000 ;-35.119035 ;-21.546131 ;
61.200000 ;-35.110294 ;-21.540153 ;
61.300000 ;-35.081230 ;-21.532071 ;
61.400000 ;-35.089090 ;-21.528114 ;
61.500000 ;-35.133916 ;-21.528284 ;
61.600000 ;-35.151171 ;-21.525550 ;
61.700000 ;-35.109233 ;-21.516470 ;
61.800000 ;-35.104831 ;-21.511575 ;
61.900000 ;-35.146923 ;-21.511836 ;
62.000000 ;-35.147522 ;-21.507671 ;
62.100000 ;-35.129606 ;-21.501580 ;
62.200000 ;-35.138175 ;-21.498459 ;
62.300000 ;-35.143169 ;-21.495034 ;
62.400000 ;-35.136054 ;-21.490378 ;
62.500000 ;-35.139541 ;-21.486955 ;
62.600000 ;-35.146335 ;-21.483974 ;
62.700000 ;-35.140406 ;-21.479689 ;
62.800000 ;-35.138461 ;-21.475914 ;
62.900000 ;-35.147730 ;-21.473433 ;
63.000000 ;-35.156270 ;-21.470947 ;
63.100000 ;-35.140761 ;-21.465923 ;
63.200000 ;-35.127894 ;-21.461258 ;
63.300000 ;-35.143727 ;-21.459777 ;
63.400000 ;-35.174822 ;-21.460020 ;
63.500000 ;-35.169364 ;-21.456362 ;
63.600000 ;-35.126789 ;-21.448746 ;
63.700000 ;-35.131114 ;-21.446284 ;
63.800000 ;-35.184244 ;-21.449177 ;
63.900000 ;-35.193059 ;-21.447322 ;
64.000000 ;-35.158735 ;-21.440846 ;
64.100000 ;-35.164555 ;-21.438786 ;
64.200000 ;-35.185571 ;-21.438432 ;
64.300000 ;-35.171436 ;-21.434320 ;
64.400000 ;-35.169252 ;-21.431558 ;
64.500000 ;-35.176937 ;-21.429919 ;
64.600000 ;-35.171659 ;-21.426928 ;
64.700000 ;-35.169276 ;-21.424302 ;
64.800000 ;-35.176021 ;-21.422715 ;
64.900000 ;-35.179090 ;-21.420779 ;
65.000000 ;-35.167602 ;-21.417315 ;
65.100000 ;-35.164855 ;-21.414845 ;
65.200000 ;-35.178938 ;-21.414242 ;
65.300000 ;-35.193275 ;-21.413712 ;
65.400000 ;-35.171316 ;-21.409298 ;
65.500000 ;-35.143892 ;-21.404337 ;
65.600000 ;-35.162018 ;-21.404349 ;
65.700000 ;-35.210626 ;-21.407700 ;
65.800000 ;-35.209946 ;-21.405754 ;
65.900000 ;-35.165194 ;-21.399080 ;
66.000000 ;-35.171799 ;-21.398007 ;
66.100000 ;-35.215120 ;-21.400946 ;
66.200000 ;-35.200739 ;-21.397674 ;
66.300000 ;-35.186793 ;-21.394484 ;
66.400000 ;-35.197167 ;-21.393962 ;
66.500000 ;-35.194439 ;-21.392056 ;
66.600000 ;-35.188498 ;-21.389836 ;
66.700000 ;-35.193101 ;-21.388790 ;
66.800000 ;-35.195090 ;-21.387493 ;
66.900000 ;-35.187534 ;-21.385196 ;
67.000000 ;-35.187656 ;-21.383760 ;
67.100000 ;-35.197318 ;-21.383386 ;
67.200000 ;-35.199997 ;-21.382286 ;
67.300000 ;-35.178864 ;-21.378643 ;
67.400000 ;-35.170710 ;-21.376431 ;
67.500000 ;-35.192523 ;-21.377485 ;
67.600000 ;-35.221431 ;-21.379332 ;
67.700000 ;-35.208292 ;-21.376662 ;
67.800000 ;-35.192935 ;-21.373778 ;
67.900000 ;-35.203275 ;-21.373698 ;
68.000000 ;-35.206884 ;-21.372916 ;
68.100000 ;-35.198027 ;-21.370810 ;
68.200000 ;-35.200120 ;-21.369912 ;
68.300000 ;-35.205075 ;-21.369346 ;
68.400000 ;-35.197708 ;-21.367471 ;
68.500000 ;-35.194983 ;-21.366121 ;
68.600000 ;-35.202938 ;-21.365945 ;
68.700000 ;-35.208903 ;-21.365576 ;
68.800000 ;-35.191549 ;-21.362711 ;
68.900000 ;-35.179595 ;-21.360449 ;
69.000000 ;-35.195331 ;-21.361197 ;
69.100000 ;-35.223467 ;-21.363303 ;
69.200000 ;-35.212878 ;-21.361246 ;
69.300000 ;-35.169971 ;-21.355721 ;
69.400000 ;-35.176247 ;-21.355526 ;
69.500000 ;-35.229653 ;-21.360439 ;
69.600000 ;-35.235498 ;-21.360229 ;
69.700000 ;-35.198844 ;-21.355447 ;
69.800000 ;-35.204417 ;-21.355244 ;
69.900000 ;-35.226070 ;-21.356796 ;
70.000000 ;-35.210171 ;-21.354306 ;
70.100000 ;-35.206641 ;-21.353166 ;
70.200000 ;-35.213477 ;-21.353161 ;
70.300000 ;-35.207149 ;-21.351750 ;
70.400000 ;-35.203980 ;-21.350694 ;
70.500000 ;-35.209786 ;-21.350621 ;
70.600000 ;-35.211283 ;-21.350097 ;
70.700000 ;-35.199473 ;-21.348151 ;
70.800000 ;-35.196922 ;-21.347218 ;
70.900000 ;-35.210068 ;-21.347991 ;
71.000000 ;-35.221782 ;-21.348622 ;
71.100000 ;-35.197401 ;-21.345372 ;
71.200000 ;-35.171872 ;-21.342012 ;
71.300000 ;-35.191307 ;-21.343516 ;
71.400000 ;-35.238015 ;-21.347973 ;
71.500000 ;-35.233367 ;-21.346898 ;
71.600000 ;-35.187510 ;-21.341389 ;
71.700000 ;-35.195077 ;-21.341661 ;
71.800000 ;-35.239996 ;-21.345976 ;
71.900000 ;-35.224620 ;-21.343789 ;
72.000000 ;-35.208830 ;-21.341568 ;
72.100000 ;-35.219058 ;-21.342165 ;
72.200000 ;-35.216018 ;-21.341340 ;
72.300000 ;-35.209128 ;-21.340108 ;
72.400000 ;-35.213047 ;-21.340052 ;
72.500000 ;-35.214291 ;-21.339716 ;
72.600000 ;-35.206478 ;-21.338413 ;
72.700000 ;-35.206364 ;-21.337948 ;
72.800000 ;-35.215175 ;-21.338455 ;
72.900000 ;-35.216088 ;-21.338119 ;
73.000000 ;-35.195233 ;-21.335443 ;
73.100000 ;-35.188489 ;-21.334298 ;
73.200000 ;-35.209914 ;-21.336199 ;
73.300000 ;-35.235927 ;-21.338601 ;
73.400000 ;-35.221017 ;-21.336597 ;
73.500000 ;-35.206739 ;-21.334670 ;
73.600000 ;-35.217359 ;-21.335436 ;
73.700000 ;-35.219926 ;-21.335340 ;
73.800000 ;-35.210629 ;-21.333972 ;
73.900000 ;-35.212565 ;-21.333821 ;
74.000000 ;-35.217400 ;-21.333990 ;
74.100000 ;-35.209377 ;-21.332779 ;
74.200000 ;-35.206037 ;-21.332079 ;
74.300000 ;-35.213841 ;-21.332588 ;
74.400000 ;-35.219818 ;-21.332905 ;
74.500000 ;-35.202109 ;-21.330674 ;
74.600000 ;-35.189717 ;-21.329023 ;
74.700000 ;-35.205199 ;-21.330384 ;
74.800000 ;-35.232804 ;-21.333056 ;
74.900000 ;-35.220891 ;-21.331473 ;
75.000000 ;-35.179682 ;-21.326738 ;
75.100000 ;-35.187303 ;-21.327275 ;
75.200000 ;-35.238491 ;-21.332516 ;
75.300000 ;-35.239714 ;-21.332370 ;
75.400000 ;-35.205355 ;-21.328391 ;
75.500000 ;-35.212499 ;-21.328896 ;
75.600000 ;-35.231990 ;-21.330738 ;
75.700000 ;-35.215856 ;-21.328740 ;
75.800000 ;-35.212763 ;-21.328153 ;
75.900000 ;-35.219545 ;-21.328634 ;
76.000000 ;-35.212742 ;-21.327655 ;
76.100000 ;-35.209274 ;-21.327040 ;
76.200000 ;-35.215068 ;-21.327427 ;
76.300000 ;-35.216548 ;-21.327353 ;
76.400000 ;-35.204177 ;-21.325790 ;
76.500000 ;-35.201189 ;-21.325242 ;
76.600000 ;-35.214392 ;-21.326443 ;
76.700000 ;-35.226223 ;-21.327500 ;
76.800000 ;-35.201704 ;-21.324643 ;
76.900000 ;-35.176550 ;-21.321722 ;
77.000000 ;-35.196097 ;-21.323624 ;
77.100000 ;-35.241605 ;-21.328327 ;
77.200000 ;-35.234381 ;-21.327346 ;
77.300000 ;-35.190801 ;-21.322450 ;
77.400000 ;-35.200148 ;-21.323268 ;
77.500000 ;-35.242414 ;-21.327640 ;
77.600000 ;-35.225062 ;-21.325582 ;
77.700000 ;-35.210822 ;-21.323862 ;
77.800000 ;-35.221305 ;-21.324812 ;
77.900000 ;-35.217499 ;-21.324223 ;
78.000000 ;-35.210668 ;-21.323310 ;
78.100000 ;-35.214720 ;-21.323573 ;
78.200000 ;-35.215831 ;-21.323522 ;
78.300000 ;-35.207606 ;-21.322466 ;
78.400000 ;-35.207313 ;-21.322269 ;
78.500000 ;-35.216298 ;-21.323074 ;
78.600000 ;-35.217355 ;-21.323026 ;
78.700000 ;-35.196073 ;-21.320574 ;
78.800000 ;-35.188997 ;-21.319656 ;
78.900000 ;-35.210563 ;-21.321827 ;
79.000000 ;-35.236590 ;-21.324481 ;
79.100000 ;-35.221081 ;-21.322659 ;
79.200000 ;-35.206888 ;-21.320981 ;
79.300000 ;-35.217655 ;-21.321998 ;
79.400000 ;-35.219786 ;-21.322086 ;
79.500000 ;-35.210417 ;-21.320935 ;
79.600000 ;-35.212397 ;-21.321010 ;
79.700000 ;-35.217024 ;-21.321372 ;
79.800000 ;-35.212988 ;-21.320803 ;
79.900000 ;-35.212398 ;-21.320606 ;
80.000000 ;-35.213329 ;-21.320575 ;
