0.000000 ;-27.500000 ;-20.600000 ;
0.100000 ;-29.440641 ;-20.311523 ;
0.200000 ;-30.759378 ;-20.107243 ;
0.300000 ;-31.713018 ;-19.975821 ;
0.400000 ;-32.449763 ;-19.904284 ;
0.500000 ;-33.028792 ;-19.877608 ;
0.600000 ;-33.499102 ;-19.884694 ;
0.700000 ;-33.875441 ;-19.915182 ;
0.800000 ;-34.189405 ;-19.962692 ;
0.900000 ;-34.448645 ;-20.021189 ;
1.000000 ;-34.657669 ;-20.086215 ;
1.100000 ;-34.832377 ;-20.155045 ;
1.200000 ;-34.988606 ;-20.225893 ;
1.300000 ;-35.115427 ;-20.296006 ;
1.400000 ;-35.209336 ;-20.363679 ;
1.500000 ;-35.282966 ;-20.428799 ;
1.600000 ;-35.361934 ;-20.492642 ;
1.700000 ;-35.435988 ;-20.553802 ;
1.800000 ;-35.482702 ;-20.609723 ;
1.900000 ;-35.513853 ;-20.661385 ;
2.000000 ;-35.561856 ;-20.712001 ;
2.100000 ;-35.603352 ;-20.759112 ;
2.200000 ;-35.622177 ;-20.801049 ;
2.300000 ;-35.636756 ;-20.839812 ;
2.400000 ;-35.672992 ;-20.878227 ;
2.500000 ;-35.698286 ;-20.912959 ;
2.600000 ;-35.699779 ;-20.942768 ;
2.700000 ;-35.702303 ;-20.970429 ;
2.800000 ;-35.735363 ;-20.999229 ;
2.900000 ;-35.755124 ;-21.024619 ;
3.000000 ;-35.745043 ;-21.044957 ;
3.100000 ;-35.739198 ;-21.064028 ;
3.200000 ;-35.770349 ;-21.085472 ;
3.300000 ;-35.784150 ;-21.103570 ;
3.400000 ;-35.769239 ;-21.117207 ;
3.500000 ;-35.770524 ;-21.131325 ;
3.600000 ;-35.794146 ;-21.146684 ;
3.700000 ;-35.796767 ;-21.158705 ;
3.800000 ;-35.785125 ;-21.168198 ;
3.900000 ;-35.798024 ;-21.179435 ;
4.000000 ;-35.810874 ;-21.189833 ;
4.100000 ;-35.805337 ;-21.197479 ;
4.200000 ;-35.800008 ;-21.204447 ;
4.300000 ;-35.816662 ;-21.213152 ;
4.400000 ;-35.823724 ;-21.220232 ;
4.500000 ;-35.812501 ;-21.224796 ;
4.600000 ;-35.808009 ;-21.229597 ;
4.700000 ;-35.829419 ;-21.236756 ;
4.800000 ;-35.836194 ;-21.241921 ;
4.900000 ;-35.818008 ;-21.244008 ;
5.000000 ;-35.808803 ;-21.246728 ;
5.100000 ;-35.834781 ;-21.252951 ;
5.200000 ;-35.842315 ;-21.256895 ;
5.300000 ;-35.819890 ;-21.257334 ;
5.400000 ;-35.813705 ;-21.259301 ;
5.500000 ;-35.836911 ;-21.264243 ;
5.600000 ;-35.837697 ;-21.266562 ;
5.700000 ;-35.819311 ;-21.266628 ;
5.800000 ;-35.827539 ;-21.269423 ;
5.900000 ;-35.839899 ;-21.272524 ;
6.000000 ;-35.832680 ;-21.273371 ;
6.100000 ;-35.824582 ;-21.274006 ;
6.200000 ;-35.838178 ;-21.276891 ;
6.300000 ;-35.842470 ;-21.278670 ;
6.400000 ;-35.830915 ;-21.278644 ;
6.500000 ;-35.828485 ;-21.279531 ;
6.600000 ;-35.845680 ;-21.282480 ;
6.700000 ;-35.847626 ;-21.283712 ;
6.800000 ;-35.829860 ;-21.282747 ;
6.900000 ;-35.825190 ;-21.283154 ;
7.000000 ;-35.849418 ;-21.286654 ;
7.100000 ;-35.853139 ;-21.287887 ;
7.200000 ;-35.828440 ;-21.286000 ;
7.300000 ;-35.821054 ;-21.285959 ;
7.400000 ;-35.846636 ;-21.289470 ;
7.500000 ;-35.847988 ;-21.290324 ;
7.600000 ;-35.824621 ;-21.288472 ;
7.700000 ;-35.829247 ;-21.289639 ;
7.800000 ;-35.844892 ;-21.291984 ;
7.900000 ;-35.838110 ;-21.291877 ;
8.000000 ;-35.826685 ;-21.291252 ;
8.100000 ;-35.839587 ;-21.293256 ;
8.200000 ;-35.844037 ;-21.294330 ;
8.300000 ;-35.833160 ;-21.293728 ;
8.400000 ;-35.832070 ;-21.294181 ;
8.500000 ;-35.846007 ;-21.296259 ;
8.600000 ;-35.845466 ;-21.296756 ;
8.700000 ;-35.830125 ;-21.295637 ;
8.800000 ;-35.830831 ;-21.296257 ;
8.900000 ;-35.851674 ;-21.299059 ;
9.000000 ;-35.851077 ;-21.299526 ;
9.100000 ;-35.827093 ;-21.297448 ;
9.200000 ;-35.823189 ;-21.297547 ;
9.300000 ;-35.850156 ;-21.300995 ;
9.400000 ;-35.850780 ;-21.301579 ;
9.500000 ;-35.823240 ;-21.299099 ;
9.600000 ;-35.822511 ;-21.299528 ;
9.700000 ;-35.831645 ;-21.301024 ;
9.800000 ;-35.832942 ;-21.301664 ;
9.900000 ;-35.834690 ;-21.332068 ;
10.000000 ;-35.824852 ;-21.607239 ;
10.100000 ;-35.787298 ;-21.993570 ;
10.200000 ;-35.716214 ;-22.388813 ;
10.300000 ;-35.611740 ;-22.753748 ;
10.400000 ;-35.479744 ;-23.077071 ;
10.500000 ;-35.327079 ;-23.357077 ;
10.600000 ;-35.160605 ;-23.596037 ;
10.700000 ;-34.987007 ;-23.797750 ;
10.800000 ;-34.810544 ;-23.966252 ;
10.900000 ;-34.636878 ;-24.105810 ;
11.000000 ;-34.468331 ;-24.220177 ;
11.100000 ;-34.303856 ;-24.312537 ;
11.200000 ;-34.152556 ;-24.386897 ;
11.300000 ;-34.013551 ;-24.445852 ;
11.400000 ;-33.869341 ;-24.489814 ;
11.500000 ;-33.732582 ;-24.522457 ;
11.600000 ;-33.631378 ;-24.549008 ;
11.700000 ;-33.557066 ;-24.570043 ;
11.800000 ;-33.464898 ;-24.581569 ;
11.900000 ;-33.360789 ;-24.585605 ;
12.000000 ;-33.288698 ;-24.588695 ;
12.100000 ;-33.228125 ;-24.589129 ;
12.200000 ;-33.156529 ;-24.584827 ;
12.300000 ;-33.100969 ;-24.579865 ;
12.400000 ;-33.056301 ;-24.574130 ;
12.500000 ;-33.003868 ;-24.565739 ;
12.600000 ;-32.959950 ;-24.557116 ;
12.700000 ;-32.931937 ;-24.549486 ;
12.800000 ;-32.904549 ;-24.541191 ;
12.900000 ;-32.856727 ;-24.529802 ;
13.000000 ;-32.822248 ;-24.519748 ;
13.100000 ;-32.818265 ;-24.513328 ;
13.200000 ;-32.819054 ;-24.507397 ;
13.300000 ;-32.772968 ;-24.495501 ;
13.400000 ;-32.730758 ;-24.484154 ;
13.500000 ;-32.742186 ;-24.479734 ;
13.600000 ;-32.764291 ;-24.476815 ;
13.700000 ;-32.722477 ;-24.465940 ;
13.800000 ;-32.699111 ;-24.457611 ;
13.900000 ;-32.709387 ;-24.453773 ;
14.000000 ;-32.694104 ;-24.446911 ;
14.100000 ;-32.676212 ;-24.439948 ;
14.200000 ;-32.674415 ;-24.435257 ;
14.300000 ;-32.665520 ;-24.429897 ;
14.400000 ;-32.652160 ;-24.424198 ;
14.500000 ;-32.649516 ;-24.420079 ;
14.600000 ;-32.649812 ;-24.416548 ;
14.700000 ;-32.634079 ;-24.411198 ;
14.800000 ;-32.622015 ;-24.406514 ;
14.900000 ;-32.628235 ;-24.404337 ;
15.000000 ;-32.638917 ;-24.402909 ;
15.100000 ;-32.617000 ;-24.397531 ;
15.200000 ;-32.588567 ;-24.391496 ;
15.300000 ;-32.601988 ;-24.390921 ;
15.400000 ;-32.639235 ;-24.393515 ;
15.500000 ;-32.623579 ;-24.389551 ;
15.600000 ;-32.587977 ;-24.383194 ;
15.700000 ;-32.602363 ;-24.383297 ;
15.800000 ;-32.628962 ;-24.385068 ;
15.900000 ;-32.604689 ;-24.380510 ;
16.000000 ;-32.598100 ;-24.378295 ;
16.100000 ;-32.606905 ;-24.378127 ;
16.200000 ;-32.596751 ;-24.375655 ;
16.300000 ;-32.592201 ;-24.373979 ;
16.400000 ;-32.596913 ;-24.373556 ;
16.500000 ;-32.591907 ;-24.371982 ;
16.600000 ;-32.583576 ;-24.370060 ;
16.700000 ;-32.586855 ;-24.369672 ;
16.800000 ;-32.595416 ;-24.370016 ;
16.900000 ;-32.583858 ;-24.367875 ;
17.000000 ;-32.564496 ;-24.364804 ;
17.100000 ;-32.572231 ;-24.365210 ;
17.200000 ;-32.600303 ;-24.368235 ;
17.300000 ;-32.598691 ;-24.367552 ;
17.400000 ;-32.557409 ;-24.361894 ;
17.500000 ;-32.558840 ;-24.361679 ;
17.600000 ;-32.604759 ;-24.367128 ;
17.700000 ;-32.603636 ;-24.366662 ;
17.800000 ;-32.574515 ;-24.362685 ;
17.900000 ;-32.583779 ;-24.363591 ;
18.000000 ;-32.593966 ;-24.364643 ;
18.100000 ;-32.580141 ;-24.362685 ;
18.200000 ;-32.580587 ;-24.362553 ;
18.300000 ;-32.584408 ;-24.362870 ;
18.400000 ;-32.576656 ;-24.361747 ;
18.500000 ;-32.575808 ;-24.361515 ;
18.600000 ;-32.582438 ;-24.362244 ;
18.700000 ;-32.578350 ;-24.361638 ;
18.800000 ;-32.566029 ;-24.360007 ;
18.900000 ;-32.569111 ;-24.360336 ;
19.000000 ;-32.585897 ;-24.362410 ;
19.100000 ;-32.586643 ;-24.362470 ;
19.200000 ;-32.552595 ;-24.358145 ;
19.300000 ;-32.546946 ;-24.357421 ;
19.400000 ;-32.585779 ;-24.362330 ;
19.500000 ;-32.611644 ;-24.365610 ;
19.600000 ;-32.570205 ;-24.360390 ;
19.700000 ;-32.559577 ;-24.359072 ;
19.800000 ;-32.595570 ;-24.363658 ;
19.900000 ;-32.592344 ;-24.363295 ;
20.000000 ;-32.575886 ;-24.361264 ;
20.100000 ;-32.583152 ;-24.362235 ;
20.200000 ;-32.582140 ;-24.362168 ;
20.300000 ;-32.575268 ;-24.361365 ;
20.400000 ;-32.578775 ;-24.361877 ;
20.500000 ;-32.580822 ;-24.362210 ;
20.600000 ;-32.572540 ;-24.361243 ;
20.700000 ;-32.572037 ;-24.361262 ;
20.800000 ;-32.581525 ;-24.362546 ;
20.900000 ;-32.582759 ;-24.362791 ;
21.000000 ;-32.560640 ;-24.360090 ;
21.100000 ;-32.555251 ;-24.359506 ;
21.200000 ;-32.580059 ;-24.362739 ;
21.300000 ;-32.603642 ;-24.365820 ;
21.400000 ;-32.570330 ;-24.361714 ;
21.500000 ;-32.543110 ;-24.358379 ;
21.600000 ;-32.576721 ;-24.362739 ;
21.700000 ;-32.617146 ;-24.367963 ;
21.800000 ;-32.584075 ;-24.363897 ;
21.900000 ;-32.574027 ;-24.362740 ;
22.000000 ;-32.594202 ;-24.365406 ;
22.100000 ;-32.584844 ;-24.364342 ;
22.200000 ;-32.578904 ;-24.363710 ;
22.300000 ;-32.584876 ;-24.364583 ;
22.400000 ;-32.580541 ;-24.364157 ;
22.500000 ;-32.576423 ;-24.363758 ;
22.600000 ;-32.581438 ;-24.364514 ;
22.700000 ;-32.584715 ;-24.365050 ;
22.800000 ;-32.572436 ;-24.363624 ;
22.900000 ;-32.567983 ;-24.363187 ;
23.000000 ;-32.581397 ;-24.365006 ;
23.100000 ;-32.595426 ;-24.366904 ;
23.200000 ;-32.571408 ;-24.363996 ;
23.300000 ;-32.544682 ;-24.360747 ;
23.400000 ;-32.566966 ;-24.363692 ;
23.500000 ;-32.614498 ;-24.369830 ;
23.600000 ;-32.598800 ;-24.367976 ;
23.700000 ;-32.562103 ;-24.363466 ;
23.800000 ;-32.581954 ;-24.366106 ;
23.900000 ;-32.610524 ;-24.369852 ;
24.000000 ;-32.587306 ;-24.367051 ;
24.100000 ;-32.584635 ;-24.366844 ;
24.200000 ;-32.592128 ;-24.367922 ;
24.300000 ;-32.583735 ;-24.366994 ;
24.400000 ;-32.583120 ;-24.367047 ;
24.500000 ;-32.588491 ;-24.367856 ;
24.600000 ;-32.582781 ;-24.367267 ;
24.700000 ;-32.577959 ;-24.366790 ;
24.800000 ;-32.584322 ;-24.367724 ;
24.900000 ;-32.592626 ;-24.368904 ;
25.000000 ;-32.577604 ;-24.367139 ;
25.100000 ;-32.560111 ;-24.365061 ;
25.200000 ;-32.573184 ;-24.366845 ;
25.300000 ;-32.605467 ;-24.371055 ;
25.400000 ;-32.603814 ;-24.370979 ;
25.500000 ;-32.583700 ;-24.368570 ;
25.600000 ;-32.589605 ;-24.369447 ;
25.700000 ;-32.595537 ;-24.370329 ;
25.800000 ;-32.586706 ;-24.369346 ;
25.900000 ;-32.587973 ;-24.369638 ;
26.000000 ;-32.591759 ;-24.370248 ;
26.100000 ;-32.584801 ;-24.369501 ;
26.200000 ;-32.583234 ;-24.369435 ;
26.300000 ;-32.590989 ;-24.370546 ;
26.400000 ;-32.593402 ;-24.370982 ;
26.500000 ;-32.574532 ;-24.368731 ;
26.600000 ;-32.568167 ;-24.368058 ;
26.700000 ;-32.588671 ;-24.370780 ;
26.800000 ;-32.611925 ;-24.373848 ;
26.900000 ;-32.595819 ;-24.371945 ;
27.000000 ;-32.585223 ;-24.370737 ;
27.100000 ;-32.597320 ;-24.372396 ;
27.200000 ;-32.595678 ;-24.372320 ;
27.300000 ;-32.588600 ;-24.371557 ;
27.400000 ;-32.592928 ;-24.372234 ;
27.500000 ;-32.594511 ;-24.372564 ;
27.600000 ;-32.586534 ;-24.371687 ;
27.700000 ;-32.587236 ;-24.371905 ;
27.800000 ;-32.596746 ;-24.373235 ;
27.900000 ;-32.594495 ;-24.373080 ;
28.000000 ;-32.574970 ;-24.370743 ;
28.100000 ;-32.575167 ;-24.370897 ;
28.200000 ;-32.600079 ;-24.374173 ;
28.300000 ;-32.613851 ;-24.376042 ;
28.400000 ;-32.576151 ;-24.371405 ;
28.500000 ;-32.561063 ;-24.369627 ;
28.600000 ;-32.600798 ;-24.374780 ;
28.700000 ;-32.628690 ;-24.378437 ;
28.800000 ;-32.593107 ;-24.374067 ;
28.900000 ;-32.589219 ;-24.373703 ;
29.000000 ;-32.611905 ;-24.376697 ;
29.100000 ;-32.599787 ;-24.375295 ;
29.200000 ;-32.594420 ;-24.374744 ;
29.300000 ;-32.601357 ;-24.375746 ;
29.400000 ;-32.596111 ;-24.375209 ;
29.500000 ;-32.592417 ;-24.374869 ;
29.600000 ;-32.598045 ;-24.375704 ;
29.700000 ;-32.599711 ;-24.376039 ;
29.800000 ;-32.587997 ;-24.374685 ;
29.900000 ;-32.586390 ;-24.374606 ;
30.000000 ;-32.600346 ;-24.376493 ;
30.100000 ;-32.609243 ;-24.377740 ;
30.200000 ;-32.581128 ;-24.374311 ;
30.300000 ;-32.564482 ;-24.372331 ;
30.400000 ;-32.593084 ;-24.376070 ;
30.500000 ;-32.631875 ;-24.381097 ;
30.600000 ;-32.603062 ;-24.377578 ;
30.700000 ;-32.575004 ;-24.374153 ;
30.800000 ;-32.603731 ;-24.377908 ;
30.900000 ;-32.625274 ;-24.380758 ;
31.000000 ;-32.601086 ;-24.377824 ;
31.100000 ;-32.601271 ;-24.377969 ;
31.200000 ;-32.608798 ;-24.379041 ;
31.300000 ;-32.599682 ;-24.378011 ;
31.400000 ;-32.599757 ;-24.378141 ;
31.500000 ;-32.605004 ;-24.378923 ;
31.600000 ;-32.598434 ;-24.378214 ;
31.700000 ;-32.594881 ;-24.377884 ;
31.800000 ;-32.602077 ;-24.378912 ;
31.900000 ;-32.608053 ;-24.379785 ;
32.000000 ;-32.590666 ;-24.377707 ;
32.100000 ;-32.579164 ;-24.376373 ;
32.200000 ;-32.596291 ;-24.378655 ;
32.300000 ;-32.623518 ;-24.382212 ;
32.400000 ;-32.612441 ;-24.380931 ;
32.500000 ;-32.597820 ;-24.379200 ;
32.600000 ;-32.607925 ;-24.380594 ;
32.700000 ;-32.609920 ;-24.380963 ;
32.800000 ;-32.601588 ;-24.380028 ;
32.900000 ;-32.604543 ;-24.380517 ;
33.000000 ;-32.607825 ;-24.381048 ;
33.100000 ;-32.599921 ;-24.380166 ;
33.200000 ;-32.599107 ;-24.380178 ;
33.300000 ;-32.608031 ;-24.381420 ;
33.400000 ;-32.608750 ;-24.381626 ;
33.500000 ;-32.589338 ;-24.379288 ;
33.600000 ;-32.586086 ;-24.378992 ;
33.700000 ;-32.608834 ;-24.381980 ;
33.800000 ;-32.627189 ;-24.384413 ;
33.900000 ;-32.593476 ;-24.380265 ;
34.000000 ;-32.571237 ;-24.377568 ;
34.100000 ;-32.605792 ;-24.382051 ;
34.200000 ;-32.643568 ;-24.386943 ;
34.300000 ;-32.609592 ;-24.382762 ;
34.400000 ;-32.598967 ;-24.381530 ;
34.500000 ;-32.622420 ;-24.384607 ;
34.600000 ;-32.614318 ;-24.383697 ;
34.700000 ;-32.606330 ;-24.382799 ;
34.800000 ;-32.612830 ;-24.383731 ;
34.900000 ;-32.609320 ;-24.383398 ;
35.000000 ;-32.604505 ;-24.382901 ;
35.100000 ;-32.609161 ;-24.383598 ;
35.200000 ;-32.612529 ;-24.384133 ;
35.300000 ;-32.601389 ;-24.382835 ;
35.400000 ;-32.597839 ;-24.382496 ;
35.500000 ;-32.610265 ;-24.384173 ;
35.600000 ;-32.621424 ;-24.385691 ;
35.700000 ;-32.596992 ;-24.382712 ;
35.800000 ;-32.575863 ;-24.380149 ;
35.900000 ;-32.599367 ;-24.383228 ;
36.000000 ;-32.641187 ;-24.388623 ;
36.100000 ;-32.621095 ;-24.386191 ;
36.200000 ;-32.586481 ;-24.381920 ;
36.300000 ;-32.609117 ;-24.384890 ;
36.400000 ;-32.640510 ;-24.388970 ;
36.500000 ;-32.615288 ;-24.385890 ;
36.600000 ;-32.611407 ;-24.385505 ;
36.700000 ;-32.621468 ;-24.386882 ;
36.800000 ;-32.612311 ;-24.385831 ;
36.900000 ;-32.610748 ;-24.385738 ;
37.000000 ;-32.616361 ;-24.386551 ;
37.100000 ;-32.611031 ;-24.385981 ;
37.200000 ;-32.606354 ;-24.385494 ;
37.300000 ;-32.612367 ;-24.386357 ;
37.400000 ;-32.619539 ;-24.387365 ;
37.500000 ;-32.604657 ;-24.385588 ;
37.600000 ;-32.590753 ;-24.383934 ;
37.700000 ;-32.604526 ;-24.385776 ;
37.800000 ;-32.632447 ;-24.389406 ;
37.900000 ;-32.626403 ;-24.388745 ;
38.000000 ;-32.609376 ;-24.386695 ;
38.100000 ;-32.617198 ;-24.387784 ;
38.200000 ;-32.622409 ;-24.388544 ;
38.300000 ;-32.613208 ;-24.387483 ;
38.400000 ;-32.614784 ;-24.387782 ;
38.500000 ;-32.619546 ;-24.388484 ;
38.600000 ;-32.611892 ;-24.387617 ;
38.700000 ;-32.609522 ;-24.387418 ;
38.800000 ;-32.617802 ;-24.388563 ;
38.900000 ;-32.621368 ;-24.389112 ;
39.000000 ;-32.602583 ;-24.386838 ;
39.100000 ;-32.595820 ;-24.386082 ;
39.200000 ;-32.616126 ;-24.388747 ;
39.300000 ;-32.638059 ;-24.391616 ;
39.400000 ;-32.609956 ;-24.388162 ;
39.500000 ;-32.582094 ;-24.384737 ;
39.600000 ;-32.610442 ;-24.388421 ;
39.700000 ;-32.653461 ;-24.393960 ;
39.800000 ;-32.624293 ;-24.390371 ;
39.900000 ;-32.608474 ;-24.388468 ;
40.000000 ;-32.630583 ;-24.391358 ;
40.100000 ;-32.627246 ;-24.391016 ;
40.200000 ;-32.618470 ;-24.389969 ;
40.300000 ;-32.623642 ;-24.390677 ;
40.400000 ;-32.623023 ;-24.390637 ;
40.500000 ;-32.622463 ;-24.390600 ;
40.600000 ;-32.623547 ;-24.390772 ;
40.700000 ;-32.624437 ;-24.390927 ;
40.800000 ;-32.626516 ;-24.391241 ;
40.900000 ;-32.628956 ;-24.391613 ;
41.000000 ;-32.630803 ;-24.391926 ;
41.100000 ;-32.633601 ;-24.392372 ;
41.200000 ;-32.637474 ;-24.392966 ;
41.300000 ;-32.640457 ;-24.393466 ;
41.400000 ;-32.641289 ;-24.393716 ;
41.500000 ;-32.645137 ;-24.394353 ;
41.600000 ;-32.653420 ;-24.395547 ;
41.700000 ;-32.662361 ;-24.396828 ;
41.800000 ;-32.663363 ;-24.397121 ;
41.900000 ;-32.661951 ;-24.397112 ;
42.000000 ;-32.672652 ;-24.398622 ;
42.100000 ;-32.690824 ;-24.401058 ;
42.200000 ;-32.692623 ;-24.401408 ;
42.300000 ;-32.682994 ;-24.400290 ;
42.400000 ;-32.697152 ;-24.402143 ;
42.500000 ;-32.730698 ;-24.406399 ;
42.600000 ;-32.737183 ;-24.407174 ;
42.700000 ;-32.718295 ;-24.404668 ;
42.800000 ;-32.736003 ;-24.406719 ;
42.900000 ;-32.782395 ;-24.412311 ;
43.000000 ;-32.785350 ;-24.412282 ;
43.100000 ;-32.778553 ;-24.410890 ;
43.200000 ;-32.805645 ;-24.413653 ;
43.300000 ;-32.830006 ;-24.415906 ;
43.400000 ;-32.831332 ;-24.415053 ;
43.500000 ;-32.848868 ;-24.416053 ;
43.600000 ;-32.874251 ;-24.417822 ;
43.700000 ;-32.883141 ;-24.417253 ;
43.800000 ;-32.898786 ;-24.417270 ;
43.900000 ;-32.926940 ;-24.418573 ;
44.000000 ;-32.947040 ;-24.418535 ;
44.100000 ;-32.953955 ;-24.416487 ;
44.200000 ;-32.976879 ;-24.416096 ;
44.300000 ;-33.016629 ;-24.417436 ;
44.400000 ;-33.040492 ;-24.416335 ;
44.500000 ;-33.037487 ;-24.411375 ;
44.600000 ;-33.061804 ;-24.409417 ;
44.700000 ;-33.118458 ;-24.411069 ;
44.800000 ;-33.149831 ;-24.408972 ;
44.900000 ;-33.145917 ;-24.401833 ;
45.000000 ;-33.176069 ;-24.398463 ;
45.100000 ;-33.231231 ;-24.397681 ;
45.200000 ;-33.246629 ;-24.391209 ;
45.300000 ;-33.264493 ;-24.384413 ;
45.400000 ;-33.304433 ;-24.379767 ;
45.500000 ;-33.332839 ;-24.372975 ;
45.600000 ;-33.353784 ;-24.364543 ;
45.700000 ;-33.388346 ;-24.357129 ;
45.800000 ;-33.424884 ;-24.349243 ;
45.900000 ;-33.445124 ;-24.338563 ;
46.000000 ;-33.472848 ;-24.328090 ;
46.100000 ;-33.515534 ;-24.318758 ;
46.200000 ;-33.552713 ;-24.307972 ;
46.300000 ;-33.563945 ;-24.293150 ;
46.400000 ;-33.589586 ;-24.279399 ;
46.500000 ;-33.643964 ;-24.268525 ;
46.600000 ;-33.693439 ;-24.256271 ;
46.700000 ;-33.696400 ;-24.237382 ;
46.800000 ;-33.716386 ;-24.219914 ;
46.900000 ;-33.777565 ;-24.206927 ;
47.000000 ;-33.824053 ;-24.191357 ;
47.100000 ;-33.830886 ;-24.170065 ;
47.200000 ;-33.863170 ;-24.151297 ;
47.300000 ;-33.912891 ;-24.134054 ;
47.400000 ;-33.933875 ;-24.112527 ;
47.500000 ;-33.959939 ;-24.091001 ;
47.600000 ;-34.000243 ;-24.070645 ;
47.700000 ;-34.029642 ;-24.048322 ;
47.800000 ;-34.052497 ;-24.024611 ;
47.900000 ;-34.087654 ;-24.001884 ;
48.000000 ;-34.127863 ;-23.979260 ;
48.100000 ;-34.148162 ;-23.953657 ;
48.200000 ;-34.167011 ;-23.927405 ;
48.300000 ;-34.207068 ;-23.903341 ;
48.400000 ;-34.256180 ;-23.879981 ;
48.500000 ;-34.272582 ;-23.852167 ;
48.600000 ;-34.276387 ;-23.822437 ;
48.700000 ;-34.317458 ;-23.796989 ;
48.800000 ;-34.381282 ;-23.774049 ;
48.900000 ;-34.397941 ;-23.744992 ;
49.000000 ;-34.400496 ;-23.713949 ;
49.100000 ;-34.441753 ;-23.687459 ;
49.200000 ;-34.489617 ;-23.661589 ;
49.300000 ;-34.497884 ;-23.630676 ;
49.400000 ;-34.520415 ;-23.601377 ;
49.500000 ;-34.558000 ;-23.573810 ;
49.600000 ;-34.577140 ;-23.543897 ;
49.700000 ;-34.596383 ;-23.513935 ;
49.800000 ;-34.627907 ;-23.485430 ;
49.900000 ;-34.655693 ;-23.456455 ;
50.000000 ;-34.668267 ;-23.425645 ;
50.100000 ;-34.690344 ;-23.396017 ;
50.200000 ;-34.726595 ;-23.368155 ;
50.300000 ;-34.754835 ;-23.339396 ;
50.400000 ;-34.754403 ;-23.307277 ;
50.500000 ;-34.768955 ;-23.277077 ;
50.600000 ;-34.815120 ;-23.250811 ;
50.700000 ;-34.859217 ;-23.224443 ;
50.800000 ;-34.850719 ;-23.191924 ;
50.900000 ;-34.853625 ;-23.160961 ;
51.000000 ;-34.901910 ;-23.135628 ;
51.100000 ;-34.943921 ;-23.109755 ;
51.200000 ;-34.937327 ;-23.078296 ;
51.300000 ;-34.953012 ;-23.049736 ;
51.400000 ;-34.989247 ;-23.023874 ;
51.500000 ;-34.999375 ;-22.995167 ;
51.600000 ;-35.010866 ;-22.966894 ;
51.700000 ;-35.036175 ;-22.940540 ;
51.800000 ;-35.053878 ;-22.913576 ;
51.900000 ;-35.062337 ;-22.885821 ;
52.000000 ;-35.081451 ;-22.859628 ;
52.100000 ;-35.108195 ;-22.834646 ;
52.200000 ;-35.118685 ;-22.808074 ;
52.300000 ;-35.119126 ;-22.780651 ;
52.400000 ;-35.139393 ;-22.755881 ;
52.500000 ;-35.176829 ;-22.733456 ;
52.600000 ;-35.193957 ;-22.708993 ;
52.700000 ;-35.175322 ;-22.680702 ;
52.800000 ;-35.185906 ;-22.656166 ;
52.900000 ;-35.237362 ;-22.636741 ;
53.000000 ;-35.267747 ;-22.615210 ;
53.100000 ;-35.247088 ;-22.588093 ;
53.200000 ;-35.257306 ;-22.564920 ;
53.300000 ;-35.298258 ;-22.545670 ;
53.400000 ;-35.302921 ;-22.522565 ;
53.500000 ;-35.303739 ;-22.499370 ;
53.600000 ;-35.324131 ;-22.478795 ;
53.700000 ;-35.337102 ;-22.457716 ;
53.800000 ;-35.340448 ;-22.435882 ;
53.900000 ;-35.354533 ;-22.415637 ;
54.000000 ;-35.373311 ;-22.396283 ;
54.100000 ;-35.376083 ;-22.375439 ;
54.200000 ;-35.379332 ;-22.354999 ;
54.300000 ;-35.398101 ;-22.336683 ;
54.400000 ;-35.422143 ;-22.319315 ;
54.500000 ;-35.419409 ;-22.299223 ;
54.600000 ;-35.406232 ;-22.278279 ;
54.700000 ;-35.425692 ;-22.261396 ;
54.800000 ;-35.470332 ;-22.247720 ;
54.900000 ;-35.480867 ;-22.230479 ;
55.000000 ;-35.451227 ;-22.208990 ;
55.100000 ;-35.462057 ;-22.192433 ;
55.200000 ;-35.511337 ;-22.180572 ;
55.300000 ;-35.515003 ;-22.163834 ;
55.400000 ;-35.501917 ;-22.145506 ;
55.500000 ;-35.519093 ;-22.130922 ;
55.600000 ;-35.534468 ;-22.116439 ;
55.700000 ;-35.530790 ;-22.100097 ;
55.800000 ;-35.539197 ;-22.085419 ;
55.900000 ;-35.553650 ;-22.071719 ;
56.000000 ;-35.553580 ;-22.056666 ;
56.100000 ;-35.556572 ;-22.042244 ;
56.200000 ;-35.571043 ;-22.029397 ;
56.300000 ;-35.584154 ;-22.016674 ;
56.400000 ;-35.575300 ;-22.001750 ;
56.500000 ;-35.572156 ;-21.987739 ;
56.600000 ;-35.593343 ;-21.976728 ;
56.700000 ;-35.622406 ;-21.966863 ;
56.800000 ;-35.612382 ;-21.952861 ;
56.900000 ;-35.584711 ;-21.937134 ;
57.000000 ;-35.603294 ;-21.926846 ;
57.100000 ;-35.655695 ;-21.920597 ;
57.200000 ;-35.656124 ;-21.908754 ;
57.300000 ;-35.628780 ;-21.894036 ;
57.400000 ;-35.644466 ;-21.884374 ;
57.500000 ;-35.673374 ;-21.876421 ;
57.600000 ;-35.660804 ;-21.864047 ;
57.700000 ;-35.661404 ;-21.853366 ;
57.800000 ;-35.675394 ;-21.844400 ;
57.900000 ;-35.673837 ;-21.833909 ;
58.000000 ;-35.674009 ;-21.823820 ;
58.100000 ;-35.684563 ;-21.815094 ;
58.200000 ;-35.691409 ;-21.806156 ;
58.300000 ;-35.684478 ;-21.795881 ;
58.400000 ;-35.686485 ;-21.786796 ;
58.500000 ;-35.703251 ;-21.779544 ;
58.600000 ;-35.716579 ;-21.772096 ;
58.700000 ;-35.696372 ;-21.761103 ;
58.800000 ;-35.682280 ;-21.750971 ;
58.900000 ;-35.707699 ;-21.745408 ;
59.000000 ;-35.749641 ;-21.741852 ;
59.100000 ;-35.737347 ;-21.732439 ;
59.200000 ;-35.702762 ;-21.720721 ;
59.300000 ;-35.721659 ;-21.715106 ;
59.400000 ;-35.767583 ;-21.712652 ;
59.500000 ;-35.751229 ;-21.703440 ;
59.600000 ;-35.739363 ;-21.694880 ;
59.700000 ;-35.755821 ;-21.689614 ;
59.800000 ;-35.756752 ;-21.682774 ;
59.900000 ;-35.751356 ;-21.675377 ;
60.000000 ;-35.758510 ;-21.669513 ;
60.100000 ;-35.763730 ;-21.663574 ;
60.200000 ;-35.758339 ;-21.656597 ;
60.300000 ;-35.760777 ;-21.650621 ;
60.400000 ;-35.772432 ;-21.645795 ;
60.500000 ;-35.775183 ;-21.640113 ;
60.600000 ;-35.759001 ;-21.632466 ;
60.700000 ;-35.757700 ;-21.626587 ;
60.800000 ;-35.780966 ;-21.623542 ;
60.900000 ;-35.803301 ;-21.620511 ;
61.000000 ;-35.776510 ;-21.612175 ;
61.100000 ;-35.748317 ;-21.603800 ;
61.200000 ;-35.775745 ;-21.601674 ;
61.300000 ;-35.828109 ;-21.602408 ;
61.400000 ;-35.809929 ;-21.595462 ;
61.500000 ;-35.783139 ;-21.587674 ;
61.600000 ;-35.803459 ;-21.585186 ;
61.700000 ;-35.819221 ;-21.582296 ;
61.800000 ;-35.803829 ;-21.576067 ;
61.900000 ;-35.805828 ;-21.571851 ;
62.000000 ;-35.813587 ;-21.568364 ;
62.100000 ;-35.807325 ;-21.563424 ;
62.200000 ;-35.807695 ;-21.559305 ;
62.300000 ;-35.816107 ;-21.556159 ;
62.400000 ;-35.815122 ;-21.552066 ;
62.500000 ;-35.805965 ;-21.547159 ;
62.600000 ;-35.809447 ;-21.543725 ;
62.700000 ;-35.825354 ;-21.541738 ;
62.800000 ;-35.830297 ;-21.538626 ;
62.900000 ;-35.801176 ;-21.531848 ;
63.000000 ;-35.790566 ;-21.527182 ;
63.100000 ;-35.822470 ;-21.527262 ;
63.200000 ;-35.861722 ;-21.528220 ;
63.300000 ;-35.834021 ;-21.521893 ;
63.400000 ;-35.800305 ;-21.514978 ;
63.500000 ;-35.827412 ;-21.514817 ;
63.600000 ;-35.868244 ;-21.516229 ;
63.700000 ;-35.841967 ;-21.510331 ;
63.800000 ;-35.833418 ;-21.506446 ;
63.900000 ;-35.848380 ;-21.505205 ;
64.000000 ;-35.841918 ;-21.501673 ;
64.100000 ;-35.837498 ;-21.498425 ;
64.200000 ;-35.844038 ;-21.496438 ;
64.300000 ;-35.843460 ;-21.493728 ;
64.400000 ;-35.837318 ;-21.490464 ;
64.500000 ;-35.840707 ;-21.488300 ;
64.600000 ;-35.850511 ;-21.486893 ;
64.700000 ;-35.845763 ;-21.483944 ;
64.800000 ;-35.827895 ;-21.479609 ;
64.900000 ;-35.830317 ;-21.477549 ;
65.000000 ;-35.855811 ;-21.478067 ;
65.100000 ;-35.871999 ;-21.477612 ;
65.200000 ;-35.851785 ;-21.473215 ;
65.300000 ;-35.846522 ;-21.470504 ;
65.400000 ;-35.861548 ;-21.470062 ;
65.500000 ;-35.858310 ;-21.467663 ;
65.600000 ;-35.851216 ;-21.464885 ;
65.700000 ;-35.856786 ;-21.463537 ;
65.800000 ;-35.860696 ;-21.462048 ;
65.900000 ;-35.851837 ;-21.459202 ;
66.000000 ;-35.851001 ;-21.457274 ;
66.100000 ;-35.861697 ;-21.456647 ;
66.200000 ;-35.865586 ;-21.455313 ;
66.300000 ;-35.845749 ;-21.451420 ;
66.400000 ;-35.838947 ;-21.448991 ;
66.500000 ;-35.860273 ;-21.449675 ;
66.600000 ;-35.884432 ;-21.450704 ;
66.700000 ;-35.859263 ;-21.446368 ;
66.800000 ;-35.830016 ;-21.441622 ;
66.900000 ;-35.852940 ;-21.442619 ;
67.000000 ;-35.897413 ;-21.446005 ;
67.100000 ;-35.876256 ;-21.442238 ;
67.200000 ;-35.854814 ;-21.438471 ;
67.300000 ;-35.872866 ;-21.439058 ;
67.400000 ;-35.880211 ;-21.438501 ;
67.500000 ;-35.866120 ;-21.435627 ;
67.600000 ;-35.868355 ;-21.434566 ;
67.700000 ;-35.874411 ;-21.433951 ;
67.800000 ;-35.866327 ;-21.431816 ;
67.900000 ;-35.865041 ;-21.430450 ;
68.000000 ;-35.872951 ;-21.430115 ;
68.100000 ;-35.872114 ;-21.428849 ;
68.200000 ;-35.859191 ;-21.426287 ;
68.300000 ;-35.859496 ;-21.425195 ;
68.400000 ;-35.875884 ;-21.425884 ;
68.500000 ;-35.884370 ;-21.425732 ;
68.600000 ;-35.854620 ;-21.421424 ;
68.700000 ;-35.838549 ;-21.418635 ;
68.800000 ;-35.867200 ;-21.420754 ;
68.900000 ;-35.906488 ;-21.424057 ;
69.000000 ;-35.880246 ;-21.420216 ;
69.100000 ;-35.850132 ;-21.415974 ;
69.200000 ;-35.873857 ;-21.417640 ;
69.300000 ;-35.903025 ;-21.419920 ;
69.400000 ;-35.878420 ;-21.416337 ;
69.500000 ;-35.873298 ;-21.414903 ;
69.600000 ;-35.885494 ;-21.415380 ;
69.700000 ;-35.877386 ;-21.413655 ;
69.800000 ;-35.873041 ;-21.412358 ;
69.900000 ;-35.879328 ;-21.412239 ;
70.000000 ;-35.878240 ;-21.411332 ;
70.100000 ;-35.869840 ;-21.409641 ;
70.200000 ;-35.871835 ;-21.409102 ;
70.300000 ;-35.882562 ;-21.409532 ;
70.400000 ;-35.880055 ;-21.408532 ;
70.500000 ;-35.857918 ;-21.405403 ;
70.600000 ;-35.855877 ;-21.404484 ;
70.700000 ;-35.882044 ;-21.406659 ;
70.800000 ;-35.903247 ;-21.408305 ;
70.900000 ;-35.868312 ;-21.403834 ;
71.000000 ;-35.841444 ;-21.400261 ;
71.100000 ;-35.873307 ;-21.403116 ;
71.200000 ;-35.917798 ;-21.407360 ;
71.300000 ;-35.887611 ;-21.403458 ;
71.400000 ;-35.870133 ;-21.400958 ;
71.500000 ;-35.890939 ;-21.402654 ;
71.600000 ;-35.890040 ;-21.401989 ;
71.700000 ;-35.878368 ;-21.400158 ;
71.800000 ;-35.882676 ;-21.400083 ;
71.900000 ;-35.884139 ;-21.399707 ;
72.000000 ;-35.876600 ;-21.398360 ;
72.100000 ;-35.877670 ;-21.397962 ;
72.200000 ;-35.884981 ;-21.398256 ;
72.300000 ;-35.879284 ;-21.397140 ;
72.400000 ;-35.867251 ;-21.395343 ;
72.500000 ;-35.871250 ;-21.395304 ;
72.600000 ;-35.888891 ;-21.396764 ;
72.700000 ;-35.891509 ;-21.396594 ;
72.800000 ;-35.856203 ;-21.392294 ;
72.900000 ;-35.845002 ;-21.390635 ;
73.000000 ;-35.881471 ;-21.394187 ;
73.100000 ;-35.919904 ;-21.397961 ;
73.200000 ;-35.883979 ;-21.393624 ;
73.300000 ;-35.857129 ;-21.390290 ;
73.400000 ;-35.887551 ;-21.393219 ;
73.500000 ;-35.908786 ;-21.395151 ;
73.600000 ;-35.883884 ;-21.392051 ;
73.700000 ;-35.882546 ;-21.391531 ;
73.800000 ;-35.891610 ;-21.392153 ;
73.900000 ;-35.881954 ;-21.390739 ;
74.000000 ;-35.880062 ;-21.390178 ;
74.100000 ;-35.886144 ;-21.390494 ;
74.200000 ;-35.881590 ;-21.389656 ;
74.300000 ;-35.874647 ;-21.388564 ;
74.400000 ;-35.878974 ;-21.388708 ;
74.500000 ;-35.889018 ;-21.389481 ;
74.600000 ;-35.880574 ;-21.388244 ;
74.700000 ;-35.858399 ;-21.385515 ;
74.800000 ;-35.861516 ;-21.385551 ;
74.900000 ;-35.891538 ;-21.388529 ;
75.000000 ;-35.908203 ;-21.390053 ;
75.100000 ;-35.865341 ;-21.385089 ;
75.200000 ;-35.842966 ;-21.382369 ;
75.300000 ;-35.883492 ;-21.386519 ;
75.400000 ;-35.924972 ;-21.390775 ;
75.500000 ;-35.888207 ;-21.386494 ;
75.600000 ;-35.875376 ;-21.384833 ;
75.700000 ;-35.897556 ;-21.386999 ;
75.800000 ;-35.890475 ;-21.385975 ;
75.900000 ;-35.881361 ;-21.384733 ;
76.000000 ;-35.886774 ;-21.385079 ;
76.100000 ;-35.884817 ;-21.384626 ;
76.200000 ;-35.878492 ;-21.383701 ;
76.300000 ;-35.881353 ;-21.383781 ;
76.400000 ;-35.887472 ;-21.384221 ;
76.500000 ;-35.878246 ;-21.382991 ;
76.600000 ;-35.868056 ;-21.381660 ;
76.700000 ;-35.875348 ;-21.382240 ;
76.800000 ;-35.893315 ;-21.383988 ;
76.900000 ;-35.889205 ;-21.383331 ;
77.000000 ;-35.851036 ;-21.378964 ;
77.100000 ;-35.846061 ;-21.378223 ;
77.200000 ;-35.889433 ;-21.382758 ;
77.300000 ;-35.924109 ;-21.386347 ;
77.400000 ;-35.880146 ;-21.381357 ;
77.500000 ;-35.858373 ;-21.378796 ;
77.600000 ;-35.894730 ;-21.382585 ;
77.700000 ;-35.907075 ;-21.383755 ;
77.800000 ;-35.883536 ;-21.381008 ;
77.900000 ;-35.885385 ;-21.381036 ;
78.000000 ;-35.890542 ;-21.381427 ;
78.100000 ;-35.881379 ;-21.380257 ;
78.200000 ;-35.881445 ;-21.380097 ;
78.300000 ;-35.886682 ;-21.380504 ;
78.400000 ;-35.879984 ;-21.379611 ;
78.500000 ;-35.874766 ;-21.378883 ;
78.600000 ;-35.880881 ;-21.379392 ;
78.700000 ;-35.889658 ;-21.380195 ;
78.800000 ;-35.875992 ;-21.378553 ;
78.900000 ;-35.855416 ;-21.376160 ;
79.000000 ;-35.863734 ;-21.376920 ;
79.100000 ;-35.896307 ;-21.380328 ;
79.200000 ;-35.906512 ;-21.381298 ;
79.300000 ;-35.881825 ;-21.378464 ;
79.400000 ;-35.880002 ;-21.378127 ;
79.500000 ;-35.893087 ;-21.379420 ;
79.600000 ;-35.883845 ;-21.378278 ;
79.700000 ;-35.879996 ;-21.377726 ;
79.800000 ;-35.885561 ;-21.378204 ;
79.900000 ;-35.884383 ;-21.377947 ;
80.000000 ;-35.882764 ;-21.377644 ;
