0.000000 ;-27.500000 ;-20.600000 ;
0.100000 ;-29.607818 ;-20.279882 ;
0.200000 ;-31.049015 ;-20.052732 ;
0.300000 ;-32.098133 ;-19.905759 ;
0.400000 ;-32.911364 ;-19.824453 ;
0.500000 ;-33.553956 ;-19.792604 ;
0.600000 ;-34.076964 ;-19.797967 ;
0.700000 ;-34.497735 ;-19.829360 ;
0.800000 ;-34.850022 ;-19.879766 ;
0.900000 ;-35.141131 ;-19.942531 ;
1.000000 ;-35.377453 ;-20.012837 ;
1.100000 ;-35.576855 ;-20.087694 ;
1.200000 ;-35.753482 ;-20.164899 ;
1.300000 ;-35.896556 ;-20.241526 ;
1.400000 ;-36.004974 ;-20.315876 ;
1.500000 ;-36.093258 ;-20.387822 ;
1.600000 ;-36.186304 ;-20.458458 ;
1.700000 ;-36.269138 ;-20.525880 ;
1.800000 ;-36.322781 ;-20.587776 ;
1.900000 ;-36.362287 ;-20.645419 ;
2.000000 ;-36.419265 ;-20.701929 ;
2.100000 ;-36.466700 ;-20.754419 ;
2.200000 ;-36.489368 ;-20.801284 ;
2.300000 ;-36.508353 ;-20.844819 ;
2.400000 ;-36.550737 ;-20.888000 ;
2.500000 ;-36.580337 ;-20.927069 ;
2.600000 ;-36.583875 ;-20.960726 ;
2.700000 ;-36.589381 ;-20.992128 ;
2.800000 ;-36.626505 ;-21.024624 ;
2.900000 ;-36.648130 ;-21.053258 ;
3.000000 ;-36.639745 ;-21.076594 ;
3.100000 ;-36.639395 ;-21.098904 ;
3.200000 ;-36.672218 ;-21.123056 ;
3.300000 ;-36.685073 ;-21.143392 ;
3.400000 ;-36.672384 ;-21.159422 ;
3.500000 ;-36.680124 ;-21.176277 ;
3.600000 ;-36.703666 ;-21.193561 ;
3.700000 ;-36.705488 ;-21.207273 ;
3.800000 ;-36.696129 ;-21.218658 ;
3.900000 ;-36.712326 ;-21.231827 ;
4.000000 ;-36.725966 ;-21.243782 ;
4.100000 ;-36.720270 ;-21.252758 ;
4.200000 ;-36.715643 ;-21.261064 ;
4.300000 ;-36.734946 ;-21.271273 ;
4.400000 ;-36.743701 ;-21.279662 ;
4.500000 ;-36.731981 ;-21.285194 ;
4.600000 ;-36.726950 ;-21.290905 ;
4.700000 ;-36.750563 ;-21.299255 ;
4.800000 ;-36.758885 ;-21.305458 ;
4.900000 ;-36.740654 ;-21.308317 ;
5.000000 ;-36.732504 ;-21.311895 ;
5.100000 ;-36.758916 ;-21.318919 ;
5.200000 ;-36.765770 ;-21.323469 ;
5.300000 ;-36.744653 ;-21.324646 ;
5.400000 ;-36.742971 ;-21.327691 ;
5.500000 ;-36.764851 ;-21.333084 ;
5.600000 ;-36.764048 ;-21.335757 ;
5.700000 ;-36.747596 ;-21.336504 ;
5.800000 ;-36.758354 ;-21.340062 ;
5.900000 ;-36.770239 ;-21.343576 ;
6.000000 ;-36.762394 ;-21.344764 ;
6.100000 ;-36.754627 ;-21.345823 ;
6.200000 ;-36.769861 ;-21.349289 ;
6.300000 ;-36.775214 ;-21.351553 ;
6.400000 ;-36.762756 ;-21.351751 ;
6.500000 ;-36.758745 ;-21.352786 ;
6.600000 ;-36.778173 ;-21.356320 ;
6.700000 ;-36.782062 ;-21.358064 ;
6.800000 ;-36.763383 ;-21.357252 ;
6.900000 ;-36.756813 ;-21.357712 ;
7.000000 ;-36.781740 ;-21.361587 ;
7.100000 ;-36.786510 ;-21.363189 ;
7.200000 ;-36.762668 ;-21.361592 ;
7.300000 ;-36.756956 ;-21.361951 ;
7.400000 ;-36.781051 ;-21.365557 ;
7.500000 ;-36.781310 ;-21.366503 ;
7.600000 ;-36.760137 ;-21.365055 ;
7.700000 ;-36.767109 ;-21.366682 ;
7.800000 ;-36.781348 ;-21.369084 ;
7.900000 ;-36.773924 ;-21.369075 ;
8.000000 ;-36.763247 ;-21.368687 ;
8.100000 ;-36.776976 ;-21.370972 ;
8.200000 ;-36.782003 ;-21.372279 ;
8.300000 ;-36.770337 ;-21.371730 ;
8.400000 ;-36.767523 ;-21.372143 ;
8.500000 ;-36.783721 ;-21.374640 ;
8.600000 ;-36.785063 ;-21.375487 ;
8.700000 ;-36.768187 ;-21.374312 ;
8.800000 ;-36.765459 ;-21.374689 ;
8.900000 ;-36.788203 ;-21.377866 ;
9.000000 ;-36.790225 ;-21.378749 ;
9.100000 ;-36.766107 ;-21.376740 ;
9.200000 ;-36.760249 ;-21.376737 ;
9.300000 ;-36.786321 ;-21.380250 ;
9.400000 ;-36.787559 ;-21.381016 ;
9.500000 ;-36.762397 ;-21.378863 ;
9.600000 ;-36.762572 ;-21.379499 ;
9.700000 ;-36.769960 ;-21.380924 ;
9.800000 ;-36.773102 ;-21.381873 ;
9.900000 ;-36.773939 ;-21.441468 ;
10.000000 ;-36.764973 ;-21.741698 ;
10.100000 ;-36.734909 ;-22.133195 ;
10.200000 ;-36.678560 ;-22.523178 ;
10.300000 ;-36.596743 ;-22.880940 ;
10.400000 ;-36.493374 ;-23.196980 ;
10.500000 ;-36.373628 ;-23.470659 ;
10.600000 ;-36.242967 ;-23.704758 ;
10.700000 ;-36.105861 ;-23.903141 ;
10.800000 ;-35.967089 ;-24.070037 ;
10.900000 ;-35.828187 ;-24.209278 ;
11.000000 ;-35.693581 ;-24.324784 ;
11.100000 ;-35.565419 ;-24.419924 ;
11.200000 ;-35.438680 ;-24.496992 ;
11.300000 ;-35.320738 ;-24.559379 ;
11.400000 ;-35.218378 ;-24.610095 ;
11.500000 ;-35.122679 ;-24.650057 ;
11.600000 ;-35.008418 ;-24.677886 ;
11.700000 ;-34.905884 ;-24.698909 ;
11.800000 ;-34.847455 ;-24.718544 ;
11.900000 ;-34.817601 ;-24.735906 ;
12.000000 ;-34.754904 ;-24.744060 ;
12.100000 ;-34.671330 ;-24.745435 ;
12.200000 ;-34.622430 ;-24.747998 ;
12.300000 ;-34.579526 ;-24.748550 ;
12.400000 ;-34.528327 ;-24.745717 ;
12.500000 ;-34.491003 ;-24.742851 ;
12.600000 ;-34.457606 ;-24.739004 ;
12.700000 ;-34.419483 ;-24.733355 ;
12.800000 ;-34.391143 ;-24.728045 ;
12.900000 ;-34.373423 ;-24.723386 ;
13.000000 ;-34.349600 ;-24.717372 ;
13.100000 ;-34.307911 ;-24.708609 ;
13.200000 ;-34.284791 ;-24.701995 ;
13.300000 ;-34.291481 ;-24.699101 ;
13.400000 ;-34.300545 ;-24.696391 ;
13.500000 ;-34.268555 ;-24.688216 ;
13.600000 ;-34.244641 ;-24.681107 ;
13.700000 ;-34.245382 ;-24.677291 ;
13.800000 ;-34.232505 ;-24.671741 ;
13.900000 ;-34.216074 ;-24.665812 ;
14.000000 ;-34.211597 ;-24.661569 ;
14.100000 ;-34.204412 ;-24.657092 ;
14.200000 ;-34.189260 ;-24.651699 ;
14.300000 ;-34.183528 ;-24.647685 ;
14.400000 ;-34.186803 ;-24.644999 ;
14.500000 ;-34.178668 ;-24.640955 ;
14.600000 ;-34.152644 ;-24.634700 ;
14.700000 ;-34.146945 ;-24.631267 ;
14.800000 ;-34.168292 ;-24.631538 ;
14.900000 ;-34.182305 ;-24.630978 ;
15.000000 ;-34.140119 ;-24.623144 ;
15.100000 ;-34.113273 ;-24.617464 ;
15.200000 ;-34.148569 ;-24.620104 ;
15.300000 ;-34.187161 ;-24.623297 ;
15.400000 ;-34.147737 ;-24.616316 ;
15.500000 ;-34.133034 ;-24.612703 ;
15.600000 ;-34.154708 ;-24.613990 ;
15.700000 ;-34.144122 ;-24.611126 ;
15.800000 ;-34.133669 ;-24.608373 ;
15.900000 ;-34.137912 ;-24.607643 ;
16.000000 ;-34.132449 ;-24.605721 ;
16.100000 ;-34.125811 ;-24.603723 ;
16.200000 ;-34.128704 ;-24.603056 ;
16.300000 ;-34.130851 ;-24.602361 ;
16.400000 ;-34.118041 ;-24.599767 ;
16.500000 ;-34.112129 ;-24.598143 ;
16.600000 ;-34.122991 ;-24.598787 ;
16.700000 ;-34.134961 ;-24.599632 ;
16.800000 ;-34.111365 ;-24.595849 ;
16.900000 ;-34.083394 ;-24.591542 ;
17.000000 ;-34.101794 ;-24.593385 ;
17.100000 ;-34.148042 ;-24.598939 ;
17.200000 ;-34.138559 ;-24.597196 ;
17.300000 ;-34.094233 ;-24.590904 ;
17.400000 ;-34.107335 ;-24.592211 ;
17.500000 ;-34.147725 ;-24.597148 ;
17.600000 ;-34.124639 ;-24.593758 ;
17.700000 ;-34.114283 ;-24.592072 ;
17.800000 ;-34.124710 ;-24.593148 ;
17.900000 ;-34.116546 ;-24.591805 ;
18.000000 ;-34.112248 ;-24.590995 ;
18.100000 ;-34.117209 ;-24.591424 ;
18.200000 ;-34.113607 ;-24.590750 ;
18.300000 ;-34.106769 ;-24.589670 ;
18.400000 ;-34.110319 ;-24.589974 ;
18.500000 ;-34.118831 ;-24.590948 ;
18.600000 ;-34.108826 ;-24.589505 ;
18.700000 ;-34.089189 ;-24.586810 ;
18.800000 ;-34.095373 ;-24.587525 ;
18.900000 ;-34.124480 ;-24.591269 ;
19.000000 ;-34.132560 ;-24.592260 ;
19.100000 ;-34.109934 ;-24.589224 ;
19.200000 ;-34.109987 ;-24.589181 ;
19.300000 ;-34.121979 ;-24.590720 ;
19.400000 ;-34.112107 ;-24.589393 ;
19.500000 ;-34.109504 ;-24.589031 ;
19.600000 ;-34.115475 ;-24.589805 ;
19.700000 ;-34.110483 ;-24.589145 ;
19.800000 ;-34.104539 ;-24.588367 ;
19.900000 ;-34.109799 ;-24.589069 ;
20.000000 ;-34.117950 ;-24.590158 ;
20.100000 ;-34.104679 ;-24.588436 ;
20.200000 ;-34.088713 ;-24.586366 ;
20.300000 ;-34.099819 ;-24.587861 ;
20.400000 ;-34.127971 ;-24.591602 ;
20.500000 ;-34.123296 ;-24.591031 ;
20.600000 ;-34.080046 ;-24.585388 ;
20.700000 ;-34.083176 ;-24.585854 ;
20.800000 ;-34.134752 ;-24.592700 ;
20.900000 ;-34.139020 ;-24.593323 ;
21.000000 ;-34.104021 ;-24.588780 ;
21.100000 ;-34.112030 ;-24.589900 ;
21.200000 ;-34.129656 ;-24.592289 ;
21.300000 ;-34.113671 ;-24.590259 ;
21.400000 ;-34.112453 ;-24.590173 ;
21.500000 ;-34.117929 ;-24.590969 ;
21.600000 ;-34.110519 ;-24.590073 ;
21.700000 ;-34.109207 ;-24.589980 ;
21.800000 ;-34.115756 ;-24.590922 ;
21.900000 ;-34.112907 ;-24.590632 ;
22.000000 ;-34.101511 ;-24.589219 ;
22.100000 ;-34.103937 ;-24.589624 ;
22.200000 ;-34.119592 ;-24.591770 ;
22.300000 ;-34.122103 ;-24.592190 ;
22.400000 ;-34.088594 ;-24.587874 ;
22.500000 ;-34.079226 ;-24.586734 ;
22.600000 ;-34.115867 ;-24.591649 ;
22.700000 ;-34.150760 ;-24.596335 ;
22.800000 ;-34.111392 ;-24.591250 ;
22.900000 ;-34.088257 ;-24.588302 ;
23.000000 ;-34.124528 ;-24.593176 ;
23.100000 ;-34.139718 ;-24.595277 ;
23.200000 ;-34.115015 ;-24.592127 ;
23.300000 ;-34.117542 ;-24.592559 ;
23.400000 ;-34.123170 ;-24.593400 ;
23.500000 ;-34.113967 ;-24.592291 ;
23.600000 ;-34.114938 ;-24.592519 ;
23.700000 ;-34.119505 ;-24.593221 ;
23.800000 ;-34.112212 ;-24.592364 ;
23.900000 ;-34.109486 ;-24.592108 ;
24.000000 ;-34.117248 ;-24.593230 ;
24.100000 ;-34.122073 ;-24.593967 ;
24.200000 ;-34.103090 ;-24.591575 ;
24.300000 ;-34.092634 ;-24.590303 ;
24.400000 ;-34.111310 ;-24.592864 ;
24.500000 ;-34.138897 ;-24.596596 ;
24.600000 ;-34.126700 ;-24.595096 ;
24.700000 ;-34.111711 ;-24.593230 ;
24.800000 ;-34.122106 ;-24.594701 ;
24.900000 ;-34.124372 ;-24.595105 ;
25.000000 ;-34.115588 ;-24.594056 ;
25.100000 ;-34.118340 ;-24.594523 ;
25.200000 ;-34.122132 ;-24.595128 ;
25.300000 ;-34.113951 ;-24.594158 ;
25.400000 ;-34.112461 ;-24.594068 ;
25.500000 ;-34.121423 ;-24.595352 ;
25.600000 ;-34.123781 ;-24.595768 ;
25.700000 ;-34.103773 ;-24.593244 ;
25.800000 ;-34.097891 ;-24.592577 ;
25.900000 ;-34.119793 ;-24.595563 ;
26.000000 ;-34.142173 ;-24.598613 ;
26.100000 ;-34.112048 ;-24.594756 ;
26.200000 ;-34.082846 ;-24.591021 ;
26.300000 ;-34.112327 ;-24.595009 ;
26.400000 ;-34.158318 ;-24.601170 ;
26.500000 ;-34.128866 ;-24.597402 ;
26.600000 ;-34.110823 ;-24.595134 ;
26.700000 ;-34.133195 ;-24.598185 ;
26.800000 ;-34.131086 ;-24.598015 ;
26.900000 ;-34.119990 ;-24.596663 ;
27.000000 ;-34.125289 ;-24.597465 ;
27.100000 ;-34.124530 ;-24.597471 ;
27.200000 ;-34.118140 ;-24.596737 ;
27.300000 ;-34.121219 ;-24.597247 ;
27.400000 ;-34.126936 ;-24.598103 ;
27.500000 ;-34.117279 ;-24.596939 ;
27.600000 ;-34.110065 ;-24.596095 ;
27.700000 ;-34.119746 ;-24.597473 ;
27.800000 ;-34.134802 ;-24.599557 ;
27.900000 ;-34.119366 ;-24.597631 ;
28.000000 ;-34.089413 ;-24.593796 ;
28.100000 ;-34.101219 ;-24.595454 ;
28.200000 ;-34.146499 ;-24.601517 ;
28.300000 ;-34.149313 ;-24.601992 ;
28.400000 ;-34.104343 ;-24.596178 ;
28.500000 ;-34.109707 ;-24.596989 ;
28.600000 ;-34.152420 ;-24.602717 ;
28.700000 ;-34.136552 ;-24.600737 ;
28.800000 ;-34.122837 ;-24.599036 ;
28.900000 ;-34.133706 ;-24.600569 ;
29.000000 ;-34.128914 ;-24.600043 ;
29.100000 ;-34.123267 ;-24.599403 ;
29.200000 ;-34.128248 ;-24.600161 ;
29.300000 ;-34.127536 ;-24.600169 ;
29.400000 ;-34.120106 ;-24.599295 ;
29.500000 ;-34.122286 ;-24.599683 ;
29.600000 ;-34.131740 ;-24.601027 ;
29.700000 ;-34.126597 ;-24.600452 ;
29.800000 ;-34.106033 ;-24.597849 ;
29.900000 ;-34.107938 ;-24.598201 ;
30.000000 ;-34.135392 ;-24.601913 ;
30.100000 ;-34.150191 ;-24.603960 ;
30.200000 ;-34.127708 ;-24.601104 ;
30.300000 ;-34.124435 ;-24.600773 ;
30.400000 ;-34.138122 ;-24.602674 ;
30.500000 ;-34.130168 ;-24.601729 ;
30.600000 ;-34.125916 ;-24.601270 ;
30.700000 ;-34.132072 ;-24.602179 ;
30.800000 ;-34.129453 ;-24.601935 ;
30.900000 ;-34.122358 ;-24.601101 ;
31.000000 ;-34.126189 ;-24.601704 ;
31.100000 ;-34.135637 ;-24.603045 ;
31.200000 ;-34.126446 ;-24.601936 ;
31.300000 ;-34.108381 ;-24.599659 ;
31.400000 ;-34.115438 ;-24.600686 ;
31.500000 ;-34.143228 ;-24.604439 ;
31.600000 ;-34.146510 ;-24.604969 ;
31.700000 ;-34.103993 ;-24.599473 ;
31.800000 ;-34.099626 ;-24.598997 ;
31.900000 ;-34.147369 ;-24.605380 ;
32.000000 ;-34.161780 ;-24.607376 ;
32.100000 ;-34.125455 ;-24.602694 ;
32.200000 ;-34.128461 ;-24.603186 ;
32.300000 ;-34.149995 ;-24.606118 ;
32.400000 ;-34.134622 ;-24.604194 ;
32.500000 ;-34.131297 ;-24.603853 ;
32.600000 ;-34.138141 ;-24.604848 ;
32.700000 ;-34.131382 ;-24.604056 ;
32.800000 ;-34.128650 ;-24.603791 ;
32.900000 ;-34.134965 ;-24.604716 ;
33.000000 ;-34.134758 ;-24.604784 ;
33.100000 ;-34.122722 ;-24.603296 ;
33.200000 ;-34.122708 ;-24.603388 ;
33.300000 ;-34.137717 ;-24.605455 ;
33.400000 ;-34.144642 ;-24.606459 ;
33.500000 ;-34.113605 ;-24.602470 ;
33.600000 ;-34.098902 ;-24.600630 ;
33.700000 ;-34.130663 ;-24.604903 ;
33.800000 ;-34.169620 ;-24.610122 ;
33.900000 ;-34.137238 ;-24.605954 ;
34.000000 ;-34.108739 ;-24.602296 ;
34.100000 ;-34.139664 ;-24.606461 ;
34.200000 ;-34.162506 ;-24.609563 ;
34.300000 ;-34.136743 ;-24.606267 ;
34.400000 ;-34.136418 ;-24.606316 ;
34.500000 ;-34.144774 ;-24.607507 ;
34.600000 ;-34.135093 ;-24.606326 ;
34.700000 ;-34.134689 ;-24.606364 ;
34.800000 ;-34.140218 ;-24.607181 ;
34.900000 ;-34.133737 ;-24.606419 ;
35.000000 ;-34.129573 ;-24.605961 ;
35.100000 ;-34.136445 ;-24.606954 ;
35.200000 ;-34.143224 ;-24.607934 ;
35.300000 ;-34.126510 ;-24.605826 ;
35.400000 ;-34.112974 ;-24.604135 ;
35.500000 ;-34.128359 ;-24.606247 ;
35.600000 ;-34.157233 ;-24.610134 ;
35.700000 ;-34.149856 ;-24.609252 ;
35.800000 ;-34.132387 ;-24.607042 ;
35.900000 ;-34.140657 ;-24.608217 ;
36.000000 ;-34.146047 ;-24.609015 ;
36.100000 ;-34.136410 ;-24.607836 ;
36.200000 ;-34.137842 ;-24.608111 ;
36.300000 ;-34.142978 ;-24.608874 ;
36.400000 ;-34.135143 ;-24.607931 ;
36.500000 ;-34.132225 ;-24.607634 ;
36.600000 ;-34.140479 ;-24.608806 ;
36.700000 ;-34.145180 ;-24.609510 ;
36.800000 ;-34.126268 ;-24.607109 ;
36.900000 ;-34.117405 ;-24.606030 ;
37.000000 ;-34.136757 ;-24.608661 ;
37.100000 ;-34.161439 ;-24.611993 ;
37.200000 ;-34.137086 ;-24.608875 ;
37.300000 ;-34.103797 ;-24.604580 ;
37.400000 ;-34.127273 ;-24.607756 ;
37.500000 ;-34.175841 ;-24.614236 ;
37.600000 ;-34.152528 ;-24.611254 ;
37.700000 ;-34.130232 ;-24.608404 ;
37.800000 ;-34.150308 ;-24.611130 ;
37.900000 ;-34.152713 ;-24.611533 ;
38.000000 ;-34.140031 ;-24.609949 ;
38.100000 ;-34.144132 ;-24.610571 ;
38.200000 ;-34.145167 ;-24.610791 ;
38.300000 ;-34.138108 ;-24.609945 ;
38.400000 ;-34.140101 ;-24.610289 ;
38.500000 ;-34.146512 ;-24.611214 ;
38.600000 ;-34.138299 ;-24.610216 ;
38.700000 ;-34.129612 ;-24.609155 ;
38.800000 ;-34.137575 ;-24.610284 ;
38.900000 ;-34.153354 ;-24.612440 ;
39.000000 ;-34.142418 ;-24.611082 ;
39.100000 ;-34.110672 ;-24.606987 ;
39.200000 ;-34.117508 ;-24.607968 ;
39.300000 ;-34.161461 ;-24.613832 ;
39.400000 ;-34.172168 ;-24.615322 ;
39.500000 ;-34.126516 ;-24.609393 ;
39.600000 ;-34.125796 ;-24.609380 ;
39.700000 ;-34.168532 ;-24.615088 ;
39.800000 ;-34.158105 ;-24.613798 ;
39.900000 ;-34.141712 ;-24.611722 ;
40.000000 ;-34.151566 ;-24.613097 ;
40.100000 ;-34.149696 ;-24.612918 ;
40.200000 ;-34.145154 ;-24.612376 ;
40.300000 ;-34.147496 ;-24.612734 ;
40.400000 ;-34.146971 ;-24.612703 ;
40.500000 ;-34.147108 ;-24.612757 ;
40.600000 ;-34.147930 ;-24.612904 ;
40.700000 ;-34.148821 ;-24.613066 ;
40.800000 ;-34.150346 ;-24.613319 ;
40.900000 ;-34.152001 ;-24.613599 ;
41.000000 ;-34.153569 ;-24.613881 ;
41.100000 ;-34.155725 ;-24.614251 ;
41.200000 ;-34.158382 ;-24.614697 ;
41.300000 ;-34.160459 ;-24.615082 ;
41.400000 ;-34.162121 ;-24.615428 ;
41.500000 ;-34.165564 ;-24.616011 ;
41.600000 ;-34.170880 ;-24.616840 ;
41.700000 ;-34.175820 ;-24.617624 ;
41.800000 ;-34.173945 ;-24.617526 ;
41.900000 ;-34.171723 ;-24.617381 ;
42.000000 ;-34.180607 ;-24.618679 ;
42.100000 ;-34.198600 ;-24.621152 ;
42.200000 ;-34.210103 ;-24.622753 ;
42.300000 ;-34.202468 ;-24.621820 ;
42.400000 ;-34.205058 ;-24.622197 ;
42.500000 ;-34.224753 ;-24.624780 ;
42.600000 ;-34.232368 ;-24.625718 ;
42.700000 ;-34.229136 ;-24.625165 ;
42.800000 ;-34.241342 ;-24.626566 ;
42.900000 ;-34.261429 ;-24.628913 ;
43.000000 ;-34.260886 ;-24.628440 ;
43.100000 ;-34.261941 ;-24.628060 ;
43.200000 ;-34.283694 ;-24.630267 ;
43.300000 ;-34.308873 ;-24.632768 ;
43.400000 ;-34.302806 ;-24.630984 ;
43.500000 ;-34.302865 ;-24.629817 ;
43.600000 ;-34.334726 ;-24.632628 ;
43.700000 ;-34.369086 ;-24.635532 ;
43.800000 ;-34.359788 ;-24.632423 ;
43.900000 ;-34.363765 ;-24.630788 ;
44.000000 ;-34.402323 ;-24.633413 ;
44.100000 ;-34.426726 ;-24.633841 ;
44.200000 ;-34.423772 ;-24.630306 ;
44.300000 ;-34.443685 ;-24.629412 ;
44.400000 ;-34.476966 ;-24.629878 ;
44.500000 ;-34.484756 ;-24.626552 ;
44.600000 ;-34.498328 ;-24.623536 ;
44.700000 ;-34.528318 ;-24.622202 ;
44.800000 ;-34.549373 ;-24.619185 ;
44.900000 ;-34.558343 ;-24.614052 ;
45.000000 ;-34.582378 ;-24.610346 ;
45.100000 ;-34.618104 ;-24.607599 ;
45.200000 ;-34.633909 ;-24.601631 ;
45.300000 ;-34.640086 ;-24.593782 ;
45.400000 ;-34.670817 ;-24.588521 ;
45.500000 ;-34.717325 ;-24.584671 ;
45.600000 ;-34.732117 ;-24.575970 ;
45.700000 ;-34.733236 ;-24.564783 ;
45.800000 ;-34.768938 ;-24.557439 ;
45.900000 ;-34.822172 ;-24.551677 ;
46.000000 ;-34.831827 ;-24.539452 ;
46.100000 ;-34.842002 ;-24.526559 ;
46.200000 ;-34.883013 ;-24.516970 ;
46.300000 ;-34.917377 ;-24.505754 ;
46.400000 ;-34.927804 ;-24.490644 ;
46.500000 ;-34.954897 ;-24.476962 ;
46.600000 ;-34.992935 ;-24.463955 ;
46.700000 ;-35.010465 ;-24.447517 ;
46.800000 ;-35.030379 ;-24.430644 ;
46.900000 ;-35.065831 ;-24.415053 ;
47.000000 ;-35.098113 ;-24.398315 ;
47.100000 ;-35.109464 ;-24.378140 ;
47.200000 ;-35.132201 ;-24.358735 ;
47.300000 ;-35.174802 ;-24.341209 ;
47.400000 ;-35.209251 ;-24.321943 ;
47.500000 ;-35.211324 ;-24.297828 ;
47.600000 ;-35.230872 ;-24.275333 ;
47.700000 ;-35.282173 ;-24.256318 ;
47.800000 ;-35.321513 ;-24.235152 ;
47.900000 ;-35.319286 ;-24.208044 ;
48.000000 ;-35.340478 ;-24.183402 ;
48.100000 ;-35.391554 ;-24.162075 ;
48.200000 ;-35.414587 ;-24.136632 ;
48.300000 ;-35.422661 ;-24.108791 ;
48.400000 ;-35.454123 ;-24.083494 ;
48.500000 ;-35.489018 ;-24.058208 ;
48.600000 ;-35.500576 ;-24.029543 ;
48.700000 ;-35.522061 ;-24.001771 ;
48.800000 ;-35.556311 ;-23.975279 ;
48.900000 ;-35.576602 ;-23.946697 ;
49.000000 ;-35.588260 ;-23.916737 ;
49.100000 ;-35.615443 ;-23.888479 ;
49.200000 ;-35.652155 ;-23.861189 ;
49.300000 ;-35.666083 ;-23.830820 ;
49.400000 ;-35.669661 ;-23.798976 ;
49.500000 ;-35.698946 ;-23.770210 ;
49.600000 ;-35.745733 ;-23.743514 ;
49.700000 ;-35.759923 ;-23.712627 ;
49.800000 ;-35.753535 ;-23.679097 ;
49.900000 ;-35.782062 ;-23.649881 ;
50.000000 ;-35.833452 ;-23.623493 ;
50.100000 ;-35.841507 ;-23.591695 ;
50.200000 ;-35.842627 ;-23.559058 ;
50.300000 ;-35.874130 ;-23.530238 ;
50.400000 ;-35.904204 ;-23.501303 ;
50.500000 ;-35.907495 ;-23.469135 ;
50.600000 ;-35.924545 ;-23.438772 ;
50.700000 ;-35.953598 ;-23.410011 ;
50.800000 ;-35.964560 ;-23.379162 ;
50.900000 ;-35.973944 ;-23.348278 ;
51.000000 ;-35.997906 ;-23.319354 ;
51.100000 ;-36.023410 ;-23.290808 ;
51.200000 ;-36.025989 ;-23.259665 ;
51.300000 ;-36.033288 ;-23.229319 ;
51.400000 ;-36.062426 ;-23.201861 ;
51.500000 ;-36.094670 ;-23.175023 ;
51.600000 ;-36.090136 ;-23.143974 ;
51.700000 ;-36.086114 ;-23.113258 ;
51.800000 ;-36.119016 ;-23.087287 ;
51.900000 ;-36.163506 ;-23.063002 ;
52.000000 ;-36.157015 ;-23.032850 ;
52.100000 ;-36.151333 ;-23.003103 ;
52.200000 ;-36.183692 ;-22.978247 ;
52.300000 ;-36.213479 ;-22.953399 ;
52.400000 ;-36.206579 ;-22.924465 ;
52.500000 ;-36.216937 ;-22.897930 ;
52.600000 ;-36.243018 ;-22.873613 ;
52.700000 ;-36.248072 ;-22.847120 ;
52.800000 ;-36.252797 ;-22.820930 ;
52.900000 ;-36.271786 ;-22.796785 ;
53.000000 ;-36.288213 ;-22.772684 ;
53.100000 ;-36.287203 ;-22.746864 ;
53.200000 ;-36.295509 ;-22.722502 ;
53.300000 ;-36.319344 ;-22.700334 ;
53.400000 ;-36.336297 ;-22.677706 ;
53.500000 ;-36.324742 ;-22.652070 ;
53.600000 ;-36.326983 ;-22.628420 ;
53.700000 ;-36.359504 ;-22.608696 ;
53.800000 ;-36.390486 ;-22.589146 ;
53.900000 ;-36.372022 ;-22.564134 ;
54.000000 ;-36.364144 ;-22.540727 ;
54.100000 ;-36.399327 ;-22.522728 ;
54.200000 ;-36.431427 ;-22.504720 ;
54.300000 ;-36.413963 ;-22.481252 ;
54.400000 ;-36.416635 ;-22.460494 ;
54.500000 ;-36.444023 ;-22.442974 ;
54.600000 ;-36.446857 ;-22.422929 ;
54.700000 ;-36.444893 ;-22.402669 ;
54.800000 ;-36.459397 ;-22.384667 ;
54.900000 ;-36.471487 ;-22.366722 ;
55.000000 ;-36.468608 ;-22.347371 ;
55.100000 ;-36.475283 ;-22.329462 ;
55.200000 ;-36.493218 ;-22.313186 ;
55.300000 ;-36.499387 ;-22.295871 ;
55.400000 ;-36.489631 ;-22.277037 ;
55.500000 ;-36.496620 ;-22.260456 ;
55.600000 ;-36.523487 ;-22.246487 ;
55.700000 ;-36.537975 ;-22.231397 ;
55.800000 ;-36.513831 ;-22.212159 ;
55.900000 ;-36.510447 ;-22.195619 ;
56.000000 ;-36.547762 ;-22.184066 ;
56.100000 ;-36.577348 ;-22.171917 ;
56.200000 ;-36.550843 ;-22.153603 ;
56.300000 ;-36.546596 ;-22.138138 ;
56.400000 ;-36.578979 ;-22.127166 ;
56.500000 ;-36.585598 ;-22.113514 ;
56.600000 ;-36.574214 ;-22.098070 ;
56.700000 ;-36.584384 ;-22.085369 ;
56.800000 ;-36.597359 ;-22.073256 ;
56.900000 ;-36.591740 ;-22.059277 ;
57.000000 ;-36.595142 ;-22.046589 ;
57.100000 ;-36.608842 ;-22.035333 ;
57.200000 ;-36.610252 ;-22.022923 ;
57.300000 ;-36.603729 ;-22.009856 ;
57.400000 ;-36.611673 ;-21.998681 ;
57.500000 ;-36.630787 ;-21.989018 ;
57.600000 ;-36.631664 ;-21.977511 ;
57.700000 ;-36.610883 ;-21.963772 ;
57.800000 ;-36.615247 ;-21.953121 ;
57.900000 ;-36.649597 ;-21.946101 ;
58.000000 ;-36.667668 ;-21.937449 ;
58.100000 ;-36.634907 ;-21.923238 ;
58.200000 ;-36.628619 ;-21.912246 ;
58.300000 ;-36.667360 ;-21.906574 ;
58.400000 ;-36.682962 ;-21.898478 ;
58.500000 ;-36.659608 ;-21.886163 ;
58.600000 ;-36.664164 ;-21.877210 ;
58.700000 ;-36.684197 ;-21.870203 ;
58.800000 ;-36.675647 ;-21.860148 ;
58.900000 ;-36.673827 ;-21.851041 ;
59.000000 ;-36.685191 ;-21.843608 ;
59.100000 ;-36.685820 ;-21.835140 ;
59.200000 ;-36.680371 ;-21.826161 ;
59.300000 ;-36.686822 ;-21.818698 ;
59.400000 ;-36.699645 ;-21.812123 ;
59.500000 ;-36.694003 ;-21.803631 ;
59.600000 ;-36.681304 ;-21.794507 ;
59.700000 ;-36.690324 ;-21.787990 ;
59.800000 ;-36.716026 ;-21.783510 ;
59.900000 ;-36.718468 ;-21.776562 ;
60.000000 ;-36.685392 ;-21.765767 ;
60.100000 ;-36.684660 ;-21.758761 ;
60.200000 ;-36.726804 ;-21.756726 ;
60.300000 ;-36.746458 ;-21.752299 ;
60.400000 ;-36.712184 ;-21.741943 ;
60.500000 ;-36.710289 ;-21.735368 ;
60.600000 ;-36.741552 ;-21.732657 ;
60.700000 ;-36.735826 ;-21.725915 ;
60.800000 ;-36.725049 ;-21.718734 ;
60.900000 ;-36.734755 ;-21.713979 ;
61.000000 ;-36.737997 ;-21.708621 ;
61.100000 ;-36.730983 ;-21.702232 ;
61.200000 ;-36.734846 ;-21.697182 ;
61.300000 ;-36.744242 ;-21.692868 ;
61.400000 ;-36.737970 ;-21.686910 ;
61.500000 ;-36.731199 ;-21.681008 ;
61.600000 ;-36.740225 ;-21.676985 ;
61.700000 ;-36.756140 ;-21.673840 ;
61.800000 ;-36.746816 ;-21.667972 ;
61.900000 ;-36.722573 ;-21.660538 ;
62.000000 ;-36.730537 ;-21.656809 ;
62.100000 ;-36.768026 ;-21.656483 ;
62.200000 ;-36.778293 ;-21.653204 ;
62.300000 ;-36.737988 ;-21.644362 ;
62.400000 ;-36.734002 ;-21.639678 ;
62.500000 ;-36.776453 ;-21.640280 ;
62.600000 ;-36.782205 ;-21.636862 ;
62.700000 ;-36.757738 ;-21.630150 ;
62.800000 ;-36.764029 ;-21.626963 ;
62.900000 ;-36.776875 ;-21.624591 ;
63.000000 ;-36.765587 ;-21.619603 ;
63.100000 ;-36.765184 ;-21.615909 ;
63.200000 ;-36.773763 ;-21.613297 ;
63.300000 ;-36.768815 ;-21.609250 ;
63.400000 ;-36.763980 ;-21.605290 ;
63.500000 ;-36.770955 ;-21.602721 ;
63.600000 ;-36.779993 ;-21.600454 ;
63.700000 ;-36.767697 ;-21.595876 ;
63.800000 ;-36.755234 ;-21.591349 ;
63.900000 ;-36.767109 ;-21.589603 ;
64.000000 ;-36.792776 ;-21.589461 ;
64.100000 ;-36.787315 ;-21.585911 ;
64.200000 ;-36.748950 ;-21.578757 ;
64.300000 ;-36.751462 ;-21.576223 ;
64.400000 ;-36.799142 ;-21.578785 ;
64.500000 ;-36.813117 ;-21.577645 ;
64.600000 ;-36.774856 ;-21.570739 ;
64.700000 ;-36.775298 ;-21.568207 ;
64.800000 ;-36.805292 ;-21.569026 ;
64.900000 ;-36.793109 ;-21.565195 ;
65.000000 ;-36.784147 ;-21.561775 ;
65.100000 ;-36.793138 ;-21.560407 ;
65.200000 ;-36.790931 ;-21.557842 ;
65.300000 ;-36.784751 ;-21.554884 ;
65.400000 ;-36.789323 ;-21.553171 ;
65.500000 ;-36.795301 ;-21.551662 ;
65.600000 ;-36.785575 ;-21.548452 ;
65.700000 ;-36.780153 ;-21.545766 ;
65.800000 ;-36.790541 ;-21.544884 ;
65.900000 ;-36.804209 ;-21.544409 ;
66.000000 ;-36.787958 ;-21.540650 ;
66.100000 ;-36.762455 ;-21.535904 ;
66.200000 ;-36.774431 ;-21.535367 ;
66.300000 ;-36.815571 ;-21.538114 ;
66.400000 ;-36.820903 ;-21.536915 ;
66.500000 ;-36.775577 ;-21.530122 ;
66.600000 ;-36.774017 ;-21.528237 ;
66.700000 ;-36.820094 ;-21.531687 ;
66.800000 ;-36.819482 ;-21.529978 ;
66.900000 ;-36.795367 ;-21.525688 ;
67.000000 ;-36.802982 ;-21.524962 ;
67.100000 ;-36.810046 ;-21.524208 ;
67.200000 ;-36.799194 ;-21.521494 ;
67.300000 ;-36.800149 ;-21.520125 ;
67.400000 ;-36.806275 ;-21.519361 ;
67.500000 ;-36.799070 ;-21.517146 ;
67.600000 ;-36.795599 ;-21.515376 ;
67.700000 ;-36.803100 ;-21.514854 ;
67.800000 ;-36.809208 ;-21.514206 ;
67.900000 ;-36.793028 ;-21.511111 ;
68.000000 ;-36.781924 ;-21.508608 ;
68.100000 ;-36.796654 ;-21.509000 ;
68.200000 ;-36.822576 ;-21.510662 ;
68.300000 ;-36.811236 ;-21.508211 ;
68.400000 ;-36.769381 ;-21.502398 ;
68.500000 ;-36.775360 ;-21.501924 ;
68.600000 ;-36.828415 ;-21.506701 ;
68.700000 ;-36.838505 ;-21.506727 ;
68.800000 ;-36.797817 ;-21.501136 ;
68.900000 ;-36.800444 ;-21.500383 ;
69.000000 ;-36.829066 ;-21.502539 ;
69.100000 ;-36.813442 ;-21.499801 ;
69.200000 ;-36.806264 ;-21.498021 ;
69.300000 ;-36.814381 ;-21.497959 ;
69.400000 ;-36.809332 ;-21.496456 ;
69.500000 ;-36.804400 ;-21.494986 ;
69.600000 ;-36.809498 ;-21.494647 ;
69.700000 ;-36.812739 ;-21.494122 ;
69.800000 ;-36.801710 ;-21.492032 ;
69.900000 ;-36.797954 ;-21.490766 ;
70.000000 ;-36.809521 ;-21.491219 ;
70.100000 ;-36.821353 ;-21.491718 ;
70.200000 ;-36.799965 ;-21.488549 ;
70.300000 ;-36.774446 ;-21.484940 ;
70.400000 ;-36.790405 ;-21.485948 ;
70.500000 ;-36.834764 ;-21.490123 ;
70.600000 ;-36.836021 ;-21.489529 ;
70.700000 ;-36.787239 ;-21.483400 ;
70.800000 ;-36.788355 ;-21.482826 ;
70.900000 ;-36.837572 ;-21.487606 ;
71.000000 ;-36.832156 ;-21.486334 ;
71.100000 ;-36.808853 ;-21.483089 ;
71.200000 ;-36.817477 ;-21.483402 ;
71.300000 ;-36.820611 ;-21.483119 ;
71.400000 ;-36.810660 ;-21.481396 ;
71.500000 ;-36.812630 ;-21.481007 ;
71.600000 ;-36.816656 ;-21.480859 ;
71.700000 ;-36.808849 ;-21.479411 ;
71.800000 ;-36.806705 ;-21.478603 ;
71.900000 ;-36.814559 ;-21.478915 ;
72.000000 ;-36.818246 ;-21.478776 ;
72.100000 ;-36.799808 ;-21.476196 ;
72.200000 ;-36.790492 ;-21.474639 ;
72.300000 ;-36.807727 ;-21.476035 ;
72.400000 ;-36.833605 ;-21.478400 ;
72.500000 ;-36.823530 ;-21.476789 ;
72.600000 ;-36.806878 ;-21.474458 ;
72.700000 ;-36.815405 ;-21.474931 ;
72.800000 ;-36.823391 ;-21.475353 ;
72.900000 ;-36.812199 ;-21.473657 ;
73.000000 ;-36.811632 ;-21.473149 ;
73.100000 ;-36.819207 ;-21.473552 ;
73.200000 ;-36.812949 ;-21.472431 ;
73.300000 ;-36.805912 ;-21.471232 ;
73.400000 ;-36.811881 ;-21.471483 ;
73.500000 ;-36.822145 ;-21.472218 ;
73.600000 ;-36.809962 ;-21.470473 ;
73.700000 ;-36.791802 ;-21.468074 ;
73.800000 ;-36.800573 ;-21.468668 ;
73.900000 ;-36.829298 ;-21.471481 ;
74.000000 ;-36.830243 ;-21.471222 ;
74.100000 ;-36.789473 ;-21.466347 ;
74.200000 ;-36.785990 ;-21.465614 ;
74.300000 ;-36.830287 ;-21.470185 ;
74.400000 ;-36.844066 ;-21.471377 ;
74.500000 ;-36.809252 ;-21.467188 ;
74.600000 ;-36.809494 ;-21.466894 ;
74.700000 ;-36.832681 ;-21.469151 ;
74.800000 ;-36.819414 ;-21.467371 ;
74.900000 ;-36.812447 ;-21.466294 ;
75.000000 ;-36.820405 ;-21.466878 ;
75.100000 ;-36.816840 ;-21.466190 ;
75.200000 ;-36.810051 ;-21.465151 ;
75.300000 ;-36.814192 ;-21.465328 ;
75.400000 ;-36.820696 ;-21.465772 ;
75.500000 ;-36.809741 ;-21.464287 ;
75.600000 ;-36.800833 ;-21.463034 ;
75.700000 ;-36.810435 ;-21.463837 ;
75.800000 ;-36.827631 ;-21.465486 ;
75.900000 ;-36.815582 ;-21.463900 ;
76.000000 ;-36.783523 ;-21.460103 ;
76.100000 ;-36.789623 ;-21.460539 ;
76.200000 ;-36.832549 ;-21.465060 ;
76.300000 ;-36.844841 ;-21.466189 ;
76.400000 ;-36.801022 ;-21.461104 ;
76.500000 ;-36.796381 ;-21.460369 ;
76.600000 ;-36.835790 ;-21.464522 ;
76.700000 ;-36.831905 ;-21.463878 ;
76.800000 ;-36.812378 ;-21.461502 ;
76.900000 ;-36.819554 ;-21.462091 ;
77.000000 ;-36.822844 ;-21.462253 ;
77.100000 ;-36.813068 ;-21.460970 ;
77.200000 ;-36.814433 ;-21.460924 ;
77.300000 ;-36.820282 ;-21.461379 ;
77.400000 ;-36.812223 ;-21.460296 ;
77.500000 ;-36.807234 ;-21.459557 ;
77.600000 ;-36.814711 ;-21.460203 ;
77.700000 ;-36.823261 ;-21.460970 ;
77.800000 ;-36.806965 ;-21.458988 ;
77.900000 ;-36.789756 ;-21.456909 ;
78.000000 ;-36.802247 ;-21.458123 ;
78.100000 ;-36.833355 ;-21.461403 ;
78.200000 ;-36.830645 ;-21.460938 ;
78.300000 ;-36.785795 ;-21.455809 ;
78.400000 ;-36.784793 ;-21.455543 ;
78.500000 ;-36.834790 ;-21.460931 ;
78.600000 ;-36.846172 ;-21.462040 ;
78.700000 ;-36.810042 ;-21.457886 ;
78.800000 ;-36.812335 ;-21.457994 ;
78.900000 ;-36.833429 ;-21.460190 ;
79.000000 ;-36.818481 ;-21.458392 ;
79.100000 ;-36.813711 ;-21.457724 ;
79.200000 ;-36.820935 ;-21.458386 ;
79.300000 ;-36.815250 ;-21.457621 ;
79.400000 ;-36.810220 ;-21.456931 ;
79.500000 ;-36.815407 ;-21.457374 ;
79.600000 ;-36.819822 ;-21.457734 ;
79.700000 ;-36.811030 ;-21.456633 ;
79.800000 ;-36.807935 ;-21.456165 ;
79.900000 ;-36.816378 ;-21.456977 ;
80.000000 ;-36.821699 ;-21.457446 ;
