0.000000 ;-27.500000 ;-20.600000 ;
0.100000 ;-27.401291 ;-20.627725 ;
0.200000 ;-27.326507 ;-20.646128 ;
0.300000 ;-27.280116 ;-20.658316 ;
0.400000 ;-27.252329 ;-20.665560 ;
0.500000 ;-27.215768 ;-20.667105 ;
0.600000 ;-27.190648 ;-20.666052 ;
0.700000 ;-27.177243 ;-20.663416 ;
0.800000 ;-27.158705 ;-20.658496 ;
0.900000 ;-27.140750 ;-20.652387 ;
1.000000 ;-27.134782 ;-20.646513 ;
1.100000 ;-27.134903 ;-20.640683 ;
1.200000 ;-27.119925 ;-20.633275 ;
1.300000 ;-27.099624 ;-20.625339 ;
1.400000 ;-27.102048 ;-20.619524 ;
1.500000 ;-27.122064 ;-20.615458 ;
1.600000 ;-27.119955 ;-20.609608 ;
1.700000 ;-27.084964 ;-20.601038 ;
1.800000 ;-27.082898 ;-20.595761 ;
1.900000 ;-27.118329 ;-20.594205 ;
2.000000 ;-27.120662 ;-20.589933 ;
2.100000 ;-27.095254 ;-20.583433 ;
2.200000 ;-27.100278 ;-20.580005 ;
2.300000 ;-27.111785 ;-20.577453 ;
2.400000 ;-27.099839 ;-20.573032 ;
2.500000 ;-27.098762 ;-20.569860 ;
2.600000 ;-27.103582 ;-20.567468 ;
2.700000 ;-27.097624 ;-20.564322 ;
2.800000 ;-27.095757 ;-20.561762 ;
2.900000 ;-27.101277 ;-20.560075 ;
3.000000 ;-27.101182 ;-20.558060 ;
3.100000 ;-27.090674 ;-20.555270 ;
3.200000 ;-27.090425 ;-20.553574 ;
3.300000 ;-27.103545 ;-20.553243 ;
3.400000 ;-27.110653 ;-20.552500 ;
3.500000 ;-27.085968 ;-20.548987 ;
3.600000 ;-27.073372 ;-20.546692 ;
3.700000 ;-27.098713 ;-20.547960 ;
3.800000 ;-27.129800 ;-20.549849 ;
3.900000 ;-27.104515 ;-20.546691 ;
4.000000 ;-27.084953 ;-20.544138 ;
4.100000 ;-27.108537 ;-20.545594 ;
4.200000 ;-27.121045 ;-20.546110 ;
4.300000 ;-27.103625 ;-20.543962 ;
4.400000 ;-27.105102 ;-20.543593 ;
4.500000 ;-27.110408 ;-20.543626 ;
4.600000 ;-27.103398 ;-20.542586 ;
4.700000 ;-27.103750 ;-20.542261 ;
4.800000 ;-27.108583 ;-20.542384 ;
4.900000 ;-27.103443 ;-20.541636 ;
5.000000 ;-27.099684 ;-20.541048 ;
5.100000 ;-27.105480 ;-20.541360 ;
5.200000 ;-27.112461 ;-20.541809 ;
5.300000 ;-27.099951 ;-20.540507 ;
5.400000 ;-27.086712 ;-20.539162 ;
5.500000 ;-27.097906 ;-20.540064 ;
5.600000 ;-27.123269 ;-20.542275 ;
5.700000 ;-27.118006 ;-20.541713 ;
5.800000 ;-27.083518 ;-20.538504 ;
5.900000 ;-27.089049 ;-20.538958 ;
6.000000 ;-27.130422 ;-20.542689 ;
6.100000 ;-27.126987 ;-20.542347 ;
6.200000 ;-27.104044 ;-20.540238 ;
6.300000 ;-27.113229 ;-20.541066 ;
6.400000 ;-27.120366 ;-20.541716 ;
6.500000 ;-27.110152 ;-20.540792 ;
6.600000 ;-27.111482 ;-20.540925 ;
6.700000 ;-27.114344 ;-20.541204 ;
6.800000 ;-27.108717 ;-20.540716 ;
6.900000 ;-27.108809 ;-20.540752 ;
7.000000 ;-27.114549 ;-20.541307 ;
7.100000 ;-27.111467 ;-20.541063 ;
7.200000 ;-27.101549 ;-20.540199 ;
7.300000 ;-27.104094 ;-20.540473 ;
7.400000 ;-27.118422 ;-20.541823 ;
7.500000 ;-27.121693 ;-20.542168 ;
7.600000 ;-27.093062 ;-20.539610 ;
7.700000 ;-27.084321 ;-20.538866 ;
7.800000 ;-27.115399 ;-20.541750 ;
7.900000 ;-27.144952 ;-20.544496 ;
8.000000 ;-27.113371 ;-20.541673 ;
8.100000 ;-27.097209 ;-20.540257 ;
8.200000 ;-27.124844 ;-20.542835 ;
8.300000 ;-27.130717 ;-20.543429 ;
8.400000 ;-27.114724 ;-20.542029 ;
8.500000 ;-27.118244 ;-20.542409 ;
8.600000 ;-27.120162 ;-20.542642 ;
8.700000 ;-27.113975 ;-20.542138 ;
8.800000 ;-27.115691 ;-20.542353 ;
8.900000 ;-27.119042 ;-20.542717 ;
9.000000 ;-27.112816 ;-20.542210 ;
9.100000 ;-27.110664 ;-20.542073 ;
9.200000 ;-27.117504 ;-20.542755 ;
9.300000 ;-27.122475 ;-20.543268 ;
9.400000 ;-27.106399 ;-20.541863 ;
9.500000 ;-27.095547 ;-20.540935 ;
9.600000 ;-27.110743 ;-20.542379 ;
9.700000 ;-27.136429 ;-20.544779 ;
9.800000 ;-27.131088 ;-20.544351 ;
9.900000 ;-27.119545 ;-20.615908 ;
10.000000 ;-27.061469 ;-20.934963 ;
10.100000 ;-26.921701 ;-21.342484 ;
10.200000 ;-26.689806 ;-21.746577 ;
10.300000 ;-26.385818 ;-22.115836 ;
10.400000 ;-26.031074 ;-22.439218 ;
10.500000 ;-25.647995 ;-22.714917 ;
10.600000 ;-25.256262 ;-22.945071 ;
10.700000 ;-24.868595 ;-23.133288 ;
10.800000 ;-24.500514 ;-23.284566 ;
10.900000 ;-24.150187 ;-23.402875 ;
11.000000 ;-23.827021 ;-23.493371 ;
11.100000 ;-23.546384 ;-23.561568 ;
11.200000 ;-23.277753 ;-23.608846 ;
11.300000 ;-23.033686 ;-23.639972 ;
11.400000 ;-22.839835 ;-23.660284 ;
11.500000 ;-22.655501 ;-23.669179 ;
11.600000 ;-22.479207 ;-23.669039 ;
11.700000 ;-22.344663 ;-23.664705 ;
11.800000 ;-22.220298 ;-23.655223 ;
11.900000 ;-22.098751 ;-23.641441 ;
12.000000 ;-22.006682 ;-23.626700 ;
12.100000 ;-21.921757 ;-23.610069 ;
12.200000 ;-21.837078 ;-23.591754 ;
12.300000 ;-21.774915 ;-23.574152 ;
12.400000 ;-21.719711 ;-23.556436 ;
12.500000 ;-21.656700 ;-23.537775 ;
12.600000 ;-21.612377 ;-23.520613 ;
12.700000 ;-21.581378 ;-23.504699 ;
12.800000 ;-21.534190 ;-23.487753 ;
12.900000 ;-21.496172 ;-23.471999 ;
13.000000 ;-21.479616 ;-23.458527 ;
13.100000 ;-21.452375 ;-23.444697 ;
13.200000 ;-21.416321 ;-23.430710 ;
13.300000 ;-21.402609 ;-23.419187 ;
13.400000 ;-21.392063 ;-23.408515 ;
13.500000 ;-21.361850 ;-23.396777 ;
13.600000 ;-21.347136 ;-23.386914 ;
13.700000 ;-21.343475 ;-23.378532 ;
13.800000 ;-21.321178 ;-23.369119 ;
13.900000 ;-21.306436 ;-23.360854 ;
14.000000 ;-21.305313 ;-23.354215 ;
14.100000 ;-21.290710 ;-23.346910 ;
14.200000 ;-21.274790 ;-23.339934 ;
14.300000 ;-21.274652 ;-23.334691 ;
14.400000 ;-21.270189 ;-23.329475 ;
14.500000 ;-21.251248 ;-23.323413 ;
14.600000 ;-21.247896 ;-23.319000 ;
14.700000 ;-21.254353 ;-23.315727 ;
14.800000 ;-21.238286 ;-23.310869 ;
14.900000 ;-21.227015 ;-23.306695 ;
15.000000 ;-21.235556 ;-23.304439 ;
15.100000 ;-21.231301 ;-23.301356 ;
15.200000 ;-21.215395 ;-23.297526 ;
15.300000 ;-21.218670 ;-23.295512 ;
15.400000 ;-21.222591 ;-23.293747 ;
15.500000 ;-21.207964 ;-23.290615 ;
15.600000 ;-21.206539 ;-23.288756 ;
15.700000 ;-21.213039 ;-23.287715 ;
15.800000 ;-21.201455 ;-23.285310 ;
15.900000 ;-21.196610 ;-23.283603 ;
16.000000 ;-21.204093 ;-23.283049 ;
16.100000 ;-21.197807 ;-23.281463 ;
16.200000 ;-21.187794 ;-23.279672 ;
16.300000 ;-21.194179 ;-23.279348 ;
16.400000 ;-21.198643 ;-23.278956 ;
16.500000 ;-21.183599 ;-23.277021 ;
16.600000 ;-21.183135 ;-23.276380 ;
16.700000 ;-21.196206 ;-23.276940 ;
16.800000 ;-21.186498 ;-23.275667 ;
16.900000 ;-21.177130 ;-23.274483 ;
17.000000 ;-21.188087 ;-23.275050 ;
17.100000 ;-21.188580 ;-23.274797 ;
17.200000 ;-21.176535 ;-23.273547 ;
17.300000 ;-21.181539 ;-23.273761 ;
17.400000 ;-21.186952 ;-23.274051 ;
17.500000 ;-21.175966 ;-23.273010 ;
17.600000 ;-21.176890 ;-23.272997 ;
17.700000 ;-21.184893 ;-23.273605 ;
17.800000 ;-21.175509 ;-23.272793 ;
17.900000 ;-21.171983 ;-23.272495 ;
18.000000 ;-21.181684 ;-23.273324 ;
18.100000 ;-21.178678 ;-23.273117 ;
18.200000 ;-21.167826 ;-23.272276 ;
18.300000 ;-21.174971 ;-23.272954 ;
18.400000 ;-21.184729 ;-23.273866 ;
18.500000 ;-21.170275 ;-23.272777 ;
18.600000 ;-21.168199 ;-23.272733 ;
18.700000 ;-21.183097 ;-23.274117 ;
18.800000 ;-21.176816 ;-23.273748 ;
18.900000 ;-21.167766 ;-23.273160 ;
19.000000 ;-21.177934 ;-23.274182 ;
19.100000 ;-21.179186 ;-23.274471 ;
19.200000 ;-21.169389 ;-23.273847 ;
19.300000 ;-21.174596 ;-23.274481 ;
19.400000 ;-21.179558 ;-23.275101 ;
19.500000 ;-21.169896 ;-23.274510 ;
19.600000 ;-21.171492 ;-23.274861 ;
19.700000 ;-21.180419 ;-23.275828 ;
19.800000 ;-21.171666 ;-23.275328 ;
19.900000 ;-21.167135 ;-23.275183 ;
20.000000 ;-21.178211 ;-23.276342 ;
20.100000 ;-21.178880 ;-23.276637 ;
20.200000 ;-21.165618 ;-23.275776 ;
20.300000 ;-21.171509 ;-23.276512 ;
20.400000 ;-21.185207 ;-23.277901 ;
20.500000 ;-21.172117 ;-23.277061 ;
20.600000 ;-21.168155 ;-23.276983 ;
20.700000 ;-21.182454 ;-23.278428 ;
20.800000 ;-21.177886 ;-23.278303 ;
20.900000 ;-21.170033 ;-23.277906 ;
21.000000 ;-21.178976 ;-23.278908 ;
21.100000 ;-21.179468 ;-23.279208 ;
21.200000 ;-21.171328 ;-23.278790 ;
21.300000 ;-21.176681 ;-23.279496 ;
21.400000 ;-21.181475 ;-23.280157 ;
21.500000 ;-21.171788 ;-23.279612 ;
21.600000 ;-21.173221 ;-23.279994 ;
21.700000 ;-21.183776 ;-23.281135 ;
21.800000 ;-21.175849 ;-23.280738 ;
21.900000 ;-21.168583 ;-23.280396 ;
22.000000 ;-21.180392 ;-23.281642 ;
22.100000 ;-21.185953 ;-23.282368 ;
22.200000 ;-21.170711 ;-23.281363 ;
22.300000 ;-21.174139 ;-23.281911 ;
22.400000 ;-21.189617 ;-23.283464 ;
22.500000 ;-21.178514 ;-23.282802 ;
22.600000 ;-21.174025 ;-23.282691 ;
22.700000 ;-21.186347 ;-23.283980 ;
22.800000 ;-21.181977 ;-23.283879 ;
22.900000 ;-21.175913 ;-23.283637 ;
23.000000 ;-21.183969 ;-23.284569 ;
23.100000 ;-21.183574 ;-23.284798 ;
23.200000 ;-21.176152 ;-23.284442 ;
23.300000 ;-21.181711 ;-23.285166 ;
23.400000 ;-21.187544 ;-23.285912 ;
23.500000 ;-21.176711 ;-23.285271 ;
23.600000 ;-21.176836 ;-23.285541 ;
23.700000 ;-21.189791 ;-23.286879 ;
23.800000 ;-21.184356 ;-23.286686 ;
23.900000 ;-21.173165 ;-23.286013 ;
24.000000 ;-21.184301 ;-23.287199 ;
24.100000 ;-21.194770 ;-23.288329 ;
24.200000 ;-21.179283 ;-23.287297 ;
24.300000 ;-21.180404 ;-23.287647 ;
24.400000 ;-21.194885 ;-23.289110 ;
24.500000 ;-21.185383 ;-23.288575 ;
24.600000 ;-21.181906 ;-23.288541 ;
24.700000 ;-21.191997 ;-23.289637 ;
24.800000 ;-21.187169 ;-23.289490 ;
24.900000 ;-21.182624 ;-23.289366 ;
25.000000 ;-21.190353 ;-23.290263 ;
25.100000 ;-21.189723 ;-23.290464 ;
25.200000 ;-21.181622 ;-23.290042 ;
25.300000 ;-21.187247 ;-23.290763 ;
25.400000 ;-21.195823 ;-23.291729 ;
25.500000 ;-21.183655 ;-23.290967 ;
25.600000 ;-21.180661 ;-23.290968 ;
25.700000 ;-21.195959 ;-23.292493 ;
25.800000 ;-21.195280 ;-23.292686 ;
25.900000 ;-21.180707 ;-23.291722 ;
26.000000 ;-21.189544 ;-23.292706 ;
26.100000 ;-21.202382 ;-23.294024 ;
26.200000 ;-21.188409 ;-23.293109 ;
26.300000 ;-21.188717 ;-23.293382 ;
26.400000 ;-21.200200 ;-23.294585 ;
26.500000 ;-21.191704 ;-23.294124 ;
26.600000 ;-21.189867 ;-23.294216 ;
26.700000 ;-21.198313 ;-23.295165 ;
26.800000 ;-21.193017 ;-23.294968 ;
26.900000 ;-21.189017 ;-23.294879 ;
27.000000 ;-21.197070 ;-23.295793 ;
27.100000 ;-21.197547 ;-23.296076 ;
27.200000 ;-21.187002 ;-23.295440 ;
27.300000 ;-21.191878 ;-23.296088 ;
27.400000 ;-21.204766 ;-23.297403 ;
27.500000 ;-21.193218 ;-23.296682 ;
27.600000 ;-21.185343 ;-23.296266 ;
27.700000 ;-21.201295 ;-23.297835 ;
27.800000 ;-21.205920 ;-23.298460 ;
27.900000 ;-21.190462 ;-23.297411 ;
28.000000 ;-21.196670 ;-23.298166 ;
28.100000 ;-21.207849 ;-23.299335 ;
28.200000 ;-21.196329 ;-23.298613 ;
28.300000 ;-21.197299 ;-23.298930 ;
28.400000 ;-21.205452 ;-23.299845 ;
28.500000 ;-21.197697 ;-23.299435 ;
28.600000 ;-21.197150 ;-23.299624 ;
28.700000 ;-21.205042 ;-23.300515 ;
28.800000 ;-21.199395 ;-23.300279 ;
28.900000 ;-21.194363 ;-23.300093 ;
29.000000 ;-21.203270 ;-23.301067 ;
29.100000 ;-21.207351 ;-23.301639 ;
29.200000 ;-21.193057 ;-23.300680 ;
29.300000 ;-21.195088 ;-23.301080 ;
29.400000 ;-21.212701 ;-23.302778 ;
29.500000 ;-21.205100 ;-23.302374 ;
29.600000 ;-21.192718 ;-23.301572 ;
29.700000 ;-21.206684 ;-23.302964 ;
29.800000 ;-21.213661 ;-23.303774 ;
29.900000 ;-21.200144 ;-23.302876 ;
30.000000 ;-21.204926 ;-23.303501 ;
30.100000 ;-21.211861 ;-23.304305 ;
30.200000 ;-21.203028 ;-23.303795 ;
30.300000 ;-21.205114 ;-23.304194 ;
30.400000 ;-21.211047 ;-23.304913 ;
30.500000 ;-21.203463 ;-23.304505 ;
30.600000 ;-21.203329 ;-23.304718 ;
30.700000 ;-21.212039 ;-23.305666 ;
30.800000 ;-21.206814 ;-23.305453 ;
30.900000 ;-21.198352 ;-23.304970 ;
31.000000 ;-21.207788 ;-23.305977 ;
31.100000 ;-21.218547 ;-23.307094 ;
31.200000 ;-21.201948 ;-23.305931 ;
31.300000 ;-21.198493 ;-23.305862 ;
31.400000 ;-21.218579 ;-23.307755 ;
31.500000 ;-21.216271 ;-23.307782 ;
31.600000 ;-21.202658 ;-23.306865 ;
31.700000 ;-21.213331 ;-23.307972 ;
31.800000 ;-21.218132 ;-23.308589 ;
31.900000 ;-21.208204 ;-23.307978 ;
32.000000 ;-21.212773 ;-23.308574 ;
32.100000 ;-21.215974 ;-23.309055 ;
32.200000 ;-21.208991 ;-23.308688 ;
32.300000 ;-21.211935 ;-23.309147 ;
32.400000 ;-21.217503 ;-23.309824 ;
32.500000 ;-21.208939 ;-23.309323 ;
32.600000 ;-21.207743 ;-23.309435 ;
32.700000 ;-21.218655 ;-23.310556 ;
32.800000 ;-21.216804 ;-23.310612 ;
32.900000 ;-21.202310 ;-23.309615 ;
33.000000 ;-21.209883 ;-23.310455 ;
33.100000 ;-21.228421 ;-23.312210 ;
33.200000 ;-21.214147 ;-23.311229 ;
33.300000 ;-21.205204 ;-23.310691 ;
33.400000 ;-21.223492 ;-23.312423 ;
33.500000 ;-21.223485 ;-23.312630 ;
33.600000 ;-21.212432 ;-23.311916 ;
33.700000 ;-21.220464 ;-23.312791 ;
33.800000 ;-21.221341 ;-23.313069 ;
33.900000 ;-21.214848 ;-23.312733 ;
34.000000 ;-21.219641 ;-23.313336 ;
34.100000 ;-21.220940 ;-23.313647 ;
34.200000 ;-21.214169 ;-23.313286 ;
34.300000 ;-21.217525 ;-23.313768 ;
34.400000 ;-21.224889 ;-23.314583 ;
34.500000 ;-21.214924 ;-23.313954 ;
34.600000 ;-21.209780 ;-23.313726 ;
34.700000 ;-21.223296 ;-23.315052 ;
34.800000 ;-21.229871 ;-23.315800 ;
34.900000 ;-21.209900 ;-23.314334 ;
35.000000 ;-21.211729 ;-23.314685 ;
35.100000 ;-21.234912 ;-23.316816 ;
35.200000 ;-21.225601 ;-23.316237 ;
35.300000 ;-21.215177 ;-23.315565 ;
35.400000 ;-21.228896 ;-23.316905 ;
35.500000 ;-21.227119 ;-23.316953 ;
35.600000 ;-21.220320 ;-23.316581 ;
35.700000 ;-21.226778 ;-23.317313 ;
35.800000 ;-21.225024 ;-23.317361 ;
35.900000 ;-21.220507 ;-23.317178 ;
36.000000 ;-21.225712 ;-23.317805 ;
36.100000 ;-21.227045 ;-23.318108 ;
36.200000 ;-21.218233 ;-23.317565 ;
36.300000 ;-21.220973 ;-23.317984 ;
36.400000 ;-21.232449 ;-23.319131 ;
36.500000 ;-21.224264 ;-23.318639 ;
36.600000 ;-21.211041 ;-23.317726 ;
36.700000 ;-21.224468 ;-23.319034 ;
36.800000 ;-21.242344 ;-23.320714 ;
36.900000 ;-21.222376 ;-23.319237 ;
37.000000 ;-21.217774 ;-23.319040 ;
37.100000 ;-21.238957 ;-23.320994 ;
37.200000 ;-21.232275 ;-23.320624 ;
37.300000 ;-21.224793 ;-23.320186 ;
37.400000 ;-21.234045 ;-23.321142 ;
37.500000 ;-21.230000 ;-23.320990 ;
37.600000 ;-21.226648 ;-23.320894 ;
37.700000 ;-21.232374 ;-23.321555 ;
37.800000 ;-21.229442 ;-23.321493 ;
37.900000 ;-21.224903 ;-23.321298 ;
38.000000 ;-21.230817 ;-23.321972 ;
38.100000 ;-21.235027 ;-23.322504 ;
38.200000 ;-21.222056 ;-23.321604 ;
38.300000 ;-21.220993 ;-23.321696 ;
38.400000 ;-21.237924 ;-23.323287 ;
38.500000 ;-21.238912 ;-23.323548 ;
38.600000 ;-21.217057 ;-23.321904 ;
38.700000 ;-21.224821 ;-23.322730 ;
38.800000 ;-21.249641 ;-23.324979 ;
38.900000 ;-21.234157 ;-23.323866 ;
39.000000 ;-21.227692 ;-23.323503 ;
39.100000 ;-21.242315 ;-23.324898 ;
39.200000 ;-21.235467 ;-23.324504 ;
39.300000 ;-21.232174 ;-23.324404 ;
39.400000 ;-21.238372 ;-23.325095 ;
39.500000 ;-21.233498 ;-23.324863 ;
39.600000 ;-21.231825 ;-23.324897 ;
39.700000 ;-21.237781 ;-23.325566 ;
39.800000 ;-21.234687 ;-23.325483 ;
39.900000 ;-21.227177 ;-23.325034 ;
40.000000 ;-21.233589 ;-23.325737 ;
40.100000 ;-21.244621 ;-23.326802 ;
40.200000 ;-21.239972 ;-23.326522 ;
40.300000 ;-21.240147 ;-23.326616 ;
40.400000 ;-21.242086 ;-23.326837 ;
40.500000 ;-21.244156 ;-23.327062 ;
40.600000 ;-21.247704 ;-23.327423 ;
40.700000 ;-21.251264 ;-23.327807 ;
40.800000 ;-21.256034 ;-23.328323 ;
40.900000 ;-21.261655 ;-23.328947 ;
41.000000 ;-21.266512 ;-23.329556 ;
41.100000 ;-21.273128 ;-23.330354 ;
41.200000 ;-21.282108 ;-23.331386 ;
41.300000 ;-21.288385 ;-23.332251 ;
41.400000 ;-21.287129 ;-23.332563 ;
41.500000 ;-21.296868 ;-23.333816 ;
41.600000 ;-21.321424 ;-23.336311 ;
41.700000 ;-21.344007 ;-23.338675 ;
41.800000 ;-21.344328 ;-23.339254 ;
41.900000 ;-21.354992 ;-23.340732 ;
42.000000 ;-21.376689 ;-23.343155 ;
42.100000 ;-21.386524 ;-23.344604 ;
42.200000 ;-21.403030 ;-23.346618 ;
42.300000 ;-21.423825 ;-23.348988 ;
42.400000 ;-21.436792 ;-23.350701 ;
42.500000 ;-21.456575 ;-23.352958 ;
42.600000 ;-21.485943 ;-23.355968 ;
42.700000 ;-21.505345 ;-23.358095 ;
42.800000 ;-21.513740 ;-23.359240 ;
42.900000 ;-21.546157 ;-23.362322 ;
43.000000 ;-21.595601 ;-23.366726 ;
43.100000 ;-21.612658 ;-23.368258 ;
43.200000 ;-21.621320 ;-23.368933 ;
43.300000 ;-21.671447 ;-23.372989 ;
43.400000 ;-21.720152 ;-23.376720 ;
43.500000 ;-21.734275 ;-23.377258 ;
43.600000 ;-21.772103 ;-23.379589 ;
43.700000 ;-21.813957 ;-23.381987 ;
43.800000 ;-21.843611 ;-23.383028 ;
43.900000 ;-21.885039 ;-23.384746 ;
44.000000 ;-21.926172 ;-23.386071 ;
44.100000 ;-21.961597 ;-23.386515 ;
44.200000 ;-22.007321 ;-23.387413 ;
44.300000 ;-22.056894 ;-23.388179 ;
44.400000 ;-22.091338 ;-23.387153 ;
44.500000 ;-22.133453 ;-23.386280 ;
44.600000 ;-22.194607 ;-23.386508 ;
44.700000 ;-22.248174 ;-23.385487 ;
44.800000 ;-22.276476 ;-23.381639 ;
44.900000 ;-22.328590 ;-23.379274 ;
45.000000 ;-22.404090 ;-23.378323 ;
45.100000 ;-22.447488 ;-23.373821 ;
45.200000 ;-22.487839 ;-23.368346 ;
45.300000 ;-22.554477 ;-23.364505 ;
45.400000 ;-22.609050 ;-23.358830 ;
45.500000 ;-22.655428 ;-23.351658 ;
45.600000 ;-22.716395 ;-23.345024 ;
45.700000 ;-22.772391 ;-23.337151 ;
45.800000 ;-22.822604 ;-23.327964 ;
45.900000 ;-22.883595 ;-23.318943 ;
46.000000 ;-22.945020 ;-23.309148 ;
46.100000 ;-22.992618 ;-23.297295 ;
46.200000 ;-23.049747 ;-23.285499 ;
46.300000 ;-23.119961 ;-23.274078 ;
46.400000 ;-23.176375 ;-23.260592 ;
46.500000 ;-23.218301 ;-23.244987 ;
46.600000 ;-23.282959 ;-23.230693 ;
46.700000 ;-23.361663 ;-23.216917 ;
46.800000 ;-23.408245 ;-23.199409 ;
46.900000 ;-23.454484 ;-23.181133 ;
47.000000 ;-23.527514 ;-23.164626 ;
47.100000 ;-23.590475 ;-23.146474 ;
47.200000 ;-23.635486 ;-23.125970 ;
47.300000 ;-23.697108 ;-23.106360 ;
47.400000 ;-23.760478 ;-23.086278 ;
47.500000 ;-23.808745 ;-23.064181 ;
47.600000 ;-23.866070 ;-23.042352 ;
47.700000 ;-23.929451 ;-23.020536 ;
47.800000 ;-23.978310 ;-22.996843 ;
47.900000 ;-24.029345 ;-22.972864 ;
48.000000 ;-24.092847 ;-22.949590 ;
48.100000 ;-24.151569 ;-22.925436 ;
48.200000 ;-24.190940 ;-22.899070 ;
48.300000 ;-24.243257 ;-22.873558 ;
48.400000 ;-24.313553 ;-22.849400 ;
48.500000 ;-24.367207 ;-22.823368 ;
48.600000 ;-24.399679 ;-22.795070 ;
48.700000 ;-24.455640 ;-22.768753 ;
48.800000 ;-24.527114 ;-22.743691 ;
48.900000 ;-24.566337 ;-22.715399 ;
49.000000 ;-24.606565 ;-22.687055 ;
49.100000 ;-24.667105 ;-22.660514 ;
49.200000 ;-24.716021 ;-22.632780 ;
49.300000 ;-24.754595 ;-22.604007 ;
49.400000 ;-24.805840 ;-22.576396 ;
49.500000 ;-24.856996 ;-22.548766 ;
49.600000 ;-24.894131 ;-22.519829 ;
49.700000 ;-24.938827 ;-22.491648 ;
49.800000 ;-24.992042 ;-22.464333 ;
49.900000 ;-25.032090 ;-22.435863 ;
50.000000 ;-25.064421 ;-22.406775 ;
50.100000 ;-25.112345 ;-22.379290 ;
50.200000 ;-25.168601 ;-22.352740 ;
50.300000 ;-25.200147 ;-22.324025 ;
50.400000 ;-25.225536 ;-22.294917 ;
50.500000 ;-25.276909 ;-22.268470 ;
50.600000 ;-25.335902 ;-22.242962 ;
50.700000 ;-25.358294 ;-22.214230 ;
50.800000 ;-25.386683 ;-22.186317 ;
50.900000 ;-25.439745 ;-22.160997 ;
51.000000 ;-25.479021 ;-22.134651 ;
51.100000 ;-25.502857 ;-22.107134 ;
51.200000 ;-25.542196 ;-22.081378 ;
51.300000 ;-25.583805 ;-22.056144 ;
51.400000 ;-25.609115 ;-22.029690 ;
51.500000 ;-25.641773 ;-22.004254 ;
51.600000 ;-25.682668 ;-21.979925 ;
51.700000 ;-25.711013 ;-21.954755 ;
51.800000 ;-25.734690 ;-21.929492 ;
51.900000 ;-25.771323 ;-21.905797 ;
52.000000 ;-25.812708 ;-21.882903 ;
52.100000 ;-25.832079 ;-21.858301 ;
52.200000 ;-25.849576 ;-21.833888 ;
52.300000 ;-25.890062 ;-21.811999 ;
52.400000 ;-25.937060 ;-21.791089 ;
52.500000 ;-25.949111 ;-21.767269 ;
52.600000 ;-25.962933 ;-21.743989 ;
52.700000 ;-26.006405 ;-21.723863 ;
52.800000 ;-26.046063 ;-21.703752 ;
52.900000 ;-26.054181 ;-21.681057 ;
53.000000 ;-26.078314 ;-21.660237 ;
53.100000 ;-26.116132 ;-21.641070 ;
53.200000 ;-26.133066 ;-21.620320 ;
53.300000 ;-26.151817 ;-21.600110 ;
53.400000 ;-26.182216 ;-21.581358 ;
53.500000 ;-26.204831 ;-21.562245 ;
53.600000 ;-26.219437 ;-21.542748 ;
53.700000 ;-26.244179 ;-21.524560 ;
53.800000 ;-26.274512 ;-21.507252 ;
53.900000 ;-26.288172 ;-21.488745 ;
54.000000 ;-26.298598 ;-21.470291 ;
54.100000 ;-26.326889 ;-21.453852 ;
54.200000 ;-26.362646 ;-21.438455 ;
54.300000 ;-26.370505 ;-21.420801 ;
54.400000 ;-26.372243 ;-21.402918 ;
54.500000 ;-26.403480 ;-21.388118 ;
54.600000 ;-26.445412 ;-21.374644 ;
54.700000 ;-26.447317 ;-21.357772 ;
54.800000 ;-26.452706 ;-21.341548 ;
54.900000 ;-26.485183 ;-21.328163 ;
55.000000 ;-26.506818 ;-21.314085 ;
55.100000 ;-26.510800 ;-21.298677 ;
55.200000 ;-26.529591 ;-21.284951 ;
55.300000 ;-26.552352 ;-21.271895 ;
55.400000 ;-26.559603 ;-21.257697 ;
55.500000 ;-26.573157 ;-21.244377 ;
55.600000 ;-26.595349 ;-21.232147 ;
55.700000 ;-26.607465 ;-21.219266 ;
55.800000 ;-26.612447 ;-21.206004 ;
55.900000 ;-26.629811 ;-21.194165 ;
56.000000 ;-26.655559 ;-21.183372 ;
56.100000 ;-26.663013 ;-21.171150 ;
56.200000 ;-26.658517 ;-21.158085 ;
56.300000 ;-26.677193 ;-21.147422 ;
56.400000 ;-26.713488 ;-21.138641 ;
56.500000 ;-26.721199 ;-21.127464 ;
56.600000 ;-26.710070 ;-21.114788 ;
56.700000 ;-26.729733 ;-21.105200 ;
56.800000 ;-26.765345 ;-21.097322 ;
56.900000 ;-26.763020 ;-21.086167 ;
57.000000 ;-26.764867 ;-21.075624 ;
57.100000 ;-26.786746 ;-21.067154 ;
57.200000 ;-26.796190 ;-21.057754 ;
57.300000 ;-26.798637 ;-21.047922 ;
57.400000 ;-26.812583 ;-21.039362 ;
57.500000 ;-26.826181 ;-21.030976 ;
57.600000 ;-26.827694 ;-21.021676 ;
57.700000 ;-26.836065 ;-21.013208 ;
57.800000 ;-26.853673 ;-21.005786 ;
57.900000 ;-26.862325 ;-20.997728 ;
58.000000 ;-26.856771 ;-20.988549 ;
58.100000 ;-26.865556 ;-20.980874 ;
58.200000 ;-26.891400 ;-20.974950 ;
58.300000 ;-26.904716 ;-20.968048 ;
58.400000 ;-26.887508 ;-20.958507 ;
58.500000 ;-26.891625 ;-20.951099 ;
58.600000 ;-26.926706 ;-20.946709 ;
58.700000 ;-26.941537 ;-20.940615 ;
58.800000 ;-26.925323 ;-20.931822 ;
58.900000 ;-26.934767 ;-20.925547 ;
59.000000 ;-26.959712 ;-20.920851 ;
59.100000 ;-26.955578 ;-20.913628 ;
59.200000 ;-26.957113 ;-20.907072 ;
59.300000 ;-26.971355 ;-20.901829 ;
59.400000 ;-26.974470 ;-20.895702 ;
59.500000 ;-26.975188 ;-20.889492 ;
59.600000 ;-26.985590 ;-20.884306 ;
59.700000 ;-26.995800 ;-20.879234 ;
59.800000 ;-26.991974 ;-20.873002 ;
59.900000 ;-26.994095 ;-20.867442 ;
60.000000 ;-27.009840 ;-20.863257 ;
60.100000 ;-27.023255 ;-20.858978 ;
60.200000 ;-27.009851 ;-20.852355 ;
60.300000 ;-27.004195 ;-20.846559 ;
60.400000 ;-27.028151 ;-20.843596 ;
60.500000 ;-27.055747 ;-20.841078 ;
60.600000 ;-27.038283 ;-20.834530 ;
60.700000 ;-27.027353 ;-20.828689 ;
60.800000 ;-27.053260 ;-20.826335 ;
60.900000 ;-27.070918 ;-20.823325 ;
61.000000 ;-27.056616 ;-20.817479 ;
61.100000 ;-27.061062 ;-20.813452 ;
61.200000 ;-27.075297 ;-20.810418 ;
61.300000 ;-27.070783 ;-20.805757 ;
61.400000 ;-27.072437 ;-20.801753 ;
61.500000 ;-27.082454 ;-20.798605 ;
61.600000 ;-27.082762 ;-20.794653 ;
61.700000 ;-27.080526 ;-20.790554 ;
61.800000 ;-27.088346 ;-20.787460 ;
61.900000 ;-27.099532 ;-20.784756 ;
62.000000 ;-27.093184 ;-20.780525 ;
62.100000 ;-27.084827 ;-20.776189 ;
62.200000 ;-27.097126 ;-20.773822 ;
62.300000 ;-27.120353 ;-20.772530 ;
62.400000 ;-27.114750 ;-20.768670 ;
62.500000 ;-27.091409 ;-20.763257 ;
62.600000 ;-27.103267 ;-20.761140 ;
62.700000 ;-27.139693 ;-20.761342 ;
62.800000 ;-27.133366 ;-20.757693 ;
62.900000 ;-27.116361 ;-20.753130 ;
63.000000 ;-27.130560 ;-20.751492 ;
63.100000 ;-27.142140 ;-20.749676 ;
63.200000 ;-27.132448 ;-20.745972 ;
63.300000 ;-27.135673 ;-20.743511 ;
63.400000 ;-27.143436 ;-20.741524 ;
63.500000 ;-27.138955 ;-20.738473 ;
63.600000 ;-27.139907 ;-20.735976 ;
63.700000 ;-27.148284 ;-20.734213 ;
63.800000 ;-27.148525 ;-20.731759 ;
63.900000 ;-27.140947 ;-20.728642 ;
64.000000 ;-27.145056 ;-20.726645 ;
64.100000 ;-27.159961 ;-20.725687 ;
64.200000 ;-27.162062 ;-20.723606 ;
64.300000 ;-27.140025 ;-20.719364 ;
64.400000 ;-27.139265 ;-20.717117 ;
64.500000 ;-27.168991 ;-20.717706 ;
64.600000 ;-27.186616 ;-20.717231 ;
64.700000 ;-27.157301 ;-20.712504 ;
64.800000 ;-27.152025 ;-20.710021 ;
64.900000 ;-27.182243 ;-20.710830 ;
65.000000 ;-27.183660 ;-20.709042 ;
65.100000 ;-27.169728 ;-20.705889 ;
65.200000 ;-27.176975 ;-20.704714 ;
65.300000 ;-27.181452 ;-20.703324 ;
65.400000 ;-27.175249 ;-20.700993 ;
65.500000 ;-27.178215 ;-20.699538 ;
65.600000 ;-27.183811 ;-20.698359 ;
65.700000 ;-27.178436 ;-20.696212 ;
65.800000 ;-27.177212 ;-20.694479 ;
65.900000 ;-27.185392 ;-20.693639 ;
66.000000 ;-27.190578 ;-20.692558 ;
66.100000 ;-27.176414 ;-20.689741 ;
66.200000 ;-27.170565 ;-20.687715 ;
66.300000 ;-27.187405 ;-20.687794 ;
66.400000 ;-27.207563 ;-20.688206 ;
66.500000 ;-27.188195 ;-20.685034 ;
66.600000 ;-27.165604 ;-20.681596 ;
66.700000 ;-27.186470 ;-20.682161 ;
66.800000 ;-27.221902 ;-20.684085 ;
66.900000 ;-27.201923 ;-20.680967 ;
67.000000 ;-27.188700 ;-20.678494 ;
67.100000 ;-27.205983 ;-20.678837 ;
67.200000 ;-27.206249 ;-20.677648 ;
67.300000 ;-27.197869 ;-20.675693 ;
67.400000 ;-27.202611 ;-20.674961 ;
67.500000 ;-27.203922 ;-20.673939 ;
67.600000 ;-27.198827 ;-20.672355 ;
67.700000 ;-27.201280 ;-20.671482 ;
67.800000 ;-27.207433 ;-20.670970 ;
67.900000 ;-27.201382 ;-20.669364 ;
68.000000 ;-27.194604 ;-20.667712 ;
68.100000 ;-27.201674 ;-20.667346 ;
68.200000 ;-27.215415 ;-20.667610 ;
68.300000 ;-27.207438 ;-20.665909 ;
68.400000 ;-27.183170 ;-20.662739 ;
68.500000 ;-27.189489 ;-20.662384 ;
68.600000 ;-27.224228 ;-20.664643 ;
68.700000 ;-27.230509 ;-20.664319 ;
68.800000 ;-27.196982 ;-20.660374 ;
68.900000 ;-27.199186 ;-20.659714 ;
69.000000 ;-27.231104 ;-20.661787 ;
69.100000 ;-27.221019 ;-20.660036 ;
69.200000 ;-27.210321 ;-20.658245 ;
69.300000 ;-27.218947 ;-20.658235 ;
69.400000 ;-27.216637 ;-20.657241 ;
69.500000 ;-27.211810 ;-20.656032 ;
69.600000 ;-27.215856 ;-20.655648 ;
69.700000 ;-27.216948 ;-20.655008 ;
69.800000 ;-27.210594 ;-20.653703 ;
69.900000 ;-27.211460 ;-20.653071 ;
70.000000 ;-27.219683 ;-20.653124 ;
70.100000 ;-27.218786 ;-20.652357 ;
70.200000 ;-27.201731 ;-20.650127 ;
70.300000 ;-27.200337 ;-20.649341 ;
70.400000 ;-27.221334 ;-20.650612 ;
70.500000 ;-27.237079 ;-20.651414 ;
70.600000 ;-27.207580 ;-20.648096 ;
70.700000 ;-27.189384 ;-20.645824 ;
70.800000 ;-27.219227 ;-20.647952 ;
70.900000 ;-27.250135 ;-20.650187 ;
71.000000 ;-27.222055 ;-20.647042 ;
71.100000 ;-27.214228 ;-20.645759 ;
71.200000 ;-27.232359 ;-20.646859 ;
71.300000 ;-27.225195 ;-20.645657 ;
71.400000 ;-27.219415 ;-20.644591 ;
71.500000 ;-27.224637 ;-20.644539 ;
71.600000 ;-27.221765 ;-20.643758 ;
71.700000 ;-27.217842 ;-20.642889 ;
71.800000 ;-27.221609 ;-20.642732 ;
71.900000 ;-27.225068 ;-20.642555 ;
72.000000 ;-27.215753 ;-20.641221 ;
72.100000 ;-27.211384 ;-20.640347 ;
72.200000 ;-27.221174 ;-20.640774 ;
72.300000 ;-27.232901 ;-20.641386 ;
72.400000 ;-27.216157 ;-20.639406 ;
72.500000 ;-27.193371 ;-20.636883 ;
72.600000 ;-27.207626 ;-20.637750 ;
72.700000 ;-27.245503 ;-20.640782 ;
72.800000 ;-27.239775 ;-20.639837 ;
72.900000 ;-27.206265 ;-20.636362 ;
73.000000 ;-27.216667 ;-20.636908 ;
73.100000 ;-27.246943 ;-20.639276 ;
73.200000 ;-27.229500 ;-20.637289 ;
73.300000 ;-27.222732 ;-20.636284 ;
73.400000 ;-27.231076 ;-20.636666 ;
73.500000 ;-27.224997 ;-20.635736 ;
73.600000 ;-27.222114 ;-20.635104 ;
73.700000 ;-27.226547 ;-20.635146 ;
73.800000 ;-27.224183 ;-20.634574 ;
73.900000 ;-27.218588 ;-20.633712 ;
74.000000 ;-27.221499 ;-20.633632 ;
74.100000 ;-27.229150 ;-20.633990 ;
74.200000 ;-27.222465 ;-20.633045 ;
74.300000 ;-27.205580 ;-20.631174 ;
74.400000 ;-27.209342 ;-20.631193 ;
74.500000 ;-27.233383 ;-20.633069 ;
74.600000 ;-27.242614 ;-20.633597 ;
74.700000 ;-27.223899 ;-20.631578 ;
74.800000 ;-27.222864 ;-20.631179 ;
74.900000 ;-27.232889 ;-20.631794 ;
75.000000 ;-27.225367 ;-20.630812 ;
75.100000 ;-27.223031 ;-20.630307 ;
75.200000 ;-27.227668 ;-20.630443 ;
75.300000 ;-27.224007 ;-20.629826 ;
75.400000 ;-27.219300 ;-20.629118 ;
75.500000 ;-27.223233 ;-20.629202 ;
75.600000 ;-27.229646 ;-20.629516 ;
75.700000 ;-27.219529 ;-20.628326 ;
75.800000 ;-27.206512 ;-20.626875 ;
75.900000 ;-27.214633 ;-20.627357 ;
76.000000 ;-27.236998 ;-20.629143 ;
76.100000 ;-27.236772 ;-20.628870 ;
76.200000 ;-27.220882 ;-20.627170 ;
76.300000 ;-27.224381 ;-20.627245 ;
76.400000 ;-27.232237 ;-20.627721 ;
76.500000 ;-27.223774 ;-20.626710 ;
76.600000 ;-27.222856 ;-20.626390 ;
76.700000 ;-27.227988 ;-20.626627 ;
76.800000 ;-27.222927 ;-20.625935 ;
76.900000 ;-27.218446 ;-20.625300 ;
77.000000 ;-27.223525 ;-20.625541 ;
77.100000 ;-27.229749 ;-20.625888 ;
77.200000 ;-27.217514 ;-20.624554 ;
77.300000 ;-27.206335 ;-20.623319 ;
77.400000 ;-27.217292 ;-20.624107 ;
77.500000 ;-27.238710 ;-20.625853 ;
77.600000 ;-27.228592 ;-20.624722 ;
77.700000 ;-27.198306 ;-20.621754 ;
77.800000 ;-27.207558 ;-20.622399 ;
77.900000 ;-27.246027 ;-20.625713 ;
78.000000 ;-27.238020 ;-20.624785 ;
78.100000 ;-27.215559 ;-20.622540 ;
78.200000 ;-27.226548 ;-20.623352 ;
78.300000 ;-27.234991 ;-20.623934 ;
78.400000 ;-27.223030 ;-20.622654 ;
78.500000 ;-27.223824 ;-20.622541 ;
78.600000 ;-27.227383 ;-20.622682 ;
78.700000 ;-27.220945 ;-20.621913 ;
78.800000 ;-27.220371 ;-20.621681 ;
78.900000 ;-27.225880 ;-20.622006 ;
79.000000 ;-27.222412 ;-20.621513 ;
79.100000 ;-27.213128 ;-20.620492 ;
79.200000 ;-27.215927 ;-20.620576 ;
79.300000 ;-27.228792 ;-20.621580 ;
79.400000 ;-27.228134 ;-20.621352 ;
79.500000 ;-27.201680 ;-20.618771 ;
79.600000 ;-27.197968 ;-20.618269 ;
79.700000 ;-27.228271 ;-20.620873 ;
79.800000 ;-27.249062 ;-20.622609 ;
79.900000 ;-27.232546 ;-20.620941 ;
80.000000 ;-27.226613 ;-20.620240 ;
