0.000000 ;-27.500000 ;-20.600000 ;
0.100000 ;-28.179201 ;-20.529896 ;
0.200000 ;-28.608189 ;-20.481488 ;
0.300000 ;-28.884361 ;-20.451851 ;
0.400000 ;-29.091385 ;-20.439775 ;
0.500000 ;-29.239133 ;-20.439207 ;
0.600000 ;-29.354880 ;-20.447502 ;
0.700000 ;-29.443557 ;-20.461384 ;
0.800000 ;-29.508099 ;-20.478454 ;
0.900000 ;-29.563111 ;-20.497866 ;
1.000000 ;-29.609020 ;-20.518231 ;
1.100000 ;-29.639978 ;-20.538229 ;
1.200000 ;-29.659945 ;-20.557496 ;
1.300000 ;-29.683682 ;-20.576729 ;
1.400000 ;-29.718770 ;-20.596399 ;
1.500000 ;-29.736479 ;-20.613540 ;
1.600000 ;-29.727663 ;-20.627141 ;
1.700000 ;-29.710521 ;-20.638967 ;
1.800000 ;-29.725096 ;-20.653012 ;
1.900000 ;-29.746580 ;-20.666767 ;
2.000000 ;-29.745587 ;-20.677232 ;
2.100000 ;-29.744584 ;-20.686806 ;
2.200000 ;-29.754692 ;-20.696707 ;
2.300000 ;-29.756591 ;-20.704959 ;
2.400000 ;-29.754890 ;-20.712100 ;
2.500000 ;-29.761574 ;-20.719447 ;
2.600000 ;-29.765522 ;-20.725881 ;
2.700000 ;-29.761240 ;-20.730873 ;
2.800000 ;-29.756166 ;-20.735255 ;
2.900000 ;-29.768673 ;-20.741011 ;
3.000000 ;-29.783702 ;-20.746594 ;
3.100000 ;-29.776338 ;-20.749409 ;
3.200000 ;-29.750845 ;-20.749941 ;
3.300000 ;-29.741185 ;-20.751812 ;
3.400000 ;-29.760771 ;-20.756472 ;
3.500000 ;-29.763525 ;-20.759079 ;
3.600000 ;-29.752204 ;-20.759950 ;
3.700000 ;-29.758063 ;-20.762410 ;
3.800000 ;-29.761803 ;-20.764442 ;
3.900000 ;-29.757220 ;-20.765409 ;
4.000000 ;-29.757798 ;-20.766755 ;
4.100000 ;-29.763635 ;-20.768506 ;
4.200000 ;-29.762023 ;-20.769335 ;
4.300000 ;-29.754015 ;-20.769366 ;
4.400000 ;-29.755153 ;-20.770255 ;
4.500000 ;-29.772441 ;-20.772755 ;
4.600000 ;-29.775657 ;-20.773680 ;
4.700000 ;-29.756043 ;-20.772111 ;
4.800000 ;-29.734967 ;-20.770318 ;
4.900000 ;-29.748397 ;-20.772112 ;
5.000000 ;-29.759255 ;-20.773581 ;
5.100000 ;-29.749740 ;-20.772849 ;
5.200000 ;-29.747372 ;-20.772830 ;
5.300000 ;-29.754789 ;-20.773808 ;
5.400000 ;-29.752988 ;-20.773779 ;
5.500000 ;-29.748308 ;-20.773418 ;
5.600000 ;-29.754420 ;-20.774174 ;
5.700000 ;-29.757402 ;-20.774579 ;
5.800000 ;-29.751049 ;-20.773980 ;
5.900000 ;-29.744730 ;-20.773369 ;
6.000000 ;-29.757553 ;-20.774771 ;
6.100000 ;-29.769621 ;-20.776083 ;
6.200000 ;-29.759267 ;-20.775017 ;
6.300000 ;-29.735337 ;-20.772508 ;
6.400000 ;-29.736957 ;-20.772696 ;
6.500000 ;-29.772695 ;-20.776492 ;
6.600000 ;-29.775322 ;-20.776786 ;
6.700000 ;-29.735438 ;-20.772583 ;
6.800000 ;-29.718644 ;-20.770818 ;
6.900000 ;-29.749916 ;-20.774135 ;
7.000000 ;-29.752419 ;-20.774416 ;
7.100000 ;-29.731986 ;-20.772275 ;
7.200000 ;-29.741352 ;-20.773283 ;
7.300000 ;-29.747722 ;-20.773978 ;
7.400000 ;-29.741983 ;-20.773397 ;
7.500000 ;-29.744235 ;-20.773663 ;
7.600000 ;-29.749132 ;-20.774212 ;
7.700000 ;-29.746109 ;-20.773929 ;
7.800000 ;-29.741145 ;-20.773444 ;
7.900000 ;-29.748937 ;-20.774313 ;
8.000000 ;-29.755887 ;-20.775096 ;
8.100000 ;-29.749167 ;-20.774439 ;
8.200000 ;-29.735512 ;-20.773052 ;
8.300000 ;-29.741390 ;-20.773735 ;
8.400000 ;-29.769491 ;-20.776773 ;
8.500000 ;-29.770404 ;-20.776941 ;
8.600000 ;-29.736568 ;-20.773438 ;
8.700000 ;-29.712457 ;-20.770964 ;
8.800000 ;-29.747616 ;-20.774761 ;
8.900000 ;-29.764520 ;-20.776635 ;
9.000000 ;-29.734950 ;-20.773603 ;
9.100000 ;-29.720606 ;-20.772179 ;
9.200000 ;-29.741625 ;-20.774493 ;
9.300000 ;-29.741840 ;-20.774614 ;
9.400000 ;-29.734075 ;-20.773894 ;
9.500000 ;-29.742257 ;-20.774860 ;
9.600000 ;-29.743775 ;-20.775125 ;
9.700000 ;-29.738762 ;-20.774702 ;
9.800000 ;-29.740091 ;-20.774951 ;
9.900000 ;-29.739525 ;-20.800372 ;
10.000000 ;-29.684465 ;-21.066708 ;
10.100000 ;-29.529219 ;-21.471852 ;
10.200000 ;-29.272200 ;-21.880716 ;
10.300000 ;-28.927629 ;-22.254360 ;
10.400000 ;-28.524183 ;-22.580655 ;
10.500000 ;-28.087729 ;-22.856994 ;
10.600000 ;-27.640079 ;-23.085156 ;
10.700000 ;-27.200137 ;-23.269201 ;
10.800000 ;-26.776129 ;-23.413492 ;
10.900000 ;-26.382382 ;-23.523774 ;
11.000000 ;-26.021331 ;-23.604859 ;
11.100000 ;-25.676302 ;-23.659802 ;
11.200000 ;-25.383680 ;-23.696388 ;
11.300000 ;-25.139484 ;-23.718164 ;
11.400000 ;-24.890454 ;-23.723713 ;
11.500000 ;-24.672817 ;-23.719670 ;
11.600000 ;-24.507933 ;-23.710641 ;
11.700000 ;-24.343712 ;-23.693925 ;
11.800000 ;-24.192284 ;-23.672606 ;
11.900000 ;-24.076951 ;-23.650348 ;
12.000000 ;-23.965599 ;-23.625374 ;
12.100000 ;-23.863079 ;-23.599155 ;
12.200000 ;-23.785459 ;-23.573902 ;
12.300000 ;-23.710822 ;-23.548212 ;
12.400000 ;-23.636769 ;-23.522362 ;
12.500000 ;-23.584178 ;-23.498575 ;
12.600000 ;-23.540423 ;-23.475945 ;
12.700000 ;-23.482482 ;-23.452580 ;
12.800000 ;-23.439692 ;-23.431307 ;
12.900000 ;-23.417790 ;-23.412726 ;
13.000000 ;-23.382886 ;-23.393750 ;
13.100000 ;-23.340073 ;-23.374900 ;
13.200000 ;-23.322305 ;-23.359247 ;
13.300000 ;-23.311683 ;-23.345104 ;
13.400000 ;-23.276046 ;-23.329452 ;
13.500000 ;-23.254663 ;-23.315946 ;
13.600000 ;-23.250647 ;-23.304840 ;
13.700000 ;-23.228369 ;-23.292763 ;
13.800000 ;-23.207329 ;-23.281512 ;
13.900000 ;-23.202962 ;-23.272487 ;
14.000000 ;-23.191199 ;-23.263400 ;
14.100000 ;-23.171116 ;-23.254135 ;
14.200000 ;-23.165673 ;-23.246793 ;
14.300000 ;-23.164374 ;-23.240358 ;
14.400000 ;-23.144855 ;-23.232717 ;
14.500000 ;-23.134126 ;-23.226354 ;
14.600000 ;-23.139382 ;-23.221904 ;
14.700000 ;-23.131950 ;-23.216669 ;
14.800000 ;-23.111784 ;-23.210621 ;
14.900000 ;-23.112231 ;-23.206836 ;
15.000000 ;-23.122016 ;-23.204239 ;
15.100000 ;-23.104109 ;-23.199361 ;
15.200000 ;-23.093228 ;-23.195412 ;
15.300000 ;-23.103257 ;-23.193664 ;
15.400000 ;-23.098439 ;-23.190770 ;
15.500000 ;-23.083969 ;-23.187198 ;
15.600000 ;-23.087242 ;-23.185477 ;
15.700000 ;-23.089673 ;-23.183865 ;
15.800000 ;-23.076436 ;-23.180970 ;
15.900000 ;-23.075097 ;-23.179339 ;
16.000000 ;-23.081556 ;-23.178580 ;
16.100000 ;-23.070875 ;-23.176366 ;
16.200000 ;-23.063889 ;-23.174619 ;
16.300000 ;-23.071717 ;-23.174363 ;
16.400000 ;-23.071739 ;-23.173489 ;
16.500000 ;-23.056351 ;-23.171283 ;
16.600000 ;-23.057776 ;-23.170728 ;
16.700000 ;-23.071525 ;-23.171399 ;
16.800000 ;-23.060659 ;-23.169862 ;
16.900000 ;-23.048676 ;-23.168292 ;
17.000000 ;-23.060228 ;-23.168970 ;
17.100000 ;-23.066095 ;-23.169180 ;
17.200000 ;-23.050291 ;-23.167434 ;
17.300000 ;-23.051797 ;-23.167343 ;
17.400000 ;-23.062509 ;-23.168152 ;
17.500000 ;-23.051468 ;-23.166986 ;
17.600000 ;-23.047876 ;-23.166549 ;
17.700000 ;-23.056585 ;-23.167287 ;
17.800000 ;-23.051261 ;-23.166757 ;
17.900000 ;-23.044021 ;-23.166079 ;
18.000000 ;-23.050646 ;-23.166713 ;
18.100000 ;-23.054226 ;-23.167089 ;
18.200000 ;-23.041635 ;-23.165990 ;
18.300000 ;-23.041803 ;-23.166093 ;
18.400000 ;-23.055001 ;-23.167422 ;
18.500000 ;-23.048875 ;-23.166978 ;
18.600000 ;-23.035620 ;-23.165889 ;
18.700000 ;-23.045356 ;-23.166945 ;
18.800000 ;-23.058471 ;-23.168327 ;
18.900000 ;-23.042222 ;-23.167000 ;
19.000000 ;-23.039107 ;-23.166900 ;
19.100000 ;-23.054282 ;-23.168505 ;
19.200000 ;-23.048237 ;-23.168153 ;
19.300000 ;-23.040138 ;-23.167618 ;
19.400000 ;-23.048720 ;-23.168635 ;
19.500000 ;-23.049151 ;-23.168904 ;
19.600000 ;-23.040513 ;-23.168340 ;
19.700000 ;-23.044819 ;-23.168979 ;
19.800000 ;-23.050953 ;-23.169792 ;
19.900000 ;-23.040782 ;-23.169100 ;
20.000000 ;-23.039406 ;-23.169226 ;
20.100000 ;-23.050614 ;-23.170521 ;
20.200000 ;-23.047732 ;-23.170514 ;
20.300000 ;-23.034794 ;-23.169578 ;
20.400000 ;-23.041945 ;-23.170506 ;
20.500000 ;-23.057255 ;-23.172191 ;
20.600000 ;-23.043451 ;-23.171182 ;
20.700000 ;-23.035548 ;-23.170721 ;
20.800000 ;-23.051664 ;-23.172487 ;
20.900000 ;-23.053866 ;-23.172965 ;
21.000000 ;-23.040467 ;-23.171999 ;
21.100000 ;-23.046514 ;-23.172835 ;
21.200000 ;-23.054425 ;-23.173844 ;
21.300000 ;-23.044052 ;-23.173162 ;
21.400000 ;-23.044959 ;-23.173524 ;
21.500000 ;-23.053267 ;-23.174571 ;
21.600000 ;-23.045646 ;-23.174145 ;
21.700000 ;-23.042505 ;-23.174133 ;
21.800000 ;-23.051506 ;-23.175245 ;
21.900000 ;-23.051098 ;-23.175487 ;
22.000000 ;-23.039645 ;-23.174706 ;
22.100000 ;-23.044376 ;-23.175423 ;
22.200000 ;-23.058542 ;-23.177015 ;
22.300000 ;-23.047950 ;-23.176313 ;
22.400000 ;-23.037142 ;-23.175591 ;
22.500000 ;-23.051648 ;-23.177214 ;
22.600000 ;-23.062152 ;-23.178466 ;
22.700000 ;-23.044853 ;-23.177142 ;
22.800000 ;-23.046049 ;-23.177531 ;
22.900000 ;-23.061392 ;-23.179230 ;
23.000000 ;-23.051781 ;-23.178618 ;
23.100000 ;-23.047633 ;-23.178511 ;
23.200000 ;-23.057277 ;-23.179681 ;
23.300000 ;-23.053399 ;-23.179599 ;
23.400000 ;-23.047977 ;-23.179373 ;
23.500000 ;-23.054780 ;-23.180278 ;
23.600000 ;-23.056805 ;-23.180740 ;
23.700000 ;-23.047090 ;-23.180116 ;
23.800000 ;-23.049669 ;-23.180629 ;
23.900000 ;-23.061420 ;-23.181990 ;
24.000000 ;-23.053630 ;-23.181542 ;
24.100000 ;-23.042471 ;-23.180782 ;
24.200000 ;-23.054235 ;-23.182144 ;
24.300000 ;-23.068628 ;-23.183749 ;
24.400000 ;-23.051006 ;-23.182388 ;
24.500000 ;-23.046632 ;-23.182253 ;
24.600000 ;-23.065684 ;-23.184289 ;
24.700000 ;-23.062573 ;-23.184271 ;
24.800000 ;-23.051680 ;-23.183531 ;
24.900000 ;-23.060631 ;-23.184629 ;
25.000000 ;-23.063302 ;-23.185145 ;
25.100000 ;-23.054853 ;-23.184630 ;
25.200000 ;-23.058902 ;-23.185272 ;
25.300000 ;-23.063863 ;-23.185998 ;
25.400000 ;-23.055539 ;-23.185494 ;
25.500000 ;-23.055996 ;-23.185801 ;
25.600000 ;-23.065447 ;-23.186941 ;
25.700000 ;-23.060186 ;-23.186719 ;
25.800000 ;-23.050381 ;-23.186074 ;
25.900000 ;-23.059231 ;-23.187157 ;
26.000000 ;-23.072784 ;-23.188675 ;
26.100000 ;-23.057336 ;-23.187507 ;
26.200000 ;-23.049187 ;-23.187013 ;
26.300000 ;-23.068133 ;-23.189030 ;
26.400000 ;-23.074292 ;-23.189861 ;
26.500000 ;-23.056829 ;-23.188504 ;
26.600000 ;-23.062033 ;-23.189245 ;
26.700000 ;-23.074883 ;-23.190695 ;
26.800000 ;-23.063430 ;-23.189892 ;
26.900000 ;-23.062985 ;-23.190109 ;
27.000000 ;-23.071356 ;-23.191141 ;
27.100000 ;-23.064554 ;-23.190768 ;
27.200000 ;-23.062485 ;-23.190832 ;
27.300000 ;-23.070168 ;-23.191799 ;
27.400000 ;-23.067562 ;-23.191813 ;
27.500000 ;-23.059404 ;-23.191311 ;
27.600000 ;-23.065514 ;-23.192131 ;
27.700000 ;-23.076351 ;-23.193387 ;
27.800000 ;-23.063637 ;-23.192462 ;
27.900000 ;-23.054789 ;-23.191894 ;
28.000000 ;-23.071177 ;-23.193664 ;
28.100000 ;-23.083217 ;-23.195031 ;
28.200000 ;-23.062507 ;-23.193362 ;
28.300000 ;-23.061968 ;-23.193562 ;
28.400000 ;-23.082821 ;-23.195743 ;
28.500000 ;-23.074491 ;-23.195221 ;
28.600000 ;-23.066753 ;-23.194751 ;
28.700000 ;-23.077116 ;-23.195958 ;
28.800000 ;-23.074701 ;-23.195982 ;
28.900000 ;-23.069077 ;-23.195707 ;
29.000000 ;-23.074985 ;-23.196499 ;
29.100000 ;-23.075516 ;-23.196793 ;
29.200000 ;-23.068343 ;-23.196373 ;
29.300000 ;-23.071931 ;-23.196949 ;
29.400000 ;-23.080320 ;-23.197969 ;
29.500000 ;-23.070616 ;-23.197312 ;
29.600000 ;-23.063193 ;-23.196866 ;
29.700000 ;-23.075993 ;-23.198293 ;
29.800000 ;-23.087811 ;-23.199629 ;
29.900000 ;-23.067870 ;-23.198021 ;
30.000000 ;-23.062846 ;-23.197795 ;
30.100000 ;-23.086109 ;-23.200190 ;
30.200000 ;-23.087177 ;-23.200528 ;
30.300000 ;-23.070512 ;-23.199221 ;
30.400000 ;-23.079255 ;-23.200268 ;
30.500000 ;-23.087068 ;-23.201229 ;
30.600000 ;-23.076567 ;-23.200492 ;
30.700000 ;-23.079172 ;-23.200968 ;
30.800000 ;-23.084008 ;-23.201651 ;
30.900000 ;-23.076970 ;-23.201233 ;
31.000000 ;-23.077943 ;-23.201556 ;
31.100000 ;-23.084949 ;-23.202438 ;
31.200000 ;-23.078434 ;-23.202066 ;
31.300000 ;-23.072651 ;-23.201762 ;
31.400000 ;-23.081783 ;-23.202839 ;
31.500000 ;-23.090526 ;-23.203879 ;
31.600000 ;-23.073373 ;-23.202519 ;
31.700000 ;-23.067374 ;-23.202192 ;
31.800000 ;-23.088509 ;-23.204380 ;
31.900000 ;-23.097192 ;-23.205413 ;
32.000000 ;-23.074300 ;-23.203518 ;
32.100000 ;-23.077800 ;-23.204068 ;
32.200000 ;-23.099006 ;-23.206261 ;
32.300000 ;-23.086540 ;-23.205332 ;
32.400000 ;-23.082191 ;-23.205153 ;
32.500000 ;-23.092103 ;-23.206296 ;
32.600000 ;-23.086196 ;-23.205972 ;
32.700000 ;-23.083593 ;-23.205954 ;
32.800000 ;-23.089869 ;-23.206757 ;
32.900000 ;-23.086580 ;-23.206674 ;
33.000000 ;-23.081486 ;-23.206423 ;
33.100000 ;-23.087460 ;-23.207197 ;
33.200000 ;-23.093533 ;-23.207979 ;
33.300000 ;-23.080317 ;-23.206974 ;
33.400000 ;-23.075821 ;-23.206776 ;
33.500000 ;-23.092393 ;-23.208530 ;
33.600000 ;-23.101548 ;-23.209596 ;
33.700000 ;-23.077687 ;-23.207600 ;
33.800000 ;-23.076207 ;-23.207679 ;
33.900000 ;-23.103564 ;-23.210432 ;
34.000000 ;-23.099288 ;-23.210252 ;
34.100000 ;-23.084193 ;-23.209066 ;
34.200000 ;-23.095616 ;-23.210339 ;
34.300000 ;-23.097964 ;-23.210770 ;
34.400000 ;-23.089647 ;-23.210212 ;
34.500000 ;-23.094190 ;-23.210845 ;
34.600000 ;-23.094983 ;-23.211130 ;
34.700000 ;-23.089362 ;-23.210820 ;
34.800000 ;-23.092629 ;-23.211332 ;
34.900000 ;-23.097648 ;-23.212007 ;
35.000000 ;-23.088584 ;-23.211376 ;
35.100000 ;-23.085575 ;-23.211305 ;
35.200000 ;-23.097125 ;-23.212583 ;
35.300000 ;-23.102847 ;-23.213321 ;
35.400000 ;-23.081894 ;-23.211584 ;
35.500000 ;-23.079221 ;-23.211542 ;
35.600000 ;-23.105197 ;-23.214157 ;
35.700000 ;-23.109972 ;-23.214805 ;
35.800000 ;-23.085566 ;-23.212746 ;
35.900000 ;-23.093120 ;-23.213650 ;
36.000000 ;-23.112893 ;-23.215687 ;
36.100000 ;-23.098064 ;-23.214516 ;
36.200000 ;-23.096824 ;-23.214602 ;
36.300000 ;-23.104353 ;-23.215501 ;
36.400000 ;-23.097341 ;-23.215052 ;
36.500000 ;-23.097321 ;-23.215250 ;
36.600000 ;-23.102603 ;-23.215939 ;
36.700000 ;-23.096910 ;-23.215610 ;
36.800000 ;-23.094177 ;-23.215555 ;
36.900000 ;-23.101689 ;-23.216449 ;
37.000000 ;-23.104545 ;-23.216911 ;
37.100000 ;-23.088927 ;-23.215659 ;
37.200000 ;-23.087741 ;-23.215745 ;
37.300000 ;-23.107838 ;-23.217804 ;
37.400000 ;-23.113613 ;-23.218535 ;
37.500000 ;-23.086410 ;-23.216205 ;
37.600000 ;-23.088888 ;-23.216629 ;
37.700000 ;-23.119866 ;-23.219697 ;
37.800000 ;-23.110296 ;-23.219003 ;
37.900000 ;-23.097295 ;-23.217989 ;
38.000000 ;-23.110281 ;-23.219384 ;
38.100000 ;-23.107899 ;-23.219355 ;
38.200000 ;-23.102073 ;-23.219005 ;
38.300000 ;-23.107322 ;-23.219681 ;
38.400000 ;-23.104990 ;-23.219654 ;
38.500000 ;-23.101231 ;-23.219494 ;
38.600000 ;-23.105910 ;-23.220116 ;
38.700000 ;-23.108114 ;-23.220508 ;
38.800000 ;-23.097957 ;-23.219753 ;
38.900000 ;-23.097804 ;-23.219925 ;
39.000000 ;-23.111147 ;-23.221348 ;
39.100000 ;-23.113113 ;-23.221715 ;
39.200000 ;-23.089123 ;-23.219674 ;
39.300000 ;-23.090291 ;-23.219967 ;
39.400000 ;-23.120982 ;-23.222998 ;
39.500000 ;-23.121269 ;-23.223209 ;
39.600000 ;-23.096080 ;-23.221054 ;
39.700000 ;-23.107597 ;-23.222304 ;
39.800000 ;-23.123904 ;-23.224000 ;
39.900000 ;-23.108798 ;-23.222783 ;
40.000000 ;-23.110087 ;-23.223082 ;
40.100000 ;-23.114498 ;-23.223638 ;
40.200000 ;-23.111360 ;-23.223430 ;
40.300000 ;-23.113977 ;-23.223732 ;
40.400000 ;-23.116565 ;-23.223985 ;
40.500000 ;-23.119545 ;-23.224255 ;
40.600000 ;-23.123842 ;-23.224655 ;
40.700000 ;-23.128581 ;-23.225117 ;
40.800000 ;-23.134638 ;-23.225733 ;
40.900000 ;-23.141397 ;-23.226455 ;
41.000000 ;-23.148021 ;-23.227219 ;
41.100000 ;-23.156742 ;-23.228219 ;
41.200000 ;-23.167203 ;-23.229425 ;
41.300000 ;-23.173967 ;-23.230365 ;
41.400000 ;-23.179383 ;-23.231251 ;
41.500000 ;-23.195029 ;-23.233097 ;
41.600000 ;-23.218718 ;-23.235698 ;
41.700000 ;-23.233848 ;-23.237572 ;
41.800000 ;-23.239242 ;-23.238610 ;
41.900000 ;-23.258867 ;-23.241002 ;
42.000000 ;-23.283963 ;-23.243922 ;
42.100000 ;-23.295279 ;-23.245582 ;
42.200000 ;-23.315355 ;-23.248065 ;
42.300000 ;-23.344277 ;-23.251362 ;
42.400000 ;-23.361042 ;-23.253518 ;
42.500000 ;-23.380301 ;-23.255883 ;
42.600000 ;-23.415681 ;-23.259700 ;
42.700000 ;-23.448899 ;-23.263250 ;
42.800000 ;-23.461481 ;-23.264796 ;
42.900000 ;-23.491350 ;-23.267879 ;
43.000000 ;-23.543590 ;-23.272947 ;
43.100000 ;-23.575048 ;-23.275903 ;
43.200000 ;-23.592749 ;-23.277395 ;
43.300000 ;-23.639589 ;-23.281484 ;
43.400000 ;-23.692329 ;-23.285916 ;
43.500000 ;-23.717345 ;-23.287449 ;
43.600000 ;-23.758529 ;-23.290271 ;
43.700000 ;-23.811797 ;-23.293952 ;
43.800000 ;-23.847688 ;-23.295632 ;
43.900000 ;-23.891589 ;-23.297728 ;
44.000000 ;-23.946904 ;-23.300533 ;
44.100000 ;-23.990416 ;-23.301778 ;
44.200000 ;-24.034626 ;-23.302647 ;
44.300000 ;-24.093985 ;-23.304501 ;
44.400000 ;-24.151462 ;-23.305653 ;
44.500000 ;-24.191334 ;-23.304550 ;
44.600000 ;-24.246125 ;-23.304351 ;
44.700000 ;-24.318883 ;-23.305317 ;
44.800000 ;-24.373047 ;-23.303814 ;
44.900000 ;-24.415264 ;-23.300481 ;
45.000000 ;-24.483093 ;-23.299044 ;
45.100000 ;-24.559240 ;-23.297741 ;
45.200000 ;-24.605412 ;-23.292707 ;
45.300000 ;-24.662951 ;-23.288099 ;
45.400000 ;-24.738519 ;-23.284569 ;
45.500000 ;-24.796628 ;-23.278506 ;
45.600000 ;-24.852908 ;-23.271493 ;
45.700000 ;-24.924325 ;-23.265245 ;
45.800000 ;-24.990498 ;-23.257676 ;
45.900000 ;-25.046004 ;-23.248236 ;
46.000000 ;-25.114044 ;-23.239296 ;
46.100000 ;-25.189037 ;-23.230279 ;
46.200000 ;-25.245657 ;-23.218592 ;
46.300000 ;-25.304169 ;-23.206336 ;
46.400000 ;-25.380914 ;-23.195204 ;
46.500000 ;-25.455771 ;-23.183117 ;
46.600000 ;-25.505228 ;-23.167647 ;
46.700000 ;-25.567589 ;-23.152813 ;
46.800000 ;-25.650978 ;-23.139479 ;
46.900000 ;-25.717510 ;-23.123683 ;
47.000000 ;-25.767108 ;-23.105444 ;
47.100000 ;-25.837379 ;-23.088755 ;
47.200000 ;-25.916283 ;-23.072362 ;
47.300000 ;-25.969365 ;-23.052642 ;
47.400000 ;-26.028898 ;-23.033049 ;
47.500000 ;-26.103100 ;-23.014482 ;
47.600000 ;-26.164739 ;-22.994070 ;
47.700000 ;-26.218746 ;-22.972376 ;
47.800000 ;-26.285899 ;-22.951638 ;
47.900000 ;-26.355990 ;-22.930796 ;
48.000000 ;-26.406900 ;-22.907525 ;
48.100000 ;-26.462848 ;-22.884445 ;
48.200000 ;-26.534037 ;-22.862674 ;
48.300000 ;-26.599074 ;-22.839951 ;
48.400000 ;-26.642114 ;-22.814612 ;
48.500000 ;-26.698346 ;-22.790468 ;
48.600000 ;-26.773132 ;-22.768123 ;
48.700000 ;-26.831798 ;-22.743871 ;
48.800000 ;-26.870442 ;-22.717325 ;
48.900000 ;-26.929007 ;-22.692825 ;
49.000000 ;-27.001733 ;-22.669773 ;
49.100000 ;-27.047413 ;-22.643743 ;
49.200000 ;-27.090687 ;-22.617429 ;
49.300000 ;-27.152623 ;-22.593135 ;
49.400000 ;-27.210601 ;-22.568435 ;
49.500000 ;-27.250289 ;-22.541806 ;
49.600000 ;-27.300641 ;-22.516404 ;
49.700000 ;-27.360637 ;-22.492137 ;
49.800000 ;-27.404448 ;-22.466234 ;
49.900000 ;-27.444145 ;-22.440024 ;
50.000000 ;-27.497799 ;-22.415477 ;
50.100000 ;-27.554579 ;-22.391440 ;
50.200000 ;-27.589096 ;-22.365184 ;
50.300000 ;-27.625988 ;-22.339393 ;
50.400000 ;-27.681979 ;-22.315892 ;
50.500000 ;-27.738324 ;-22.292663 ;
50.600000 ;-27.764930 ;-22.266463 ;
50.700000 ;-27.798726 ;-22.241308 ;
50.800000 ;-27.856263 ;-22.218997 ;
50.900000 ;-27.907479 ;-22.196285 ;
51.000000 ;-27.929890 ;-22.170748 ;
51.100000 ;-27.966847 ;-22.147092 ;
51.200000 ;-28.021314 ;-22.125645 ;
51.300000 ;-28.056295 ;-22.102406 ;
51.400000 ;-28.082863 ;-22.078584 ;
51.500000 ;-28.125003 ;-22.056782 ;
51.600000 ;-28.169615 ;-22.035584 ;
51.700000 ;-28.194761 ;-22.012624 ;
51.800000 ;-28.225890 ;-21.990660 ;
51.900000 ;-28.269504 ;-21.970396 ;
52.000000 ;-28.305092 ;-21.949618 ;
52.100000 ;-28.325158 ;-21.927520 ;
52.200000 ;-28.357092 ;-21.907063 ;
52.300000 ;-28.402762 ;-21.888449 ;
52.400000 ;-28.434607 ;-21.868702 ;
52.500000 ;-28.447270 ;-21.847248 ;
52.600000 ;-28.477636 ;-21.828066 ;
52.700000 ;-28.526724 ;-21.811265 ;
52.800000 ;-28.555704 ;-21.792654 ;
52.900000 ;-28.564731 ;-21.772252 ;
53.000000 ;-28.595375 ;-21.754540 ;
53.100000 ;-28.641541 ;-21.738858 ;
53.200000 ;-28.660195 ;-21.720564 ;
53.300000 ;-28.674939 ;-21.702202 ;
53.400000 ;-28.708513 ;-21.686219 ;
53.500000 ;-28.741119 ;-21.670479 ;
53.600000 ;-28.754168 ;-21.652978 ;
53.700000 ;-28.776250 ;-21.636792 ;
53.800000 ;-28.809562 ;-21.622152 ;
53.900000 ;-28.830445 ;-21.606510 ;
54.000000 ;-28.842641 ;-21.590266 ;
54.100000 ;-28.867844 ;-21.575748 ;
54.200000 ;-28.901515 ;-21.562465 ;
54.300000 ;-28.916552 ;-21.547498 ;
54.400000 ;-28.923295 ;-21.531959 ;
54.500000 ;-28.949299 ;-21.518800 ;
54.600000 ;-28.987618 ;-21.507271 ;
54.700000 ;-29.000498 ;-21.493313 ;
54.800000 ;-29.001030 ;-21.478332 ;
54.900000 ;-29.026565 ;-21.466330 ;
55.000000 ;-29.066460 ;-21.456158 ;
55.100000 ;-29.074376 ;-21.442841 ;
55.200000 ;-29.078266 ;-21.429376 ;
55.300000 ;-29.105065 ;-21.418646 ;
55.400000 ;-29.132569 ;-21.408264 ;
55.500000 ;-29.135970 ;-21.395566 ;
55.600000 ;-29.149200 ;-21.384187 ;
55.700000 ;-29.175105 ;-21.374426 ;
55.800000 ;-29.188019 ;-21.363529 ;
55.900000 ;-29.193946 ;-21.352135 ;
56.000000 ;-29.212271 ;-21.342315 ;
56.100000 ;-29.236472 ;-21.333367 ;
56.200000 ;-29.242448 ;-21.322706 ;
56.300000 ;-29.246177 ;-21.312040 ;
56.400000 ;-29.267034 ;-21.303435 ;
56.500000 ;-29.294938 ;-21.295809 ;
56.600000 ;-29.297371 ;-21.285680 ;
56.700000 ;-29.293790 ;-21.275127 ;
56.800000 ;-29.315394 ;-21.267479 ;
56.900000 ;-29.349622 ;-21.261388 ;
57.000000 ;-29.350605 ;-21.251948 ;
57.100000 ;-29.345345 ;-21.242045 ;
57.200000 ;-29.367042 ;-21.235219 ;
57.300000 ;-29.395027 ;-21.229256 ;
57.400000 ;-29.391331 ;-21.220099 ;
57.500000 ;-29.395589 ;-21.211978 ;
57.600000 ;-29.416945 ;-21.205864 ;
57.700000 ;-29.427222 ;-21.198745 ;
57.800000 ;-29.427250 ;-21.190708 ;
57.900000 ;-29.439294 ;-21.184124 ;
58.000000 ;-29.457584 ;-21.178374 ;
58.100000 ;-29.459411 ;-21.171032 ;
58.200000 ;-29.460737 ;-21.163799 ;
58.300000 ;-29.476366 ;-21.158248 ;
58.400000 ;-29.495866 ;-21.153264 ;
58.500000 ;-29.492737 ;-21.146019 ;
58.600000 ;-29.488360 ;-21.138791 ;
58.700000 ;-29.506436 ;-21.134099 ;
58.800000 ;-29.534047 ;-21.130564 ;
58.900000 ;-29.530170 ;-21.123814 ;
59.000000 ;-29.518862 ;-21.116411 ;
59.100000 ;-29.536693 ;-21.112244 ;
59.200000 ;-29.566784 ;-21.109512 ;
59.300000 ;-29.560186 ;-21.102999 ;
59.400000 ;-29.554900 ;-21.096753 ;
59.500000 ;-29.573009 ;-21.093120 ;
59.600000 ;-29.586371 ;-21.089101 ;
59.700000 ;-29.580458 ;-21.083146 ;
59.800000 ;-29.586250 ;-21.078553 ;
59.900000 ;-29.601679 ;-21.075097 ;
60.000000 ;-29.602281 ;-21.070172 ;
60.100000 ;-29.600892 ;-21.065143 ;
60.200000 ;-29.611813 ;-21.061529 ;
60.300000 ;-29.625734 ;-21.058337 ;
60.400000 ;-29.620793 ;-21.053239 ;
60.500000 ;-29.616985 ;-21.048361 ;
60.600000 ;-29.631331 ;-21.045509 ;
60.700000 ;-29.651715 ;-21.043392 ;
60.800000 ;-29.644345 ;-21.038417 ;
60.900000 ;-29.631161 ;-21.032916 ;
61.000000 ;-29.646231 ;-21.030506 ;
61.100000 ;-29.676095 ;-21.029752 ;
61.200000 ;-29.669885 ;-21.025249 ;
61.300000 ;-29.655548 ;-21.019966 ;
61.400000 ;-29.670126 ;-21.017837 ;
61.500000 ;-29.691883 ;-21.016549 ;
61.600000 ;-29.681408 ;-21.011912 ;
61.700000 ;-29.679583 ;-21.008270 ;
61.800000 ;-29.693742 ;-21.006400 ;
61.900000 ;-29.696192 ;-21.003358 ;
62.000000 ;-29.691371 ;-20.999614 ;
62.100000 ;-29.697991 ;-20.997155 ;
62.200000 ;-29.709117 ;-20.995241 ;
62.300000 ;-29.704497 ;-20.991721 ;
62.400000 ;-29.700920 ;-20.988377 ;
62.500000 ;-29.711456 ;-20.986595 ;
62.600000 ;-29.725572 ;-20.985254 ;
62.700000 ;-29.716643 ;-20.981526 ;
62.800000 ;-29.705217 ;-20.977594 ;
62.900000 ;-29.718110 ;-20.976301 ;
63.000000 ;-29.743847 ;-20.976426 ;
63.100000 ;-29.737834 ;-20.973236 ;
63.200000 ;-29.717571 ;-20.968590 ;
63.300000 ;-29.728453 ;-20.967303 ;
63.400000 ;-29.757501 ;-20.967994 ;
63.500000 ;-29.749098 ;-20.964759 ;
63.600000 ;-29.737436 ;-20.961228 ;
63.700000 ;-29.749600 ;-20.960276 ;
63.800000 ;-29.759179 ;-20.959096 ;
63.900000 ;-29.750058 ;-20.955976 ;
64.000000 ;-29.751705 ;-20.954044 ;
64.100000 ;-29.762065 ;-20.953081 ;
64.200000 ;-29.758961 ;-20.950733 ;
64.300000 ;-29.754537 ;-20.948286 ;
64.400000 ;-29.761572 ;-20.947097 ;
64.500000 ;-29.771567 ;-20.946262 ;
64.600000 ;-29.763345 ;-20.943533 ;
64.700000 ;-29.755001 ;-20.940831 ;
64.800000 ;-29.765428 ;-20.940158 ;
64.900000 ;-29.784588 ;-20.940447 ;
65.000000 ;-29.777105 ;-20.937946 ;
65.100000 ;-29.755962 ;-20.934034 ;
65.200000 ;-29.764514 ;-20.933305 ;
65.300000 ;-29.795619 ;-20.935000 ;
65.400000 ;-29.793566 ;-20.933210 ;
65.500000 ;-29.771851 ;-20.929369 ;
65.600000 ;-29.779479 ;-20.928673 ;
65.700000 ;-29.801115 ;-20.929492 ;
65.800000 ;-29.790142 ;-20.926881 ;
65.900000 ;-29.784294 ;-20.924844 ;
66.000000 ;-29.794210 ;-20.924508 ;
66.100000 ;-29.794893 ;-20.923221 ;
66.200000 ;-29.788334 ;-20.921192 ;
66.300000 ;-29.791960 ;-20.920271 ;
66.400000 ;-29.800127 ;-20.919857 ;
66.500000 ;-29.793974 ;-20.917951 ;
66.600000 ;-29.787776 ;-20.916066 ;
66.700000 ;-29.795311 ;-20.915660 ;
66.800000 ;-29.808206 ;-20.915847 ;
66.900000 ;-29.799446 ;-20.913762 ;
67.000000 ;-29.782081 ;-20.910790 ;
67.100000 ;-29.789872 ;-20.910505 ;
67.200000 ;-29.817125 ;-20.912304 ;
67.300000 ;-29.818117 ;-20.911341 ;
67.400000 ;-29.790376 ;-20.907356 ;
67.500000 ;-29.792494 ;-20.906557 ;
67.600000 ;-29.822792 ;-20.908763 ;
67.700000 ;-29.820448 ;-20.907527 ;
67.800000 ;-29.803677 ;-20.904782 ;
67.900000 ;-29.810503 ;-20.904559 ;
68.000000 ;-29.820468 ;-20.904686 ;
68.100000 ;-29.810593 ;-20.902726 ;
68.200000 ;-29.809620 ;-20.901729 ;
68.300000 ;-29.817405 ;-20.901676 ;
68.400000 ;-29.813968 ;-20.900451 ;
68.500000 ;-29.808172 ;-20.898993 ;
68.600000 ;-29.812831 ;-20.898658 ;
68.700000 ;-29.821591 ;-20.898774 ;
68.800000 ;-29.813634 ;-20.897134 ;
68.900000 ;-29.801716 ;-20.895089 ;
69.000000 ;-29.808623 ;-20.895054 ;
69.100000 ;-29.828593 ;-20.896417 ;
69.200000 ;-29.827261 ;-20.895536 ;
69.300000 ;-29.799423 ;-20.891864 ;
69.400000 ;-29.799043 ;-20.891114 ;
69.500000 ;-29.831393 ;-20.893843 ;
69.600000 ;-29.842019 ;-20.894281 ;
69.700000 ;-29.814677 ;-20.890711 ;
69.800000 ;-29.813707 ;-20.889949 ;
69.900000 ;-29.835859 ;-20.891649 ;
70.000000 ;-29.828580 ;-20.890240 ;
70.100000 ;-29.819651 ;-20.888668 ;
70.200000 ;-29.826322 ;-20.888761 ;
70.300000 ;-29.827622 ;-20.888295 ;
70.400000 ;-29.820545 ;-20.886952 ;
70.500000 ;-29.822171 ;-20.886542 ;
70.600000 ;-29.829074 ;-20.886701 ;
70.700000 ;-29.823572 ;-20.885556 ;
70.800000 ;-29.815575 ;-20.884157 ;
70.900000 ;-29.820632 ;-20.884150 ;
71.000000 ;-29.833562 ;-20.884987 ;
71.100000 ;-29.828828 ;-20.883961 ;
71.200000 ;-29.806293 ;-20.881061 ;
71.300000 ;-29.807263 ;-20.880659 ;
71.400000 ;-29.835396 ;-20.883141 ;
71.500000 ;-29.849639 ;-20.884159 ;
71.600000 ;-29.818013 ;-20.880330 ;
71.700000 ;-29.808323 ;-20.878834 ;
71.800000 ;-29.837295 ;-20.881440 ;
71.900000 ;-29.847250 ;-20.882037 ;
72.000000 ;-29.826540 ;-20.879393 ;
72.100000 ;-29.827458 ;-20.879049 ;
72.200000 ;-29.838623 ;-20.879798 ;
72.300000 ;-29.829562 ;-20.878410 ;
72.400000 ;-29.826580 ;-20.877673 ;
72.500000 ;-29.832695 ;-20.877907 ;
72.600000 ;-29.830380 ;-20.877254 ;
72.700000 ;-29.823842 ;-20.876160 ;
72.800000 ;-29.826586 ;-20.876056 ;
72.900000 ;-29.834925 ;-20.876551 ;
73.000000 ;-29.829426 ;-20.875586 ;
73.100000 ;-29.814456 ;-20.873625 ;
73.200000 ;-29.817095 ;-20.873534 ;
73.300000 ;-29.837406 ;-20.875320 ;
73.400000 ;-29.845752 ;-20.875844 ;
73.500000 ;-29.815130 ;-20.872250 ;
73.600000 ;-29.802746 ;-20.870594 ;
73.700000 ;-29.832399 ;-20.873391 ;
73.800000 ;-29.860441 ;-20.876020 ;
73.900000 ;-29.832310 ;-20.872706 ;
74.000000 ;-29.820836 ;-20.871165 ;
74.100000 ;-29.840918 ;-20.872972 ;
74.200000 ;-29.840719 ;-20.872632 ;
74.300000 ;-29.829277 ;-20.871105 ;
74.400000 ;-29.832781 ;-20.871167 ;
74.500000 ;-29.835613 ;-20.871162 ;
74.600000 ;-29.828539 ;-20.870111 ;
74.700000 ;-29.828482 ;-20.869808 ;
74.800000 ;-29.834624 ;-20.870166 ;
74.900000 ;-29.831014 ;-20.869495 ;
75.000000 ;-29.821631 ;-20.868217 ;
75.100000 ;-29.824026 ;-20.868189 ;
75.200000 ;-29.836792 ;-20.869264 ;
75.300000 ;-29.838342 ;-20.869155 ;
75.400000 ;-29.812943 ;-20.866198 ;
75.500000 ;-29.805013 ;-20.865094 ;
75.600000 ;-29.830829 ;-20.867565 ;
75.700000 ;-29.858602 ;-20.870244 ;
75.800000 ;-29.832174 ;-20.867190 ;
75.900000 ;-29.808756 ;-20.864462 ;
76.000000 ;-29.830989 ;-20.866570 ;
76.100000 ;-29.856671 ;-20.869043 ;
76.200000 ;-29.834508 ;-20.866452 ;
76.300000 ;-29.828752 ;-20.865603 ;
76.400000 ;-29.839821 ;-20.866540 ;
76.500000 ;-29.833315 ;-20.865616 ;
76.600000 ;-29.828545 ;-20.864879 ;
76.700000 ;-29.833149 ;-20.865138 ;
76.800000 ;-29.832683 ;-20.864863 ;
76.900000 ;-29.825736 ;-20.863904 ;
77.000000 ;-29.826583 ;-20.863773 ;
77.100000 ;-29.834451 ;-20.864387 ;
77.200000 ;-29.832813 ;-20.863998 ;
77.300000 ;-29.815877 ;-20.861993 ;
77.400000 ;-29.813271 ;-20.861507 ;
77.500000 ;-29.832083 ;-20.863290 ;
77.600000 ;-29.849270 ;-20.864903 ;
77.700000 ;-29.823778 ;-20.862002 ;
77.800000 ;-29.798095 ;-20.859087 ;
77.900000 ;-29.819125 ;-20.861116 ;
78.000000 ;-29.860269 ;-20.865272 ;
78.100000 ;-29.842855 ;-20.863230 ;
78.200000 ;-29.820310 ;-20.860651 ;
78.300000 ;-29.834276 ;-20.861943 ;
78.400000 ;-29.843403 ;-20.862721 ;
78.500000 ;-29.830073 ;-20.861122 ;
78.600000 ;-29.830125 ;-20.860943 ;
78.700000 ;-29.834653 ;-20.861239 ;
78.800000 ;-29.827980 ;-20.860350 ;
78.900000 ;-29.826287 ;-20.859991 ;
79.000000 ;-29.831611 ;-20.860377 ;
79.100000 ;-29.830644 ;-20.860098 ;
79.200000 ;-29.820454 ;-20.858844 ;
79.300000 ;-29.819839 ;-20.858606 ;
79.400000 ;-29.831551 ;-20.859675 ;
79.500000 ;-29.838954 ;-20.860289 ;
79.600000 ;-29.826500 ;-20.858802 ;
79.700000 ;-29.821852 ;-20.858143 ;
79.800000 ;-29.832097 ;-20.859063 ;
79.900000 ;-29.834957 ;-20.859203 ;
80.000000 ;-29.830920 ;-20.858613 ;
