0.000000 ;-27.500000 ;-20.600000 ;
0.100000 ;-27.341719 ;-20.635692 ;
0.200000 ;-27.229169 ;-20.659718 ;
0.300000 ;-27.159057 ;-20.675578 ;
0.400000 ;-27.106352 ;-20.684008 ;
0.500000 ;-27.057175 ;-20.686104 ;
0.600000 ;-27.023844 ;-20.684729 ;
0.700000 ;-26.996575 ;-20.680412 ;
0.800000 ;-26.969736 ;-20.673742 ;
0.900000 ;-26.952179 ;-20.666213 ;
1.000000 ;-26.943062 ;-20.658335 ;
1.100000 ;-26.930010 ;-20.649517 ;
1.200000 ;-26.904872 ;-20.639363 ;
1.300000 ;-26.893691 ;-20.630407 ;
1.400000 ;-26.904774 ;-20.623554 ;
1.500000 ;-26.919964 ;-20.617289 ;
1.600000 ;-26.904854 ;-20.608597 ;
1.700000 ;-26.890413 ;-20.600340 ;
1.800000 ;-26.895710 ;-20.594288 ;
1.900000 ;-26.894132 ;-20.588004 ;
2.000000 ;-26.886409 ;-20.581559 ;
2.100000 ;-26.887295 ;-20.576303 ;
2.200000 ;-26.888027 ;-20.571420 ;
2.300000 ;-26.881175 ;-20.566211 ;
2.400000 ;-26.879962 ;-20.561874 ;
2.500000 ;-26.886251 ;-20.558558 ;
2.600000 ;-26.887279 ;-20.555074 ;
2.700000 ;-26.870471 ;-20.550246 ;
2.800000 ;-26.864736 ;-20.546710 ;
2.900000 ;-26.882127 ;-20.545555 ;
3.000000 ;-26.902916 ;-20.544950 ;
3.100000 ;-26.890296 ;-20.541492 ;
3.200000 ;-26.880182 ;-20.538469 ;
3.300000 ;-26.889443 ;-20.537415 ;
3.400000 ;-26.889311 ;-20.535671 ;
3.500000 ;-26.883368 ;-20.533551 ;
3.600000 ;-26.886344 ;-20.532398 ;
3.700000 ;-26.888357 ;-20.531290 ;
3.800000 ;-26.882318 ;-20.529567 ;
3.900000 ;-26.882271 ;-20.528507 ;
4.000000 ;-26.889617 ;-20.528230 ;
4.100000 ;-26.890259 ;-20.527433 ;
4.200000 ;-26.874497 ;-20.525215 ;
4.300000 ;-26.871278 ;-20.524230 ;
4.400000 ;-26.889545 ;-20.525290 ;
4.500000 ;-26.907059 ;-20.526348 ;
4.600000 ;-26.882387 ;-20.523590 ;
4.700000 ;-26.858831 ;-20.520990 ;
4.800000 ;-26.882833 ;-20.522812 ;
4.900000 ;-26.921488 ;-20.526025 ;
5.000000 ;-26.898996 ;-20.523658 ;
5.100000 ;-26.883297 ;-20.521953 ;
5.200000 ;-26.900791 ;-20.523334 ;
5.300000 ;-26.900541 ;-20.523115 ;
5.400000 ;-26.891589 ;-20.522123 ;
5.500000 ;-26.895465 ;-20.522335 ;
5.600000 ;-26.895392 ;-20.522206 ;
5.700000 ;-26.890602 ;-20.521665 ;
5.800000 ;-26.892895 ;-20.521792 ;
5.900000 ;-26.897596 ;-20.522157 ;
6.000000 ;-26.890752 ;-20.521477 ;
6.100000 ;-26.884890 ;-20.520900 ;
6.200000 ;-26.891862 ;-20.521514 ;
6.300000 ;-26.904094 ;-20.522621 ;
6.400000 ;-26.894749 ;-20.521756 ;
6.500000 ;-26.869536 ;-20.519442 ;
6.600000 ;-26.875186 ;-20.519972 ;
6.700000 ;-26.910822 ;-20.523263 ;
6.800000 ;-26.921899 ;-20.524302 ;
6.900000 ;-26.884669 ;-20.520907 ;
7.000000 ;-26.881619 ;-20.520660 ;
7.100000 ;-26.916518 ;-20.523906 ;
7.200000 ;-26.911575 ;-20.523492 ;
7.300000 ;-26.897129 ;-20.522206 ;
7.400000 ;-26.904052 ;-20.522887 ;
7.500000 ;-26.903219 ;-20.522857 ;
7.600000 ;-26.897710 ;-20.522399 ;
7.700000 ;-26.900704 ;-20.522724 ;
7.800000 ;-26.901982 ;-20.522893 ;
7.900000 ;-26.896093 ;-20.522404 ;
8.000000 ;-26.896376 ;-20.522483 ;
8.100000 ;-26.903527 ;-20.523194 ;
8.200000 ;-26.903331 ;-20.523230 ;
8.300000 ;-26.886971 ;-20.521783 ;
8.400000 ;-26.883915 ;-20.521557 ;
8.500000 ;-26.902782 ;-20.523347 ;
8.600000 ;-26.920896 ;-20.525066 ;
8.700000 ;-26.905966 ;-20.523750 ;
8.800000 ;-26.898350 ;-20.523106 ;
8.900000 ;-26.908631 ;-20.524107 ;
9.000000 ;-26.906503 ;-20.523968 ;
9.100000 ;-26.901063 ;-20.523524 ;
9.200000 ;-26.904684 ;-20.523912 ;
9.300000 ;-26.905794 ;-20.524069 ;
9.400000 ;-26.899474 ;-20.523544 ;
9.500000 ;-26.899987 ;-20.523646 ;
9.600000 ;-26.907567 ;-20.524398 ;
9.700000 ;-26.908181 ;-20.524509 ;
9.800000 ;-26.906080 ;-20.524311 ;
9.900000 ;-26.905248 ;-20.545299 ;
10.000000 ;-26.872558 ;-20.812213 ;
10.100000 ;-26.758552 ;-21.208479 ;
10.200000 ;-26.556378 ;-21.619614 ;
10.300000 ;-26.274207 ;-22.000889 ;
10.400000 ;-25.936005 ;-22.338158 ;
10.500000 ;-25.563264 ;-22.627741 ;
10.600000 ;-25.176056 ;-22.870986 ;
10.700000 ;-24.791272 ;-23.071459 ;
10.800000 ;-24.418103 ;-23.233318 ;
10.900000 ;-24.066086 ;-23.361443 ;
11.000000 ;-23.746033 ;-23.461032 ;
11.100000 ;-23.438279 ;-23.534645 ;
11.200000 ;-23.166673 ;-23.588386 ;
11.300000 ;-22.944375 ;-23.627026 ;
11.400000 ;-22.723730 ;-23.649852 ;
11.500000 ;-22.520438 ;-23.661219 ;
11.600000 ;-22.366184 ;-23.666300 ;
11.700000 ;-22.217858 ;-23.663551 ;
11.800000 ;-22.076321 ;-23.654906 ;
11.900000 ;-21.968482 ;-23.644104 ;
12.000000 ;-21.865530 ;-23.629931 ;
12.100000 ;-21.769262 ;-23.613560 ;
12.200000 ;-21.696636 ;-23.597169 ;
12.300000 ;-21.626275 ;-23.579616 ;
12.400000 ;-21.556800 ;-23.561314 ;
12.500000 ;-21.508108 ;-23.544269 ;
12.600000 ;-21.465288 ;-23.527540 ;
12.700000 ;-21.410239 ;-23.509872 ;
12.800000 ;-21.372698 ;-23.493910 ;
12.900000 ;-21.351966 ;-23.479706 ;
13.000000 ;-21.313421 ;-23.464446 ;
13.100000 ;-21.277065 ;-23.449886 ;
13.200000 ;-21.264626 ;-23.437891 ;
13.300000 ;-21.246214 ;-23.425947 ;
13.400000 ;-21.213321 ;-23.413352 ;
13.500000 ;-21.200205 ;-23.403005 ;
13.600000 ;-21.192753 ;-23.393695 ;
13.700000 ;-21.167021 ;-23.383384 ;
13.800000 ;-21.153806 ;-23.374662 ;
13.900000 ;-21.150621 ;-23.367295 ;
14.000000 ;-21.131469 ;-23.359062 ;
14.100000 ;-21.118007 ;-23.351773 ;
14.200000 ;-21.117843 ;-23.346044 ;
14.300000 ;-21.106577 ;-23.339790 ;
14.400000 ;-21.089615 ;-23.333447 ;
14.500000 ;-21.089464 ;-23.328890 ;
14.600000 ;-21.091306 ;-23.324845 ;
14.700000 ;-21.071641 ;-23.319307 ;
14.800000 ;-21.064472 ;-23.315129 ;
14.900000 ;-21.074204 ;-23.312659 ;
15.000000 ;-21.064121 ;-23.308780 ;
15.100000 ;-21.049266 ;-23.304746 ;
15.200000 ;-21.055429 ;-23.302715 ;
15.300000 ;-21.056123 ;-23.300436 ;
15.400000 ;-21.041052 ;-23.297026 ;
15.500000 ;-21.041669 ;-23.295124 ;
15.600000 ;-21.046179 ;-23.293722 ;
15.700000 ;-21.033599 ;-23.291039 ;
15.800000 ;-21.031062 ;-23.289351 ;
15.900000 ;-21.037449 ;-23.288551 ;
16.000000 ;-21.027903 ;-23.286536 ;
16.100000 ;-21.021080 ;-23.284869 ;
16.200000 ;-21.028556 ;-23.284514 ;
16.300000 ;-21.027579 ;-23.283548 ;
16.400000 ;-21.013671 ;-23.281587 ;
16.500000 ;-21.016871 ;-23.281152 ;
16.600000 ;-21.028513 ;-23.281508 ;
16.700000 ;-21.015103 ;-23.279828 ;
16.800000 ;-21.007920 ;-23.278740 ;
16.900000 ;-21.021071 ;-23.279426 ;
17.000000 ;-21.018990 ;-23.278888 ;
17.100000 ;-21.006825 ;-23.277555 ;
17.200000 ;-21.013458 ;-23.277851 ;
17.300000 ;-21.017553 ;-23.277980 ;
17.400000 ;-21.006605 ;-23.276885 ;
17.500000 ;-21.008712 ;-23.276925 ;
17.600000 ;-21.015092 ;-23.277360 ;
17.700000 ;-21.005362 ;-23.276473 ;
17.800000 ;-21.003999 ;-23.276319 ;
17.900000 ;-21.012802 ;-23.277046 ;
18.000000 ;-21.006636 ;-23.276541 ;
18.100000 ;-20.998518 ;-23.275894 ;
18.200000 ;-21.007223 ;-23.276682 ;
18.300000 ;-21.013434 ;-23.277280 ;
18.400000 ;-20.998386 ;-23.276108 ;
18.500000 ;-20.998687 ;-23.276242 ;
18.600000 ;-21.014391 ;-23.277687 ;
18.700000 ;-21.006195 ;-23.277136 ;
18.800000 ;-20.996921 ;-23.276506 ;
18.900000 ;-21.008565 ;-23.277646 ;
19.000000 ;-21.009835 ;-23.277925 ;
19.100000 ;-20.999481 ;-23.277235 ;
19.200000 ;-21.004993 ;-23.277888 ;
19.300000 ;-21.009326 ;-23.278449 ;
19.400000 ;-21.000229 ;-23.277889 ;
19.500000 ;-21.002430 ;-23.278284 ;
19.600000 ;-21.009759 ;-23.279116 ;
19.700000 ;-21.000843 ;-23.278589 ;
19.800000 ;-20.998341 ;-23.278605 ;
19.900000 ;-21.008729 ;-23.279708 ;
20.000000 ;-21.006642 ;-23.279767 ;
20.100000 ;-20.994797 ;-23.279010 ;
20.200000 ;-21.002063 ;-23.279862 ;
20.300000 ;-21.015058 ;-23.281198 ;
20.400000 ;-21.000862 ;-23.280252 ;
20.500000 ;-20.996665 ;-23.280148 ;
20.600000 ;-21.012577 ;-23.281736 ;
20.700000 ;-21.008923 ;-23.281683 ;
20.800000 ;-20.999342 ;-23.281132 ;
20.900000 ;-21.008434 ;-23.282151 ;
21.000000 ;-21.010218 ;-23.282558 ;
21.100000 ;-21.001728 ;-23.282103 ;
21.200000 ;-21.006506 ;-23.282764 ;
21.300000 ;-21.010778 ;-23.283382 ;
21.400000 ;-21.002179 ;-23.282920 ;
21.500000 ;-21.003909 ;-23.283327 ;
21.600000 ;-21.012798 ;-23.284335 ;
21.700000 ;-21.004685 ;-23.283915 ;
21.800000 ;-20.998978 ;-23.283698 ;
21.900000 ;-21.010305 ;-23.284912 ;
22.000000 ;-21.014897 ;-23.285560 ;
22.100000 ;-20.999335 ;-23.284515 ;
22.200000 ;-21.002470 ;-23.285042 ;
22.300000 ;-21.019753 ;-23.286757 ;
22.400000 ;-21.009403 ;-23.286150 ;
22.500000 ;-21.002072 ;-23.285797 ;
22.600000 ;-21.015410 ;-23.287180 ;
22.700000 ;-21.013921 ;-23.287318 ;
22.800000 ;-21.005775 ;-23.286896 ;
22.900000 ;-21.012928 ;-23.287758 ;
23.000000 ;-21.014170 ;-23.288124 ;
23.100000 ;-21.006888 ;-23.287774 ;
23.200000 ;-21.011303 ;-23.288406 ;
23.300000 ;-21.016485 ;-23.289102 ;
23.400000 ;-21.007151 ;-23.288578 ;
23.500000 ;-21.007340 ;-23.288854 ;
23.600000 ;-21.018553 ;-23.290055 ;
23.700000 ;-21.013497 ;-23.289890 ;
23.800000 ;-21.002423 ;-23.289218 ;
23.900000 ;-21.012626 ;-23.290334 ;
24.000000 ;-21.025438 ;-23.291669 ;
24.100000 ;-21.009234 ;-23.290565 ;
24.200000 ;-21.007029 ;-23.290636 ;
24.300000 ;-21.024443 ;-23.292357 ;
24.400000 ;-21.018128 ;-23.292083 ;
24.500000 ;-21.010519 ;-23.291699 ;
24.600000 ;-21.020628 ;-23.292804 ;
24.700000 ;-21.019195 ;-23.292939 ;
24.800000 ;-21.012895 ;-23.292664 ;
24.900000 ;-21.019040 ;-23.293434 ;
25.000000 ;-21.020118 ;-23.293778 ;
25.100000 ;-21.012749 ;-23.293412 ;
25.200000 ;-21.016745 ;-23.294000 ;
25.300000 ;-21.024358 ;-23.294891 ;
25.400000 ;-21.014084 ;-23.294280 ;
25.500000 ;-21.010495 ;-23.294229 ;
25.600000 ;-21.023920 ;-23.295608 ;
25.700000 ;-21.026141 ;-23.296044 ;
25.800000 ;-21.009580 ;-23.294902 ;
25.900000 ;-21.015308 ;-23.295632 ;
26.000000 ;-21.033700 ;-23.297427 ;
26.100000 ;-21.020878 ;-23.296597 ;
26.200000 ;-21.015276 ;-23.296374 ;
26.300000 ;-21.029414 ;-23.297809 ;
26.400000 ;-21.024966 ;-23.297682 ;
26.500000 ;-21.019074 ;-23.297433 ;
26.600000 ;-21.026832 ;-23.298330 ;
26.700000 ;-21.024915 ;-23.298414 ;
26.800000 ;-21.019672 ;-23.298217 ;
26.900000 ;-21.025490 ;-23.298950 ;
27.000000 ;-21.027685 ;-23.299377 ;
27.100000 ;-21.018525 ;-23.298850 ;
27.200000 ;-21.021174 ;-23.299315 ;
27.300000 ;-21.032582 ;-23.300515 ;
27.400000 ;-21.024291 ;-23.300059 ;
27.500000 ;-21.013867 ;-23.299423 ;
27.600000 ;-21.027040 ;-23.300771 ;
27.700000 ;-21.039421 ;-23.302051 ;
27.800000 ;-21.021136 ;-23.300753 ;
27.900000 ;-21.020776 ;-23.300961 ;
28.000000 ;-21.039204 ;-23.302748 ;
28.100000 ;-21.030333 ;-23.302240 ;
28.200000 ;-21.024752 ;-23.302008 ;
28.300000 ;-21.034915 ;-23.303098 ;
28.400000 ;-21.030681 ;-23.302978 ;
28.500000 ;-21.026697 ;-23.302878 ;
28.600000 ;-21.033305 ;-23.303668 ;
28.700000 ;-21.031334 ;-23.303736 ;
28.800000 ;-21.025601 ;-23.303488 ;
28.900000 ;-21.031356 ;-23.304204 ;
29.000000 ;-21.036951 ;-23.304906 ;
29.100000 ;-21.024928 ;-23.304127 ;
29.200000 ;-21.023485 ;-23.304237 ;
29.300000 ;-21.038930 ;-23.305766 ;
29.400000 ;-21.038684 ;-23.305975 ;
29.500000 ;-21.020890 ;-23.304708 ;
29.600000 ;-21.029211 ;-23.305637 ;
29.700000 ;-21.048662 ;-23.307501 ;
29.800000 ;-21.033561 ;-23.306460 ;
29.900000 ;-21.029614 ;-23.306355 ;
30.000000 ;-21.043728 ;-23.307768 ;
30.100000 ;-21.036870 ;-23.307418 ;
30.200000 ;-21.033253 ;-23.307339 ;
30.300000 ;-21.040639 ;-23.308185 ;
30.400000 ;-21.036340 ;-23.308048 ;
30.500000 ;-21.033244 ;-23.308011 ;
30.600000 ;-21.039717 ;-23.308778 ;
30.700000 ;-21.038861 ;-23.308929 ;
30.800000 ;-21.030369 ;-23.308437 ;
30.900000 ;-21.035284 ;-23.309071 ;
31.000000 ;-21.046531 ;-23.310237 ;
31.100000 ;-21.035020 ;-23.309490 ;
31.200000 ;-21.025119 ;-23.308877 ;
31.300000 ;-21.041448 ;-23.310469 ;
31.400000 ;-21.053566 ;-23.311708 ;
31.500000 ;-21.033232 ;-23.310215 ;
31.600000 ;-21.034529 ;-23.310542 ;
31.700000 ;-21.053517 ;-23.312356 ;
31.800000 ;-21.042589 ;-23.311654 ;
31.900000 ;-21.038965 ;-23.311565 ;
32.000000 ;-21.048193 ;-23.312556 ;
32.100000 ;-21.042187 ;-23.312266 ;
32.200000 ;-21.040381 ;-23.312328 ;
32.300000 ;-21.046594 ;-23.313063 ;
32.400000 ;-21.042291 ;-23.312914 ;
32.500000 ;-21.038373 ;-23.312797 ;
32.600000 ;-21.045366 ;-23.313596 ;
32.700000 ;-21.048576 ;-23.314077 ;
32.800000 ;-21.035185 ;-23.313162 ;
32.900000 ;-21.035870 ;-23.313430 ;
33.000000 ;-21.053405 ;-23.315113 ;
33.100000 ;-21.050879 ;-23.315110 ;
33.200000 ;-21.031528 ;-23.313690 ;
33.300000 ;-21.042382 ;-23.314811 ;
33.400000 ;-21.063013 ;-23.316755 ;
33.500000 ;-21.045959 ;-23.315527 ;
33.600000 ;-21.043463 ;-23.315523 ;
33.700000 ;-21.056693 ;-23.316841 ;
33.800000 ;-21.048365 ;-23.316346 ;
33.900000 ;-21.046769 ;-23.316416 ;
34.000000 ;-21.052900 ;-23.317135 ;
34.100000 ;-21.047390 ;-23.316875 ;
34.200000 ;-21.046251 ;-23.316982 ;
34.300000 ;-21.052703 ;-23.317726 ;
34.400000 ;-21.049132 ;-23.317627 ;
34.500000 ;-21.041591 ;-23.317194 ;
34.600000 ;-21.048532 ;-23.317978 ;
34.700000 ;-21.059458 ;-23.319096 ;
34.800000 ;-21.044806 ;-23.318063 ;
34.900000 ;-21.035191 ;-23.317452 ;
35.000000 ;-21.054866 ;-23.319306 ;
35.100000 ;-21.067214 ;-23.320543 ;
35.200000 ;-21.044780 ;-23.318852 ;
35.300000 ;-21.047418 ;-23.319270 ;
35.400000 ;-21.066517 ;-23.321074 ;
35.500000 ;-21.054189 ;-23.320233 ;
35.600000 ;-21.052243 ;-23.320264 ;
35.700000 ;-21.059675 ;-23.321083 ;
35.800000 ;-21.053152 ;-23.320728 ;
35.900000 ;-21.053117 ;-23.320918 ;
36.000000 ;-21.058274 ;-23.321544 ;
36.100000 ;-21.052573 ;-23.321256 ;
36.200000 ;-21.050389 ;-23.321264 ;
36.300000 ;-21.058136 ;-23.322106 ;
36.400000 ;-21.058927 ;-23.322363 ;
36.500000 ;-21.044383 ;-23.321329 ;
36.600000 ;-21.047107 ;-23.321747 ;
36.700000 ;-21.066855 ;-23.323597 ;
36.800000 ;-21.062395 ;-23.323410 ;
36.900000 ;-21.041127 ;-23.321808 ;
37.000000 ;-21.054340 ;-23.323107 ;
37.100000 ;-21.076331 ;-23.325146 ;
37.200000 ;-21.057658 ;-23.323761 ;
37.300000 ;-21.056296 ;-23.323831 ;
37.400000 ;-21.067909 ;-23.324993 ;
37.500000 ;-21.059134 ;-23.324440 ;
37.600000 ;-21.059096 ;-23.324620 ;
37.700000 ;-21.063386 ;-23.325164 ;
37.800000 ;-21.057808 ;-23.324878 ;
37.900000 ;-21.058232 ;-23.325096 ;
38.000000 ;-21.064180 ;-23.325777 ;
38.100000 ;-21.058413 ;-23.325473 ;
38.200000 ;-21.051914 ;-23.325107 ;
38.300000 ;-21.060612 ;-23.326019 ;
38.400000 ;-21.071196 ;-23.327088 ;
38.500000 ;-21.053521 ;-23.325780 ;
38.600000 ;-21.043928 ;-23.325151 ;
38.700000 ;-21.067038 ;-23.327275 ;
38.800000 ;-21.080158 ;-23.328557 ;
38.900000 ;-21.055583 ;-23.326665 ;
39.000000 ;-21.059202 ;-23.327146 ;
39.100000 ;-21.078022 ;-23.328907 ;
39.200000 ;-21.064919 ;-23.327981 ;
39.300000 ;-21.064244 ;-23.328098 ;
39.400000 ;-21.069403 ;-23.328707 ;
39.500000 ;-21.063397 ;-23.328375 ;
39.600000 ;-21.064615 ;-23.328651 ;
39.700000 ;-21.068381 ;-23.329140 ;
39.800000 ;-21.062030 ;-23.328783 ;
39.900000 ;-21.061301 ;-23.328896 ;
40.000000 ;-21.069665 ;-23.329757 ;
40.100000 ;-21.070615 ;-23.329964 ;
40.200000 ;-21.069167 ;-23.329932 ;
40.300000 ;-21.071333 ;-23.330184 ;
40.400000 ;-21.073051 ;-23.330380 ;
40.500000 ;-21.076142 ;-23.330698 ;
40.600000 ;-21.079653 ;-23.331068 ;
40.700000 ;-21.083826 ;-23.331519 ;
40.800000 ;-21.089097 ;-23.332096 ;
40.900000 ;-21.094192 ;-23.332701 ;
41.000000 ;-21.099830 ;-23.333397 ;
41.100000 ;-21.107801 ;-23.334324 ;
41.200000 ;-21.116219 ;-23.335335 ;
41.300000 ;-21.117258 ;-23.335801 ;
41.400000 ;-21.122286 ;-23.336644 ;
41.500000 ;-21.140659 ;-23.338617 ;
41.600000 ;-21.164264 ;-23.341049 ;
41.700000 ;-21.170943 ;-23.342123 ;
41.800000 ;-21.175932 ;-23.343101 ;
41.900000 ;-21.196549 ;-23.345421 ;
42.000000 ;-21.210342 ;-23.347184 ;
42.100000 ;-21.222306 ;-23.348806 ;
42.200000 ;-21.243379 ;-23.351196 ;
42.300000 ;-21.259827 ;-23.353191 ;
42.400000 ;-21.273614 ;-23.354949 ;
42.500000 ;-21.299316 ;-23.357674 ;
42.600000 ;-21.328183 ;-23.360613 ;
42.700000 ;-21.337615 ;-23.361855 ;
42.800000 ;-21.355680 ;-23.363757 ;
42.900000 ;-21.399781 ;-23.367774 ;
43.000000 ;-21.437451 ;-23.371118 ;
43.100000 ;-21.441596 ;-23.371454 ;
43.200000 ;-21.472540 ;-23.373944 ;
43.300000 ;-21.529158 ;-23.378464 ;
43.400000 ;-21.550457 ;-23.379713 ;
43.500000 ;-21.577076 ;-23.381190 ;
43.600000 ;-21.623159 ;-23.384092 ;
43.700000 ;-21.653792 ;-23.385357 ;
43.800000 ;-21.689038 ;-23.386703 ;
43.900000 ;-21.733898 ;-23.388529 ;
44.000000 ;-21.769361 ;-23.389159 ;
44.100000 ;-21.808320 ;-23.389684 ;
44.200000 ;-21.858424 ;-23.390727 ;
44.300000 ;-21.901879 ;-23.390714 ;
44.400000 ;-21.935436 ;-23.389338 ;
44.500000 ;-21.986669 ;-23.388981 ;
44.600000 ;-22.049752 ;-23.389092 ;
44.700000 ;-22.087743 ;-23.386387 ;
44.800000 ;-22.123644 ;-23.382883 ;
44.900000 ;-22.189735 ;-23.381434 ;
45.000000 ;-22.253925 ;-23.379135 ;
45.100000 ;-22.287976 ;-23.373428 ;
45.200000 ;-22.342182 ;-23.368829 ;
45.300000 ;-22.408755 ;-23.364609 ;
45.400000 ;-22.452886 ;-23.357599 ;
45.500000 ;-22.506282 ;-23.350662 ;
45.600000 ;-22.569015 ;-23.343787 ;
45.700000 ;-22.618487 ;-23.334913 ;
45.800000 ;-22.672474 ;-23.325650 ;
45.900000 ;-22.736623 ;-23.316499 ;
46.000000 ;-22.791183 ;-23.305659 ;
46.100000 ;-22.839489 ;-23.293440 ;
46.200000 ;-22.903017 ;-23.281805 ;
46.300000 ;-22.972353 ;-23.269888 ;
46.400000 ;-23.017762 ;-23.254962 ;
46.500000 ;-23.066685 ;-23.239575 ;
46.600000 ;-23.140220 ;-23.225694 ;
46.700000 ;-23.208386 ;-23.210537 ;
46.800000 ;-23.247835 ;-23.191947 ;
46.900000 ;-23.306007 ;-23.174379 ;
47.000000 ;-23.380739 ;-23.157646 ;
47.100000 ;-23.429482 ;-23.137774 ;
47.200000 ;-23.480555 ;-23.117451 ;
47.300000 ;-23.546860 ;-23.097912 ;
47.400000 ;-23.601440 ;-23.076644 ;
47.500000 ;-23.651304 ;-23.054338 ;
47.600000 ;-23.712728 ;-23.032552 ;
47.700000 ;-23.771874 ;-23.010008 ;
47.800000 ;-23.817708 ;-22.985703 ;
47.900000 ;-23.872963 ;-22.961808 ;
48.000000 ;-23.938181 ;-22.938401 ;
48.100000 ;-23.988123 ;-22.913130 ;
48.200000 ;-24.028476 ;-22.886569 ;
48.300000 ;-24.088131 ;-22.861485 ;
48.400000 ;-24.157501 ;-22.836998 ;
48.500000 ;-24.197830 ;-22.809458 ;
48.600000 ;-24.236574 ;-22.781511 ;
48.700000 ;-24.301112 ;-22.755794 ;
48.800000 ;-24.362551 ;-22.729581 ;
48.900000 ;-24.396042 ;-22.700536 ;
49.000000 ;-24.444525 ;-22.672785 ;
49.100000 ;-24.505370 ;-22.646104 ;
49.200000 ;-24.545296 ;-22.617347 ;
49.300000 ;-24.587421 ;-22.588749 ;
49.400000 ;-24.641460 ;-22.561260 ;
49.500000 ;-24.686343 ;-22.532899 ;
49.600000 ;-24.723431 ;-22.503822 ;
49.700000 ;-24.771509 ;-22.475842 ;
49.800000 ;-24.823701 ;-22.448326 ;
49.900000 ;-24.857470 ;-22.419152 ;
50.000000 ;-24.892516 ;-22.390219 ;
50.100000 ;-24.944741 ;-22.363061 ;
50.200000 ;-24.997020 ;-22.336064 ;
50.300000 ;-25.020967 ;-22.306544 ;
50.400000 ;-25.053021 ;-22.277993 ;
50.500000 ;-25.109818 ;-22.252012 ;
50.600000 ;-25.157802 ;-22.225417 ;
50.700000 ;-25.176803 ;-22.196301 ;
50.800000 ;-25.213803 ;-22.169158 ;
50.900000 ;-25.267226 ;-22.143847 ;
51.000000 ;-25.295930 ;-22.116463 ;
51.100000 ;-25.323629 ;-22.089276 ;
51.200000 ;-25.366452 ;-22.063831 ;
51.300000 ;-25.401905 ;-22.037996 ;
51.400000 ;-25.427080 ;-22.011507 ;
51.500000 ;-25.462619 ;-21.986330 ;
51.600000 ;-25.502671 ;-21.961918 ;
51.700000 ;-25.526493 ;-21.936309 ;
51.800000 ;-25.551864 ;-21.911197 ;
51.900000 ;-25.591213 ;-21.887763 ;
52.000000 ;-25.629752 ;-21.864609 ;
52.100000 ;-25.644249 ;-21.839541 ;
52.200000 ;-25.666068 ;-21.815533 ;
52.300000 ;-25.710494 ;-21.794034 ;
52.400000 ;-25.750832 ;-21.772518 ;
52.500000 ;-25.757843 ;-21.748220 ;
52.600000 ;-25.779272 ;-21.725661 ;
52.700000 ;-25.825571 ;-21.705830 ;
52.800000 ;-25.852979 ;-21.684586 ;
52.900000 ;-25.863505 ;-21.662121 ;
53.000000 ;-25.893074 ;-21.641831 ;
53.100000 ;-25.927180 ;-21.622343 ;
53.200000 ;-25.940997 ;-21.601311 ;
53.300000 ;-25.962562 ;-21.581383 ;
53.400000 ;-25.993646 ;-21.562721 ;
53.500000 ;-26.012355 ;-21.543260 ;
53.600000 ;-26.027484 ;-21.523827 ;
53.700000 ;-26.054186 ;-21.505847 ;
53.800000 ;-26.083525 ;-21.488474 ;
53.900000 ;-26.093599 ;-21.469646 ;
54.000000 ;-26.105808 ;-21.451374 ;
54.100000 ;-26.136829 ;-21.435220 ;
54.200000 ;-26.170321 ;-21.419645 ;
54.300000 ;-26.172945 ;-21.401513 ;
54.400000 ;-26.179360 ;-21.384078 ;
54.500000 ;-26.214586 ;-21.369684 ;
54.600000 ;-26.249753 ;-21.355616 ;
54.700000 ;-26.247646 ;-21.338377 ;
54.800000 ;-26.259286 ;-21.322752 ;
54.900000 ;-26.292858 ;-21.309504 ;
55.000000 ;-26.306944 ;-21.294743 ;
55.100000 ;-26.313214 ;-21.279561 ;
55.200000 ;-26.334530 ;-21.266095 ;
55.300000 ;-26.354246 ;-21.252780 ;
55.400000 ;-26.360922 ;-21.238543 ;
55.500000 ;-26.375934 ;-21.225378 ;
55.600000 ;-26.398434 ;-21.213203 ;
55.700000 ;-26.408140 ;-21.200115 ;
55.800000 ;-26.413182 ;-21.186870 ;
55.900000 ;-26.432040 ;-21.175192 ;
56.000000 ;-26.457819 ;-21.164430 ;
56.100000 ;-26.462083 ;-21.151925 ;
56.200000 ;-26.458933 ;-21.138990 ;
56.300000 ;-26.480333 ;-21.128604 ;
56.400000 ;-26.515368 ;-21.119742 ;
56.500000 ;-26.517208 ;-21.108030 ;
56.600000 ;-26.510075 ;-21.095725 ;
56.700000 ;-26.533382 ;-21.086500 ;
56.800000 ;-26.563683 ;-21.078162 ;
56.900000 ;-26.558694 ;-21.066764 ;
57.000000 ;-26.564337 ;-21.056583 ;
57.100000 ;-26.586443 ;-21.048158 ;
57.200000 ;-26.592716 ;-21.038477 ;
57.300000 ;-26.596181 ;-21.028748 ;
57.400000 ;-26.611145 ;-21.020300 ;
57.500000 ;-26.623588 ;-21.011823 ;
57.600000 ;-26.624427 ;-21.002468 ;
57.700000 ;-26.633274 ;-20.994057 ;
57.800000 ;-26.651470 ;-20.986709 ;
57.900000 ;-26.659217 ;-20.978580 ;
58.000000 ;-26.653124 ;-20.969351 ;
58.100000 ;-26.662560 ;-20.961749 ;
58.200000 ;-26.688920 ;-20.955899 ;
58.300000 ;-26.700246 ;-20.948827 ;
58.400000 ;-26.683847 ;-20.939353 ;
58.500000 ;-26.690327 ;-20.932173 ;
58.600000 ;-26.724372 ;-20.927719 ;
58.700000 ;-26.733748 ;-20.921134 ;
58.800000 ;-26.720383 ;-20.912597 ;
58.900000 ;-26.732260 ;-20.906560 ;
59.000000 ;-26.754118 ;-20.901601 ;
59.100000 ;-26.749144 ;-20.894301 ;
59.200000 ;-26.752169 ;-20.887888 ;
59.300000 ;-26.766487 ;-20.882667 ;
59.400000 ;-26.768747 ;-20.876467 ;
59.500000 ;-26.769398 ;-20.870255 ;
59.600000 ;-26.780100 ;-20.865109 ;
59.700000 ;-26.790639 ;-20.860079 ;
59.800000 ;-26.786199 ;-20.853790 ;
59.900000 ;-26.787630 ;-20.848171 ;
60.000000 ;-26.803630 ;-20.844025 ;
60.100000 ;-26.817964 ;-20.839846 ;
60.200000 ;-26.804864 ;-20.833243 ;
60.300000 ;-26.798735 ;-20.827402 ;
60.400000 ;-26.821977 ;-20.824395 ;
60.500000 ;-26.848642 ;-20.821815 ;
60.600000 ;-26.831878 ;-20.815321 ;
60.700000 ;-26.822845 ;-20.809650 ;
60.800000 ;-26.847361 ;-20.807189 ;
60.900000 ;-26.861578 ;-20.803877 ;
61.000000 ;-26.849067 ;-20.798188 ;
61.100000 ;-26.854324 ;-20.794242 ;
61.200000 ;-26.867665 ;-20.791139 ;
61.300000 ;-26.863208 ;-20.786482 ;
61.400000 ;-26.864849 ;-20.782480 ;
61.500000 ;-26.875051 ;-20.779359 ;
61.600000 ;-26.875805 ;-20.775451 ;
61.700000 ;-26.872634 ;-20.771266 ;
61.800000 ;-26.879921 ;-20.768131 ;
61.900000 ;-26.892175 ;-20.765536 ;
62.000000 ;-26.887336 ;-20.761442 ;
62.100000 ;-26.877112 ;-20.756928 ;
62.200000 ;-26.887611 ;-20.754406 ;
62.300000 ;-26.911624 ;-20.753208 ;
62.400000 ;-26.909456 ;-20.749662 ;
62.500000 ;-26.886326 ;-20.744252 ;
62.600000 ;-26.895352 ;-20.741884 ;
62.700000 ;-26.929316 ;-20.741889 ;
62.800000 ;-26.924873 ;-20.738410 ;
62.900000 ;-26.909207 ;-20.733960 ;
63.000000 ;-26.921734 ;-20.732180 ;
63.100000 ;-26.932850 ;-20.730332 ;
63.200000 ;-26.923824 ;-20.726683 ;
63.300000 ;-26.926644 ;-20.724189 ;
63.400000 ;-26.935001 ;-20.722264 ;
63.500000 ;-26.930647 ;-20.719223 ;
63.600000 ;-26.930595 ;-20.716635 ;
63.700000 ;-26.938994 ;-20.714882 ;
63.800000 ;-26.941441 ;-20.712633 ;
63.900000 ;-26.932597 ;-20.709394 ;
64.000000 ;-26.934341 ;-20.707185 ;
64.100000 ;-26.949421 ;-20.706256 ;
64.200000 ;-26.956400 ;-20.704628 ;
64.300000 ;-26.935036 ;-20.700432 ;
64.400000 ;-26.929313 ;-20.697727 ;
64.500000 ;-26.955812 ;-20.698043 ;
64.600000 ;-26.978190 ;-20.698022 ;
64.700000 ;-26.952556 ;-20.693613 ;
64.800000 ;-26.943885 ;-20.690813 ;
64.900000 ;-26.969734 ;-20.691243 ;
65.000000 ;-26.974390 ;-20.689757 ;
65.100000 ;-26.960873 ;-20.686633 ;
65.200000 ;-26.966421 ;-20.685307 ;
65.300000 ;-26.972475 ;-20.684067 ;
65.400000 ;-26.966057 ;-20.681713 ;
65.500000 ;-26.967897 ;-20.680158 ;
65.600000 ;-26.974642 ;-20.679090 ;
65.700000 ;-26.970112 ;-20.677018 ;
65.800000 ;-26.966810 ;-20.675093 ;
65.900000 ;-26.973997 ;-20.674170 ;
66.000000 ;-26.982396 ;-20.673390 ;
66.100000 ;-26.970779 ;-20.670797 ;
66.200000 ;-26.959959 ;-20.668309 ;
66.300000 ;-26.972772 ;-20.668032 ;
66.400000 ;-26.996451 ;-20.668786 ;
66.500000 ;-26.986609 ;-20.666477 ;
66.600000 ;-26.959998 ;-20.662652 ;
66.700000 ;-26.971990 ;-20.662416 ;
66.800000 ;-27.007417 ;-20.664369 ;
66.900000 ;-26.995734 ;-20.662002 ;
67.000000 ;-26.979921 ;-20.659280 ;
67.100000 ;-26.992939 ;-20.659244 ;
67.200000 ;-26.997169 ;-20.658422 ;
67.300000 ;-26.988181 ;-20.656405 ;
67.400000 ;-26.991344 ;-20.655533 ;
67.500000 ;-26.995098 ;-20.654738 ;
67.600000 ;-26.989371 ;-20.653092 ;
67.700000 ;-26.989956 ;-20.652050 ;
67.800000 ;-26.996916 ;-20.651618 ;
67.900000 ;-26.994499 ;-20.650343 ;
68.000000 ;-26.984666 ;-20.648406 ;
68.100000 ;-26.987793 ;-20.647683 ;
68.200000 ;-27.002847 ;-20.648080 ;
68.300000 ;-27.005129 ;-20.647319 ;
68.400000 ;-26.979066 ;-20.643965 ;
68.500000 ;-26.974585 ;-20.642620 ;
68.600000 ;-27.004939 ;-20.644504 ;
68.700000 ;-27.025756 ;-20.645526 ;
68.800000 ;-26.995057 ;-20.641816 ;
68.900000 ;-26.987065 ;-20.640218 ;
69.000000 ;-27.014255 ;-20.641882 ;
69.100000 ;-27.013439 ;-20.640978 ;
69.200000 ;-27.000508 ;-20.638974 ;
69.300000 ;-27.006265 ;-20.638707 ;
69.400000 ;-27.007792 ;-20.638066 ;
69.500000 ;-27.001679 ;-20.636736 ;
69.600000 ;-27.004045 ;-20.636201 ;
69.700000 ;-27.008195 ;-20.635845 ;
69.800000 ;-27.001686 ;-20.634521 ;
69.900000 ;-26.999280 ;-20.633589 ;
70.000000 ;-27.006727 ;-20.633578 ;
70.100000 ;-27.012517 ;-20.633428 ;
70.200000 ;-26.996927 ;-20.631321 ;
70.300000 ;-26.986645 ;-20.629715 ;
70.400000 ;-27.002005 ;-20.630485 ;
70.500000 ;-27.026270 ;-20.632086 ;
70.600000 ;-27.011588 ;-20.630110 ;
70.700000 ;-26.982640 ;-20.626833 ;
70.800000 ;-26.997453 ;-20.627601 ;
70.900000 ;-27.034970 ;-20.630471 ;
71.000000 ;-27.019049 ;-20.628426 ;
71.100000 ;-27.003613 ;-20.626436 ;
71.200000 ;-27.016892 ;-20.627104 ;
71.300000 ;-27.016989 ;-20.626566 ;
71.400000 ;-27.008890 ;-20.625283 ;
71.500000 ;-27.012333 ;-20.625072 ;
71.600000 ;-27.013193 ;-20.624633 ;
71.700000 ;-27.007610 ;-20.623610 ;
71.800000 ;-27.008983 ;-20.623236 ;
71.900000 ;-27.014908 ;-20.623291 ;
72.000000 ;-27.009550 ;-20.622314 ;
72.100000 ;-26.999912 ;-20.620953 ;
72.200000 ;-27.004545 ;-20.620913 ;
72.300000 ;-27.019826 ;-20.621863 ;
72.400000 ;-27.018829 ;-20.621321 ;
72.500000 ;-26.989690 ;-20.618195 ;
72.600000 ;-26.986680 ;-20.617485 ;
72.700000 ;-27.020758 ;-20.620198 ;
72.800000 ;-27.041107 ;-20.621652 ;
72.900000 ;-27.007025 ;-20.618099 ;
73.000000 ;-26.999745 ;-20.617023 ;
73.100000 ;-27.028116 ;-20.619241 ;
73.200000 ;-27.023910 ;-20.618462 ;
73.300000 ;-27.011858 ;-20.616966 ;
73.400000 ;-27.017669 ;-20.617121 ;
73.500000 ;-27.016565 ;-20.616646 ;
73.600000 ;-27.011197 ;-20.615784 ;
73.700000 ;-27.013992 ;-20.615680 ;
73.800000 ;-27.016226 ;-20.615530 ;
73.900000 ;-27.009201 ;-20.614533 ;
74.000000 ;-27.007807 ;-20.614060 ;
74.100000 ;-27.015514 ;-20.614430 ;
74.200000 ;-27.019390 ;-20.614453 ;
74.300000 ;-27.001300 ;-20.612459 ;
74.400000 ;-26.991993 ;-20.611279 ;
74.500000 ;-27.009681 ;-20.612590 ;
74.600000 ;-27.034582 ;-20.614569 ;
74.700000 ;-27.016355 ;-20.612581 ;
74.800000 ;-26.985912 ;-20.609475 ;
74.900000 ;-27.003344 ;-20.610783 ;
75.000000 ;-27.042765 ;-20.614122 ;
75.100000 ;-27.023944 ;-20.612097 ;
75.200000 ;-27.009025 ;-20.610437 ;
75.300000 ;-27.022467 ;-20.611394 ;
75.400000 ;-27.020020 ;-20.610892 ;
75.500000 ;-27.012828 ;-20.609955 ;
75.600000 ;-27.016423 ;-20.610017 ;
75.700000 ;-27.015558 ;-20.609671 ;
75.800000 ;-27.010463 ;-20.608939 ;
75.900000 ;-27.012479 ;-20.608866 ;
76.000000 ;-27.017610 ;-20.609083 ;
76.100000 ;-27.010418 ;-20.608170 ;
76.200000 ;-27.001388 ;-20.607090 ;
76.300000 ;-27.007350 ;-20.607395 ;
76.400000 ;-27.022785 ;-20.608574 ;
76.500000 ;-27.019157 ;-20.608002 ;
76.600000 ;-26.988061 ;-20.604905 ;
76.700000 ;-26.986729 ;-20.604552 ;
76.800000 ;-27.023954 ;-20.607753 ;
76.900000 ;-27.043704 ;-20.609346 ;
77.000000 ;-27.007251 ;-20.605766 ;
77.100000 ;-27.000872 ;-20.604960 ;
77.200000 ;-27.030239 ;-20.607451 ;
77.300000 ;-27.023680 ;-20.606634 ;
77.400000 ;-27.012431 ;-20.605387 ;
77.500000 ;-27.018241 ;-20.605714 ;
77.600000 ;-27.015602 ;-20.605265 ;
77.700000 ;-27.010928 ;-20.604631 ;
77.800000 ;-27.014017 ;-20.604714 ;
77.900000 ;-27.014927 ;-20.604599 ;
78.000000 ;-27.007899 ;-20.603755 ;
78.100000 ;-27.007382 ;-20.603514 ;
78.200000 ;-27.015263 ;-20.604047 ;
78.300000 ;-27.017543 ;-20.604068 ;
78.400000 ;-26.997947 ;-20.602077 ;
78.500000 ;-26.989857 ;-20.601147 ;
78.600000 ;-27.009482 ;-20.602772 ;
78.700000 ;-27.034580 ;-20.604902 ;
78.800000 ;-27.020790 ;-20.603453 ;
78.900000 ;-27.008947 ;-20.602185 ;
79.000000 ;-27.017853 ;-20.602831 ;
79.100000 ;-27.016222 ;-20.602509 ;
79.200000 ;-27.010569 ;-20.601817 ;
79.300000 ;-27.013296 ;-20.601899 ;
79.400000 ;-27.013236 ;-20.601727 ;
79.500000 ;-27.007554 ;-20.601038 ;
79.600000 ;-27.008339 ;-20.600947 ;
79.700000 ;-27.014743 ;-20.601374 ;
79.800000 ;-27.014165 ;-20.601161 ;
79.900000 ;-27.012033 ;-20.600806 ;
80.000000 ;-27.011699 ;-20.600618 ;
