0.000000 ;-27.500000 ;-20.600000 ;
0.100000 ;-28.364956 ;-20.410007 ;
0.200000 ;-28.846985 ;-20.250781 ;
0.300000 ;-29.121480 ;-20.124047 ;
0.400000 ;-29.296745 ;-20.028028 ;
0.500000 ;-29.400972 ;-19.956088 ;
0.600000 ;-29.467964 ;-19.904015 ;
0.700000 ;-29.498692 ;-19.866426 ;
0.800000 ;-29.510955 ;-19.840472 ;
0.900000 ;-29.510533 ;-19.823300 ;
1.000000 ;-29.492950 ;-19.812205 ;
1.100000 ;-29.465198 ;-19.805783 ;
1.200000 ;-29.442403 ;-19.803628 ;
1.300000 ;-29.415786 ;-19.804029 ;
1.400000 ;-29.372962 ;-19.805291 ;
1.500000 ;-29.319607 ;-19.807261 ;
1.600000 ;-29.279087 ;-19.811301 ;
1.700000 ;-29.252235 ;-19.817156 ;
1.800000 ;-29.210848 ;-19.822234 ;
1.900000 ;-29.159536 ;-19.826775 ;
2.000000 ;-29.126958 ;-19.833163 ;
2.100000 ;-29.095311 ;-19.839762 ;
2.200000 ;-29.051735 ;-19.845400 ;
2.300000 ;-29.011146 ;-19.851353 ;
2.400000 ;-28.986940 ;-19.858776 ;
2.500000 ;-28.955141 ;-19.865554 ;
2.600000 ;-28.910746 ;-19.871245 ;
2.700000 ;-28.874986 ;-19.877715 ;
2.800000 ;-28.862157 ;-19.886224 ;
2.900000 ;-28.835707 ;-19.893556 ;
3.000000 ;-28.786994 ;-19.898949 ;
3.100000 ;-28.748768 ;-19.905291 ;
3.200000 ;-28.745710 ;-19.914761 ;
3.300000 ;-28.724343 ;-19.922642 ;
3.400000 ;-28.674847 ;-19.928068 ;
3.500000 ;-28.646408 ;-19.935373 ;
3.600000 ;-28.640613 ;-19.944693 ;
3.700000 ;-28.613378 ;-19.952138 ;
3.800000 ;-28.577356 ;-19.958820 ;
3.900000 ;-28.565728 ;-19.967659 ;
4.000000 ;-28.547855 ;-19.975948 ;
4.100000 ;-28.518397 ;-19.983210 ;
4.200000 ;-28.499965 ;-19.991434 ;
4.300000 ;-28.487770 ;-20.000191 ;
4.400000 ;-28.464401 ;-20.007939 ;
4.500000 ;-28.436364 ;-20.015246 ;
4.600000 ;-28.426588 ;-20.024130 ;
4.700000 ;-28.418536 ;-20.033126 ;
4.800000 ;-28.391940 ;-20.040436 ;
4.900000 ;-28.358161 ;-20.047060 ;
5.000000 ;-28.353374 ;-20.056188 ;
5.100000 ;-28.355456 ;-20.065860 ;
5.200000 ;-28.326984 ;-20.072766 ;
5.300000 ;-28.285052 ;-20.078411 ;
5.400000 ;-28.284120 ;-20.087601 ;
5.500000 ;-28.284563 ;-20.096833 ;
5.600000 ;-28.255178 ;-20.103346 ;
5.700000 ;-28.230494 ;-20.110187 ;
5.800000 ;-28.230810 ;-20.119148 ;
5.900000 ;-28.216668 ;-20.126737 ;
6.000000 ;-28.193691 ;-20.133448 ;
6.100000 ;-28.187855 ;-20.141578 ;
6.200000 ;-28.178502 ;-20.149297 ;
6.300000 ;-28.158701 ;-20.155988 ;
6.400000 ;-28.145378 ;-20.163150 ;
6.500000 ;-28.143326 ;-20.171205 ;
6.600000 ;-28.130565 ;-20.178205 ;
6.700000 ;-28.106560 ;-20.184101 ;
6.800000 ;-28.095286 ;-20.191018 ;
6.900000 ;-28.103415 ;-20.199545 ;
7.000000 ;-28.092281 ;-20.206256 ;
7.100000 ;-28.058084 ;-20.210814 ;
7.200000 ;-28.040999 ;-20.216779 ;
7.300000 ;-28.057181 ;-20.225581 ;
7.400000 ;-28.048011 ;-20.232028 ;
7.500000 ;-28.011110 ;-20.235909 ;
7.600000 ;-28.004593 ;-20.242372 ;
7.700000 ;-28.010786 ;-20.249853 ;
7.800000 ;-27.993920 ;-20.255181 ;
7.900000 ;-27.977803 ;-20.260468 ;
8.000000 ;-27.978996 ;-20.267183 ;
8.100000 ;-27.969794 ;-20.272870 ;
8.200000 ;-27.954115 ;-20.277875 ;
8.300000 ;-27.952108 ;-20.283990 ;
8.400000 ;-27.948206 ;-20.289833 ;
8.500000 ;-27.933337 ;-20.294598 ;
8.600000 ;-27.920066 ;-20.299404 ;
8.700000 ;-27.925651 ;-20.305784 ;
8.800000 ;-27.923868 ;-20.311410 ;
8.900000 ;-27.902324 ;-20.315182 ;
9.000000 ;-27.880944 ;-20.318871 ;
9.100000 ;-27.894645 ;-20.325580 ;
9.200000 ;-27.902436 ;-20.331670 ;
9.300000 ;-27.874598 ;-20.334501 ;
9.400000 ;-27.843910 ;-20.336986 ;
9.500000 ;-27.860439 ;-20.343573 ;
9.600000 ;-27.863200 ;-20.348848 ;
9.700000 ;-27.837769 ;-20.351529 ;
9.800000 ;-27.830972 ;-20.355778 ;
9.900000 ;-27.827967 ;-20.414721 ;
10.000000 ;-27.774736 ;-20.731598 ;
10.100000 ;-27.627635 ;-21.155792 ;
10.200000 ;-27.384630 ;-21.586105 ;
10.300000 ;-27.059410 ;-21.982262 ;
10.400000 ;-26.676325 ;-22.330863 ;
10.500000 ;-26.260175 ;-22.629010 ;
10.600000 ;-25.830466 ;-22.878158 ;
10.700000 ;-25.407940 ;-23.082447 ;
10.800000 ;-24.996985 ;-23.245852 ;
10.900000 ;-24.614484 ;-23.374184 ;
11.000000 ;-24.270180 ;-23.472833 ;
11.100000 ;-23.936954 ;-23.544068 ;
11.200000 ;-23.647044 ;-23.594964 ;
11.300000 ;-23.409552 ;-23.630196 ;
11.400000 ;-23.171144 ;-23.648920 ;
11.500000 ;-22.962353 ;-23.656867 ;
11.600000 ;-22.800782 ;-23.658118 ;
11.700000 ;-22.638581 ;-23.651007 ;
11.800000 ;-22.497825 ;-23.639284 ;
11.900000 ;-22.388441 ;-23.625272 ;
12.000000 ;-22.277645 ;-23.607599 ;
12.100000 ;-22.184289 ;-23.588817 ;
12.200000 ;-22.113497 ;-23.570110 ;
12.300000 ;-22.037426 ;-23.549907 ;
12.400000 ;-21.971984 ;-23.529990 ;
12.500000 ;-21.928535 ;-23.511614 ;
12.600000 ;-21.879523 ;-23.492863 ;
12.700000 ;-21.827602 ;-23.474185 ;
12.800000 ;-21.799272 ;-23.457858 ;
12.900000 ;-21.775274 ;-23.442420 ;
13.000000 ;-21.732439 ;-23.426072 ;
13.100000 ;-21.708107 ;-23.411905 ;
13.200000 ;-21.699364 ;-23.399692 ;
13.300000 ;-21.669203 ;-23.386414 ;
13.400000 ;-21.646239 ;-23.374416 ;
13.500000 ;-21.641799 ;-23.364606 ;
13.600000 ;-21.623339 ;-23.354294 ;
13.700000 ;-21.602950 ;-23.344451 ;
13.800000 ;-21.599554 ;-23.336597 ;
13.900000 ;-21.590031 ;-23.328807 ;
14.000000 ;-21.570964 ;-23.320774 ;
14.100000 ;-21.567438 ;-23.314519 ;
14.200000 ;-21.567290 ;-23.309014 ;
14.300000 ;-21.548548 ;-23.302434 ;
14.400000 ;-21.541352 ;-23.297217 ;
14.500000 ;-21.548350 ;-23.293550 ;
14.600000 ;-21.536677 ;-23.288717 ;
14.700000 ;-21.522416 ;-23.284011 ;
14.800000 ;-21.529093 ;-23.281333 ;
14.900000 ;-21.530216 ;-23.278491 ;
15.000000 ;-21.512872 ;-23.274407 ;
15.100000 ;-21.513545 ;-23.272048 ;
15.200000 ;-21.521637 ;-23.270527 ;
15.300000 ;-21.507346 ;-23.267388 ;
15.400000 ;-21.503446 ;-23.265297 ;
15.500000 ;-21.511761 ;-23.264387 ;
15.600000 ;-21.502394 ;-23.262199 ;
15.700000 ;-21.495677 ;-23.260382 ;
15.800000 ;-21.503186 ;-23.259871 ;
15.900000 ;-21.499826 ;-23.258601 ;
16.000000 ;-21.489058 ;-23.256847 ;
16.100000 ;-21.494426 ;-23.256522 ;
16.200000 ;-21.500793 ;-23.256380 ;
16.300000 ;-21.486487 ;-23.254641 ;
16.400000 ;-21.485067 ;-23.254041 ;
16.500000 ;-21.498395 ;-23.254724 ;
16.600000 ;-21.490321 ;-23.253729 ;
16.700000 ;-21.480277 ;-23.252638 ;
16.800000 ;-21.491253 ;-23.253325 ;
16.900000 ;-21.493634 ;-23.253363 ;
17.000000 ;-21.480912 ;-23.252217 ;
17.100000 ;-21.485757 ;-23.252551 ;
17.200000 ;-21.492925 ;-23.253117 ;
17.300000 ;-21.481666 ;-23.252214 ;
17.400000 ;-21.482337 ;-23.252319 ;
17.500000 ;-21.491193 ;-23.253123 ;
17.600000 ;-21.482133 ;-23.252493 ;
17.700000 ;-21.478748 ;-23.252350 ;
17.800000 ;-21.488731 ;-23.253322 ;
17.900000 ;-21.485452 ;-23.253232 ;
18.000000 ;-21.475441 ;-23.252610 ;
18.100000 ;-21.483391 ;-23.253472 ;
18.200000 ;-21.491991 ;-23.254401 ;
18.300000 ;-21.477492 ;-23.253458 ;
18.400000 ;-21.477170 ;-23.253684 ;
18.500000 ;-21.492387 ;-23.255190 ;
18.600000 ;-21.484378 ;-23.254809 ;
18.700000 ;-21.476419 ;-23.254439 ;
18.800000 ;-21.488137 ;-23.255685 ;
18.900000 ;-21.488037 ;-23.255971 ;
19.000000 ;-21.478489 ;-23.255492 ;
19.100000 ;-21.485184 ;-23.256344 ;
19.200000 ;-21.489158 ;-23.256978 ;
19.300000 ;-21.479549 ;-23.256507 ;
19.400000 ;-21.482728 ;-23.257083 ;
19.500000 ;-21.491026 ;-23.258079 ;
19.600000 ;-21.481062 ;-23.257587 ;
19.700000 ;-21.478965 ;-23.257738 ;
19.800000 ;-21.490819 ;-23.259030 ;
19.900000 ;-21.487317 ;-23.259070 ;
20.000000 ;-21.476334 ;-23.258499 ;
20.100000 ;-21.485741 ;-23.259594 ;
20.200000 ;-21.495863 ;-23.260748 ;
20.300000 ;-21.480957 ;-23.259858 ;
20.400000 ;-21.481395 ;-23.260221 ;
20.500000 ;-21.496367 ;-23.261770 ;
20.600000 ;-21.487382 ;-23.261363 ;
20.700000 ;-21.482230 ;-23.261269 ;
20.800000 ;-21.493425 ;-23.262508 ;
20.900000 ;-21.490072 ;-23.262559 ;
21.000000 ;-21.483532 ;-23.262349 ;
21.100000 ;-21.491373 ;-23.263312 ;
21.200000 ;-21.492470 ;-23.263723 ;
21.300000 ;-21.483627 ;-23.263322 ;
21.400000 ;-21.488621 ;-23.264049 ;
21.500000 ;-21.497062 ;-23.265057 ;
21.600000 ;-21.485589 ;-23.264438 ;
21.700000 ;-21.483638 ;-23.264595 ;
21.800000 ;-21.497714 ;-23.266060 ;
21.900000 ;-21.494441 ;-23.266106 ;
22.000000 ;-21.482227 ;-23.265422 ;
22.100000 ;-21.492488 ;-23.266571 ;
22.200000 ;-21.502532 ;-23.267702 ;
22.300000 ;-21.488182 ;-23.266839 ;
22.400000 ;-21.490076 ;-23.267302 ;
22.500000 ;-21.502535 ;-23.268626 ;
22.600000 ;-21.492714 ;-23.268130 ;
22.700000 ;-21.490836 ;-23.268280 ;
22.800000 ;-21.500713 ;-23.269390 ;
22.900000 ;-21.494778 ;-23.269207 ;
23.000000 ;-21.490637 ;-23.269169 ;
23.100000 ;-21.499430 ;-23.270187 ;
23.200000 ;-21.498571 ;-23.270415 ;
23.300000 ;-21.489304 ;-23.269955 ;
23.400000 ;-21.495805 ;-23.270782 ;
23.500000 ;-21.505743 ;-23.271888 ;
23.600000 ;-21.492484 ;-23.271098 ;
23.700000 ;-21.489794 ;-23.271171 ;
23.800000 ;-21.506077 ;-23.272793 ;
23.900000 ;-21.503052 ;-23.272836 ;
24.000000 ;-21.490742 ;-23.272120 ;
24.100000 ;-21.501379 ;-23.273277 ;
24.200000 ;-21.508468 ;-23.274143 ;
24.300000 ;-21.496237 ;-23.273431 ;
24.400000 ;-21.500154 ;-23.274035 ;
24.500000 ;-21.508196 ;-23.274976 ;
24.600000 ;-21.498848 ;-23.274496 ;
24.700000 ;-21.499871 ;-23.274862 ;
24.800000 ;-21.508300 ;-23.275831 ;
24.900000 ;-21.500547 ;-23.275478 ;
25.000000 ;-21.497813 ;-23.275534 ;
25.100000 ;-21.507983 ;-23.276642 ;
25.200000 ;-21.506292 ;-23.276782 ;
25.300000 ;-21.495173 ;-23.276150 ;
25.400000 ;-21.502866 ;-23.277054 ;
25.500000 ;-21.515594 ;-23.278368 ;
25.600000 ;-21.500972 ;-23.277447 ;
25.700000 ;-21.497387 ;-23.277427 ;
25.800000 ;-21.514760 ;-23.279118 ;
25.900000 ;-21.510795 ;-23.279066 ;
26.000000 ;-21.500555 ;-23.278499 ;
26.100000 ;-21.511105 ;-23.279631 ;
26.200000 ;-21.513099 ;-23.280062 ;
26.300000 ;-21.504225 ;-23.279605 ;
26.400000 ;-21.509926 ;-23.280337 ;
26.500000 ;-21.513480 ;-23.280894 ;
26.600000 ;-21.505222 ;-23.280484 ;
26.700000 ;-21.508418 ;-23.281010 ;
26.800000 ;-21.516217 ;-23.281910 ;
26.900000 ;-21.506636 ;-23.281390 ;
27.000000 ;-21.504072 ;-23.281443 ;
27.100000 ;-21.516526 ;-23.282721 ;
27.200000 ;-21.515531 ;-23.282900 ;
27.300000 ;-21.501499 ;-23.282013 ;
27.400000 ;-21.509729 ;-23.282945 ;
27.500000 ;-21.525269 ;-23.284473 ;
27.600000 ;-21.510167 ;-23.283496 ;
27.700000 ;-21.506908 ;-23.283486 ;
27.800000 ;-21.523104 ;-23.285066 ;
27.900000 ;-21.516694 ;-23.284798 ;
28.000000 ;-21.510422 ;-23.284539 ;
28.100000 ;-21.520142 ;-23.285587 ;
28.200000 ;-21.517463 ;-23.285621 ;
28.300000 ;-21.511921 ;-23.285420 ;
28.400000 ;-21.518808 ;-23.286234 ;
28.500000 ;-21.519327 ;-23.286527 ;
28.600000 ;-21.511169 ;-23.286111 ;
28.700000 ;-21.516027 ;-23.286756 ;
28.800000 ;-21.524906 ;-23.287730 ;
28.900000 ;-21.513115 ;-23.287014 ;
29.000000 ;-21.509134 ;-23.286936 ;
29.100000 ;-21.524622 ;-23.288448 ;
29.200000 ;-21.525882 ;-23.288797 ;
29.300000 ;-21.509401 ;-23.287694 ;
29.400000 ;-21.517483 ;-23.288599 ;
29.500000 ;-21.533169 ;-23.290125 ;
29.600000 ;-21.518553 ;-23.289174 ;
29.700000 ;-21.517607 ;-23.289338 ;
29.800000 ;-21.529967 ;-23.290590 ;
29.900000 ;-21.521609 ;-23.290148 ;
30.000000 ;-21.519586 ;-23.290222 ;
30.100000 ;-21.527772 ;-23.291130 ;
30.200000 ;-21.522228 ;-23.290916 ;
30.300000 ;-21.518952 ;-23.290886 ;
30.400000 ;-21.526968 ;-23.291778 ;
30.500000 ;-21.525962 ;-23.291933 ;
30.600000 ;-21.516090 ;-23.291362 ;
30.700000 ;-21.522229 ;-23.292098 ;
30.800000 ;-21.534493 ;-23.293335 ;
30.900000 ;-21.521009 ;-23.292467 ;
31.000000 ;-21.514086 ;-23.292134 ;
31.100000 ;-21.532120 ;-23.293841 ;
31.200000 ;-21.535422 ;-23.294343 ;
31.300000 ;-21.518987 ;-23.293231 ;
31.400000 ;-21.526959 ;-23.294113 ;
31.500000 ;-21.537634 ;-23.295216 ;
31.600000 ;-21.525540 ;-23.294457 ;
31.700000 ;-21.527774 ;-23.294867 ;
31.800000 ;-21.534544 ;-23.295649 ;
31.900000 ;-21.526626 ;-23.295229 ;
32.000000 ;-21.527767 ;-23.295548 ;
32.100000 ;-21.534624 ;-23.296335 ;
32.200000 ;-21.527144 ;-23.295948 ;
32.300000 ;-21.524663 ;-23.295970 ;
32.400000 ;-21.534640 ;-23.297009 ;
32.500000 ;-21.534099 ;-23.297188 ;
32.600000 ;-21.520276 ;-23.296281 ;
32.700000 ;-21.526722 ;-23.297030 ;
32.800000 ;-21.544307 ;-23.298689 ;
32.900000 ;-21.530852 ;-23.297809 ;
33.000000 ;-21.521288 ;-23.297247 ;
33.100000 ;-21.539699 ;-23.298973 ;
33.200000 ;-21.541540 ;-23.299343 ;
33.300000 ;-21.528655 ;-23.298507 ;
33.400000 ;-21.536785 ;-23.299389 ;
33.500000 ;-21.539710 ;-23.299845 ;
33.600000 ;-21.531872 ;-23.299421 ;
33.700000 ;-21.536423 ;-23.300008 ;
33.800000 ;-21.538617 ;-23.300403 ;
33.900000 ;-21.531638 ;-23.300047 ;
34.000000 ;-21.534823 ;-23.300520 ;
34.100000 ;-21.541804 ;-23.301304 ;
34.200000 ;-21.531982 ;-23.300714 ;
34.300000 ;-21.528282 ;-23.300623 ;
34.400000 ;-21.541506 ;-23.301915 ;
34.500000 ;-21.544661 ;-23.302384 ;
34.600000 ;-21.525839 ;-23.301054 ;
34.700000 ;-21.530746 ;-23.301665 ;
34.800000 ;-21.552977 ;-23.303692 ;
34.900000 ;-21.540454 ;-23.302877 ;
35.000000 ;-21.531488 ;-23.302351 ;
35.100000 ;-21.547440 ;-23.303862 ;
35.200000 ;-21.544257 ;-23.303809 ;
35.300000 ;-21.537189 ;-23.303437 ;
35.400000 ;-21.544792 ;-23.304263 ;
35.500000 ;-21.542261 ;-23.304261 ;
35.600000 ;-21.537938 ;-23.304112 ;
35.700000 ;-21.543777 ;-23.304792 ;
35.800000 ;-21.543482 ;-23.304970 ;
35.900000 ;-21.535724 ;-23.304538 ;
36.000000 ;-21.540351 ;-23.305118 ;
36.100000 ;-21.550011 ;-23.306108 ;
36.200000 ;-21.537947 ;-23.305322 ;
36.300000 ;-21.529962 ;-23.304869 ;
36.400000 ;-21.546745 ;-23.306440 ;
36.500000 ;-21.556631 ;-23.307448 ;
36.600000 ;-21.534889 ;-23.305867 ;
36.700000 ;-21.537531 ;-23.306281 ;
36.800000 ;-21.559338 ;-23.308262 ;
36.900000 ;-21.546831 ;-23.307436 ;
37.000000 ;-21.542227 ;-23.307255 ;
37.100000 ;-21.553288 ;-23.308354 ;
37.200000 ;-21.546534 ;-23.307997 ;
37.300000 ;-21.544588 ;-23.308032 ;
37.400000 ;-21.550867 ;-23.308738 ;
37.500000 ;-21.545721 ;-23.308510 ;
37.600000 ;-21.543197 ;-23.308496 ;
37.700000 ;-21.550421 ;-23.309278 ;
37.800000 ;-21.549580 ;-23.309400 ;
37.900000 ;-21.538192 ;-23.308659 ;
38.000000 ;-21.543335 ;-23.309269 ;
38.100000 ;-21.558948 ;-23.310735 ;
38.200000 ;-21.547641 ;-23.309999 ;
38.300000 ;-21.532887 ;-23.308980 ;
38.400000 ;-21.550959 ;-23.310647 ;
38.500000 ;-21.566170 ;-23.312079 ;
38.600000 ;-21.545348 ;-23.310562 ;
38.700000 ;-21.547843 ;-23.310952 ;
38.800000 ;-21.562054 ;-23.312301 ;
38.900000 ;-21.550743 ;-23.311561 ;
39.000000 ;-21.551123 ;-23.311776 ;
39.100000 ;-21.556300 ;-23.312383 ;
39.200000 ;-21.549868 ;-23.312040 ;
39.300000 ;-21.550999 ;-23.312315 ;
39.400000 ;-21.556480 ;-23.312945 ;
39.500000 ;-21.549277 ;-23.312538 ;
39.600000 ;-21.546526 ;-23.312494 ;
39.700000 ;-21.556353 ;-23.313478 ;
39.800000 ;-21.558538 ;-23.313836 ;
39.900000 ;-21.540544 ;-23.312545 ;
40.000000 ;-21.543281 ;-23.312948 ;
40.100000 ;-21.566922 ;-23.315056 ;
40.200000 ;-21.563902 ;-23.314974 ;
40.300000 ;-21.556958 ;-23.314560 ;
40.400000 ;-21.560006 ;-23.314958 ;
40.500000 ;-21.557945 ;-23.314934 ;
40.600000 ;-21.559006 ;-23.315167 ;
40.700000 ;-21.559917 ;-23.315392 ;
40.800000 ;-21.560576 ;-23.315604 ;
40.900000 ;-21.563101 ;-23.315977 ;
41.000000 ;-21.564912 ;-23.316304 ;
41.100000 ;-21.564826 ;-23.316491 ;
41.200000 ;-21.567866 ;-23.316943 ;
41.300000 ;-21.573580 ;-23.317624 ;
41.400000 ;-21.574592 ;-23.317939 ;
41.500000 ;-21.571552 ;-23.317941 ;
41.600000 ;-21.578352 ;-23.318757 ;
41.700000 ;-21.591434 ;-23.320097 ;
41.800000 ;-21.587678 ;-23.320077 ;
41.900000 ;-21.575382 ;-23.319375 ;
42.000000 ;-21.592612 ;-23.321101 ;
42.100000 ;-21.623937 ;-23.323990 ;
42.200000 ;-21.611575 ;-23.323308 ;
42.300000 ;-21.600999 ;-23.322781 ;
42.400000 ;-21.633680 ;-23.325817 ;
42.500000 ;-21.646439 ;-23.327216 ;
42.600000 ;-21.639509 ;-23.326997 ;
42.700000 ;-21.655898 ;-23.328691 ;
42.800000 ;-21.663745 ;-23.329674 ;
42.900000 ;-21.669896 ;-23.330507 ;
43.000000 ;-21.685440 ;-23.332090 ;
43.100000 ;-21.694058 ;-23.333083 ;
43.200000 ;-21.703575 ;-23.334121 ;
43.300000 ;-21.723042 ;-23.335930 ;
43.400000 ;-21.738756 ;-23.337383 ;
43.500000 ;-21.740880 ;-23.337669 ;
43.600000 ;-21.759302 ;-23.339228 ;
43.700000 ;-21.794785 ;-23.342107 ;
43.800000 ;-21.808893 ;-23.343129 ;
43.900000 ;-21.805117 ;-23.342570 ;
44.000000 ;-21.838412 ;-23.344979 ;
44.100000 ;-21.886264 ;-23.348464 ;
44.200000 ;-21.888553 ;-23.348001 ;
44.300000 ;-21.907639 ;-23.348781 ;
44.400000 ;-21.947447 ;-23.351114 ;
44.500000 ;-21.963574 ;-23.351265 ;
44.600000 ;-21.988799 ;-23.351963 ;
44.700000 ;-22.021608 ;-23.353059 ;
44.800000 ;-22.044291 ;-23.353056 ;
44.900000 ;-22.074674 ;-23.353423 ;
45.000000 ;-22.111770 ;-23.354053 ;
45.100000 ;-22.136731 ;-23.353356 ;
45.200000 ;-22.165015 ;-23.352608 ;
45.300000 ;-22.209852 ;-23.352888 ;
45.400000 ;-22.251329 ;-23.352504 ;
45.500000 ;-22.268318 ;-23.349652 ;
45.600000 ;-22.305101 ;-23.348073 ;
45.700000 ;-22.367538 ;-23.348241 ;
45.800000 ;-22.403281 ;-23.345662 ;
45.900000 ;-22.425741 ;-23.341472 ;
46.000000 ;-22.479717 ;-23.339505 ;
46.100000 ;-22.529992 ;-23.336702 ;
46.200000 ;-22.560237 ;-23.331641 ;
46.300000 ;-22.607927 ;-23.327547 ;
46.400000 ;-22.655591 ;-23.322889 ;
46.500000 ;-22.693737 ;-23.316838 ;
46.600000 ;-22.742718 ;-23.311140 ;
46.700000 ;-22.793267 ;-23.304981 ;
46.800000 ;-22.831992 ;-23.297196 ;
46.900000 ;-22.880238 ;-23.289627 ;
47.000000 ;-22.939062 ;-23.282355 ;
47.100000 ;-22.982768 ;-23.273137 ;
47.200000 ;-23.019176 ;-23.262658 ;
47.300000 ;-23.078726 ;-23.253587 ;
47.400000 ;-23.146439 ;-23.244600 ;
47.500000 ;-23.180660 ;-23.232021 ;
47.600000 ;-23.222600 ;-23.219507 ;
47.700000 ;-23.293305 ;-23.208933 ;
47.800000 ;-23.346795 ;-23.196204 ;
47.900000 ;-23.384691 ;-23.181476 ;
48.000000 ;-23.443635 ;-23.168033 ;
48.100000 ;-23.500341 ;-23.153798 ;
48.200000 ;-23.543531 ;-23.137774 ;
48.300000 ;-23.598670 ;-23.122257 ;
48.400000 ;-23.655765 ;-23.106361 ;
48.500000 ;-23.699870 ;-23.088765 ;
48.600000 ;-23.752196 ;-23.071387 ;
48.700000 ;-23.813321 ;-23.054293 ;
48.800000 ;-23.860111 ;-23.035421 ;
48.900000 ;-23.901897 ;-23.015636 ;
49.000000 ;-23.962104 ;-22.997068 ;
49.100000 ;-24.027700 ;-22.978555 ;
49.200000 ;-24.064066 ;-22.956985 ;
49.300000 ;-24.105382 ;-22.935483 ;
49.400000 ;-24.174407 ;-22.916141 ;
49.500000 ;-24.234431 ;-22.895633 ;
49.600000 ;-24.266154 ;-22.872224 ;
49.700000 ;-24.318577 ;-22.850411 ;
49.800000 ;-24.383274 ;-22.829444 ;
49.900000 ;-24.422013 ;-22.805851 ;
50.000000 ;-24.467808 ;-22.782674 ;
50.100000 ;-24.525370 ;-22.760365 ;
50.200000 ;-24.568761 ;-22.736575 ;
50.300000 ;-24.611754 ;-22.712586 ;
50.400000 ;-24.665838 ;-22.689469 ;
50.500000 ;-24.714751 ;-22.665758 ;
50.600000 ;-24.750802 ;-22.640772 ;
50.700000 ;-24.798338 ;-22.616760 ;
50.800000 ;-24.856753 ;-22.593684 ;
50.900000 ;-24.897436 ;-22.568943 ;
51.000000 ;-24.926300 ;-22.543101 ;
51.100000 ;-24.978158 ;-22.519370 ;
51.200000 ;-25.042515 ;-22.496804 ;
51.300000 ;-25.073541 ;-22.471209 ;
51.400000 ;-25.102504 ;-22.445478 ;
51.500000 ;-25.159732 ;-22.422417 ;
51.600000 ;-25.211148 ;-22.398904 ;
51.700000 ;-25.237056 ;-22.373145 ;
51.800000 ;-25.279314 ;-22.349004 ;
51.900000 ;-25.329686 ;-22.325738 ;
52.000000 ;-25.360399 ;-22.300805 ;
52.100000 ;-25.397302 ;-22.276595 ;
52.200000 ;-25.443762 ;-22.253429 ;
52.300000 ;-25.478135 ;-22.229330 ;
52.400000 ;-25.508776 ;-22.205078 ;
52.500000 ;-25.551572 ;-22.182139 ;
52.600000 ;-25.596310 ;-22.159586 ;
52.700000 ;-25.620127 ;-22.135329 ;
52.800000 ;-25.648340 ;-22.111702 ;
52.900000 ;-25.697041 ;-22.090190 ;
53.000000 ;-25.743986 ;-22.068755 ;
53.100000 ;-25.757831 ;-22.044528 ;
53.200000 ;-25.783935 ;-22.021681 ;
53.300000 ;-25.838375 ;-22.001697 ;
53.400000 ;-25.877338 ;-21.980554 ;
53.500000 ;-25.890348 ;-21.957298 ;
53.600000 ;-25.925240 ;-21.936324 ;
53.700000 ;-25.970460 ;-21.916576 ;
53.800000 ;-25.990041 ;-21.894756 ;
53.900000 ;-26.016894 ;-21.873886 ;
54.000000 ;-26.055007 ;-21.854335 ;
54.100000 ;-26.079853 ;-21.833857 ;
54.200000 ;-26.102818 ;-21.813497 ;
54.300000 ;-26.136765 ;-21.794435 ;
54.400000 ;-26.169100 ;-21.775518 ;
54.500000 ;-26.185138 ;-21.755404 ;
54.600000 ;-26.209398 ;-21.736338 ;
54.700000 ;-26.248486 ;-21.718922 ;
54.800000 ;-26.279400 ;-21.701054 ;
54.900000 ;-26.284868 ;-21.681154 ;
55.000000 ;-26.307082 ;-21.663080 ;
55.100000 ;-26.354512 ;-21.647605 ;
55.200000 ;-26.384687 ;-21.630845 ;
55.300000 ;-26.385447 ;-21.611688 ;
55.400000 ;-26.411245 ;-21.595111 ;
55.500000 ;-26.455871 ;-21.580543 ;
55.600000 ;-26.468306 ;-21.563321 ;
55.700000 ;-26.482219 ;-21.546519 ;
55.800000 ;-26.513750 ;-21.531609 ;
55.900000 ;-26.534251 ;-21.515975 ;
56.000000 ;-26.547982 ;-21.500002 ;
56.100000 ;-26.572857 ;-21.485322 ;
56.200000 ;-26.597818 ;-21.470924 ;
56.300000 ;-26.608933 ;-21.455537 ;
56.400000 ;-26.626908 ;-21.441044 ;
56.500000 ;-26.655964 ;-21.427826 ;
56.600000 ;-26.676397 ;-21.414088 ;
56.700000 ;-26.678626 ;-21.398953 ;
56.800000 ;-26.696301 ;-21.385483 ;
56.900000 ;-26.733927 ;-21.374084 ;
57.000000 ;-26.756786 ;-21.361592 ;
57.100000 ;-26.749145 ;-21.346575 ;
57.200000 ;-26.765627 ;-21.334000 ;
57.300000 ;-26.809304 ;-21.324140 ;
57.400000 ;-26.823244 ;-21.311816 ;
57.500000 ;-26.821854 ;-21.298334 ;
57.600000 ;-26.845815 ;-21.287390 ;
57.700000 ;-26.870499 ;-21.276743 ;
57.800000 ;-26.874340 ;-21.264428 ;
57.900000 ;-26.889486 ;-21.253364 ;
58.000000 ;-26.911332 ;-21.243128 ;
58.100000 ;-26.918877 ;-21.231812 ;
58.200000 ;-26.929830 ;-21.221020 ;
58.300000 ;-26.950693 ;-21.211337 ;
58.400000 ;-26.965811 ;-21.201341 ;
58.500000 ;-26.967096 ;-21.190295 ;
58.600000 ;-26.979759 ;-21.180482 ;
58.700000 ;-27.007075 ;-21.172196 ;
58.800000 ;-27.023418 ;-21.163110 ;
58.900000 ;-27.012779 ;-21.151771 ;
59.000000 ;-27.022037 ;-21.142425 ;
59.100000 ;-27.060201 ;-21.135883 ;
59.200000 ;-27.080423 ;-21.127898 ;
59.300000 ;-27.066003 ;-21.116955 ;
59.400000 ;-27.078301 ;-21.108609 ;
59.500000 ;-27.112393 ;-21.102411 ;
59.600000 ;-27.113352 ;-21.093383 ;
59.700000 ;-27.115468 ;-21.084628 ;
59.800000 ;-27.134684 ;-21.077585 ;
59.900000 ;-27.143296 ;-21.069746 ;
60.000000 ;-27.146791 ;-21.061603 ;
60.100000 ;-27.160629 ;-21.054552 ;
60.200000 ;-27.174071 ;-21.047618 ;
60.300000 ;-27.174837 ;-21.039691 ;
60.400000 ;-27.182414 ;-21.032528 ;
60.500000 ;-27.201116 ;-21.026516 ;
60.600000 ;-27.212892 ;-21.020022 ;
60.700000 ;-27.203649 ;-21.011770 ;
60.800000 ;-27.208643 ;-21.004943 ;
60.900000 ;-27.237569 ;-21.000413 ;
61.000000 ;-27.258829 ;-20.995323 ;
61.100000 ;-27.239707 ;-20.986718 ;
61.200000 ;-27.239299 ;-20.979933 ;
61.300000 ;-27.274848 ;-20.976521 ;
61.400000 ;-27.290461 ;-20.971432 ;
61.500000 ;-27.276690 ;-20.963811 ;
61.600000 ;-27.287386 ;-20.958519 ;
61.700000 ;-27.306729 ;-20.954126 ;
61.800000 ;-27.302968 ;-20.947761 ;
61.900000 ;-27.308230 ;-20.942324 ;
62.000000 ;-27.321648 ;-20.937733 ;
62.100000 ;-27.322844 ;-20.932149 ;
62.200000 ;-27.325405 ;-20.926794 ;
62.300000 ;-27.337598 ;-20.922413 ;
62.400000 ;-27.347370 ;-20.917917 ;
62.500000 ;-27.341291 ;-20.912093 ;
62.600000 ;-27.343588 ;-20.907122 ;
62.700000 ;-27.362935 ;-20.903786 ;
62.800000 ;-27.379454 ;-20.900290 ;
62.900000 ;-27.362492 ;-20.893871 ;
63.000000 ;-27.354823 ;-20.888381 ;
63.100000 ;-27.383662 ;-20.886272 ;
63.200000 ;-27.414150 ;-20.884399 ;
63.300000 ;-27.393500 ;-20.878004 ;
63.400000 ;-27.387662 ;-20.873029 ;
63.500000 ;-27.415114 ;-20.871139 ;
63.600000 ;-27.420264 ;-20.867320 ;
63.700000 ;-27.412430 ;-20.862412 ;
63.800000 ;-27.422263 ;-20.859173 ;
63.900000 ;-27.428998 ;-20.855733 ;
64.000000 ;-27.426377 ;-20.851526 ;
64.100000 ;-27.432576 ;-20.848187 ;
64.200000 ;-27.442101 ;-20.845220 ;
64.300000 ;-27.439071 ;-20.841195 ;
64.400000 ;-27.438943 ;-20.837502 ;
64.500000 ;-27.450691 ;-20.834945 ;
64.600000 ;-27.462346 ;-20.832448 ;
64.700000 ;-27.450259 ;-20.827882 ;
64.800000 ;-27.441957 ;-20.823721 ;
64.900000 ;-27.461544 ;-20.822133 ;
65.000000 ;-27.489838 ;-20.821390 ;
65.100000 ;-27.475545 ;-20.816877 ;
65.200000 ;-27.454939 ;-20.811857 ;
65.300000 ;-27.477275 ;-20.810760 ;
65.400000 ;-27.509328 ;-20.810596 ;
65.500000 ;-27.490909 ;-20.805945 ;
65.600000 ;-27.486860 ;-20.802643 ;
65.700000 ;-27.504006 ;-20.801303 ;
65.800000 ;-27.500808 ;-20.798186 ;
65.900000 ;-27.498572 ;-20.795208 ;
66.000000 ;-27.506936 ;-20.793234 ;
66.100000 ;-27.507896 ;-20.790645 ;
66.200000 ;-27.505163 ;-20.787774 ;
66.300000 ;-27.511256 ;-20.785744 ;
66.400000 ;-27.520173 ;-20.784016 ;
66.500000 ;-27.513609 ;-20.780943 ;
66.600000 ;-27.507084 ;-20.777920 ;
66.700000 ;-27.518574 ;-20.776560 ;
66.800000 ;-27.538011 ;-20.775959 ;
66.900000 ;-27.529407 ;-20.772880 ;
67.000000 ;-27.505061 ;-20.768430 ;
67.100000 ;-27.517575 ;-20.767335 ;
67.200000 ;-27.556982 ;-20.768697 ;
67.300000 ;-27.552736 ;-20.766175 ;
67.400000 ;-27.528264 ;-20.761874 ;
67.500000 ;-27.542104 ;-20.761057 ;
67.600000 ;-27.562100 ;-20.760831 ;
67.700000 ;-27.548220 ;-20.757595 ;
67.800000 ;-27.548727 ;-20.755689 ;
67.900000 ;-27.557184 ;-20.754533 ;
68.000000 ;-27.552180 ;-20.752202 ;
68.100000 ;-27.552647 ;-20.750396 ;
68.200000 ;-27.559941 ;-20.749237 ;
68.300000 ;-27.558385 ;-20.747316 ;
68.400000 ;-27.552986 ;-20.745083 ;
68.500000 ;-27.558513 ;-20.743862 ;
68.600000 ;-27.570576 ;-20.743258 ;
68.700000 ;-27.565542 ;-20.741151 ;
68.800000 ;-27.546429 ;-20.737809 ;
68.900000 ;-27.552382 ;-20.736747 ;
69.000000 ;-27.582629 ;-20.737896 ;
69.100000 ;-27.591028 ;-20.737110 ;
69.200000 ;-27.557098 ;-20.732551 ;
69.300000 ;-27.556250 ;-20.730991 ;
69.400000 ;-27.594396 ;-20.732961 ;
69.500000 ;-27.594296 ;-20.731520 ;
69.600000 ;-27.575984 ;-20.728468 ;
69.700000 ;-27.585002 ;-20.727897 ;
69.800000 ;-27.589882 ;-20.726978 ;
69.900000 ;-27.582499 ;-20.724982 ;
70.000000 ;-27.585743 ;-20.723963 ;
70.100000 ;-27.589424 ;-20.723007 ;
70.200000 ;-27.584257 ;-20.721279 ;
70.300000 ;-27.585242 ;-20.720126 ;
70.400000 ;-27.592968 ;-20.719599 ;
70.500000 ;-27.591647 ;-20.718282 ;
70.600000 ;-27.579421 ;-20.716007 ;
70.700000 ;-27.581605 ;-20.715047 ;
70.800000 ;-27.599998 ;-20.715561 ;
70.900000 ;-27.608249 ;-20.715184 ;
71.000000 ;-27.578358 ;-20.711404 ;
71.100000 ;-27.567998 ;-20.709398 ;
71.200000 ;-27.601807 ;-20.711375 ;
71.300000 ;-27.630431 ;-20.712903 ;
71.400000 ;-27.598727 ;-20.709033 ;
71.500000 ;-27.590547 ;-20.707294 ;
71.600000 ;-27.616378 ;-20.708627 ;
71.700000 ;-27.611245 ;-20.707196 ;
71.800000 ;-27.602450 ;-20.705453 ;
71.900000 ;-27.609051 ;-20.705107 ;
72.000000 ;-27.607209 ;-20.704020 ;
72.100000 ;-27.603353 ;-20.702767 ;
72.200000 ;-27.607618 ;-20.702259 ;
72.300000 ;-27.610116 ;-20.701606 ;
72.400000 ;-27.602604 ;-20.700072 ;
72.500000 ;-27.602010 ;-20.699172 ;
72.600000 ;-27.612009 ;-20.699236 ;
72.700000 ;-27.617374 ;-20.698899 ;
72.800000 ;-27.596620 ;-20.696233 ;
72.900000 ;-27.586597 ;-20.694543 ;
73.000000 ;-27.608854 ;-20.695763 ;
73.100000 ;-27.637684 ;-20.697584 ;
73.200000 ;-27.614849 ;-20.694783 ;
73.300000 ;-27.587916 ;-20.691628 ;
73.400000 ;-27.612179 ;-20.693080 ;
73.500000 ;-27.644221 ;-20.695242 ;
73.600000 ;-27.619901 ;-20.692356 ;
73.700000 ;-27.614478 ;-20.691178 ;
73.800000 ;-27.627061 ;-20.691627 ;
73.900000 ;-27.619126 ;-20.690245 ;
74.000000 ;-27.616665 ;-20.689366 ;
74.100000 ;-27.621786 ;-20.689177 ;
74.200000 ;-27.617979 ;-20.688198 ;
74.300000 ;-27.614761 ;-20.687282 ;
74.400000 ;-27.619693 ;-20.687107 ;
74.500000 ;-27.624223 ;-20.686905 ;
74.600000 ;-27.612562 ;-20.685262 ;
74.700000 ;-27.605456 ;-20.684037 ;
74.800000 ;-27.617589 ;-20.684546 ;
74.900000 ;-27.635697 ;-20.685601 ;
75.000000 ;-27.627074 ;-20.684266 ;
75.100000 ;-27.616588 ;-20.682774 ;
75.200000 ;-27.625243 ;-20.683008 ;
75.300000 ;-27.629098 ;-20.682820 ;
75.400000 ;-27.620798 ;-20.681549 ;
75.500000 ;-27.622559 ;-20.681190 ;
75.600000 ;-27.628541 ;-20.681216 ;
75.700000 ;-27.621541 ;-20.680087 ;
75.800000 ;-27.618024 ;-20.679277 ;
75.900000 ;-27.625722 ;-20.679481 ;
76.000000 ;-27.631267 ;-20.679499 ;
76.100000 ;-27.616085 ;-20.677666 ;
76.200000 ;-27.609234 ;-20.676588 ;
76.300000 ;-27.625504 ;-20.677590 ;
76.400000 ;-27.642832 ;-20.678693 ;
76.500000 ;-27.620618 ;-20.676257 ;
76.600000 ;-27.603889 ;-20.674320 ;
76.700000 ;-27.626625 ;-20.675930 ;
76.800000 ;-27.650717 ;-20.677668 ;
76.900000 ;-27.626862 ;-20.675110 ;
77.000000 ;-27.620703 ;-20.674147 ;
77.100000 ;-27.638165 ;-20.675308 ;
77.200000 ;-27.632220 ;-20.674376 ;
77.300000 ;-27.625136 ;-20.673346 ;
77.400000 ;-27.631256 ;-20.673507 ;
77.500000 ;-27.630380 ;-20.673046 ;
77.600000 ;-27.624207 ;-20.672115 ;
77.700000 ;-27.627238 ;-20.672015 ;
77.800000 ;-27.633277 ;-20.672190 ;
77.900000 ;-27.624661 ;-20.671056 ;
78.000000 ;-27.617764 ;-20.670082 ;
78.100000 ;-27.626597 ;-20.670522 ;
78.200000 ;-27.639674 ;-20.671348 ;
78.300000 ;-27.625252 ;-20.669714 ;
78.400000 ;-27.605482 ;-20.667606 ;
78.500000 ;-27.619245 ;-20.668509 ;
78.600000 ;-27.650575 ;-20.670991 ;
78.700000 ;-27.637836 ;-20.669525 ;
78.800000 ;-27.613721 ;-20.667045 ;
78.900000 ;-27.628793 ;-20.668084 ;
79.000000 ;-27.649243 ;-20.669610 ;
79.100000 ;-27.631075 ;-20.667675 ;
79.200000 ;-27.628396 ;-20.667133 ;
79.300000 ;-27.637683 ;-20.667669 ;
79.400000 ;-27.630326 ;-20.666716 ;
79.500000 ;-27.627589 ;-20.666180 ;
79.600000 ;-27.633267 ;-20.666403 ;
79.700000 ;-27.631439 ;-20.665957 ;
79.800000 ;-27.627494 ;-20.665325 ;
79.900000 ;-27.630263 ;-20.665298 ;
80.000000 ;-27.633204 ;-20.665289 ;
