0.000000 ;-27.500000 ;-20.600000 ;
0.100000 ;-25.403024 ;-21.137325 ;
0.200000 ;-24.323520 ;-21.567753 ;
0.300000 ;-23.707209 ;-21.895611 ;
0.400000 ;-23.330328 ;-22.139006 ;
0.500000 ;-23.082456 ;-22.316291 ;
0.600000 ;-22.924969 ;-22.444513 ;
0.700000 ;-22.819816 ;-22.535977 ;
0.800000 ;-22.760669 ;-22.600907 ;
0.900000 ;-22.726825 ;-22.646280 ;
1.000000 ;-22.713083 ;-22.677602 ;
1.100000 ;-22.721724 ;-22.698865 ;
1.200000 ;-22.739735 ;-22.712626 ;
1.300000 ;-22.752248 ;-22.720359 ;
1.400000 ;-22.781090 ;-22.724933 ;
1.500000 ;-22.831007 ;-22.727779 ;
1.600000 ;-22.875104 ;-22.727838 ;
1.700000 ;-22.886559 ;-22.723622 ;
1.800000 ;-22.923902 ;-22.720260 ;
1.900000 ;-23.000228 ;-22.719142 ;
2.000000 ;-23.047466 ;-22.714710 ;
2.100000 ;-23.064376 ;-22.707014 ;
2.200000 ;-23.116847 ;-22.701802 ;
2.300000 ;-23.169954 ;-22.696121 ;
2.400000 ;-23.200641 ;-22.688030 ;
2.500000 ;-23.245361 ;-22.680713 ;
2.600000 ;-23.288104 ;-22.672806 ;
2.700000 ;-23.325036 ;-22.663997 ;
2.800000 ;-23.369447 ;-22.655446 ;
2.900000 ;-23.412997 ;-22.646441 ;
3.000000 ;-23.445931 ;-22.636151 ;
3.100000 ;-23.486370 ;-22.626155 ;
3.200000 ;-23.537001 ;-22.616691 ;
3.300000 ;-23.577008 ;-22.605961 ;
3.400000 ;-23.596167 ;-22.593080 ;
3.500000 ;-23.637188 ;-22.581801 ;
3.600000 ;-23.703503 ;-22.572433 ;
3.700000 ;-23.745422 ;-22.560623 ;
3.800000 ;-23.755373 ;-22.545714 ;
3.900000 ;-23.801273 ;-22.533710 ;
4.000000 ;-23.867328 ;-22.523229 ;
4.100000 ;-23.889239 ;-22.508600 ;
4.200000 ;-23.921497 ;-22.494654 ;
4.300000 ;-23.968965 ;-22.481836 ;
4.400000 ;-23.999273 ;-22.467295 ;
4.500000 ;-24.034588 ;-22.453005 ;
4.600000 ;-24.076390 ;-22.439109 ;
4.700000 ;-24.108235 ;-22.424168 ;
4.800000 ;-24.141686 ;-22.409218 ;
4.900000 ;-24.183940 ;-22.394905 ;
5.000000 ;-24.222430 ;-22.380130 ;
5.100000 ;-24.244278 ;-22.363767 ;
5.200000 ;-24.277580 ;-22.348318 ;
5.300000 ;-24.329976 ;-22.334471 ;
5.400000 ;-24.373918 ;-22.319792 ;
5.500000 ;-24.381273 ;-22.301789 ;
5.600000 ;-24.410124 ;-22.285645 ;
5.700000 ;-24.476089 ;-22.272763 ;
5.800000 ;-24.517121 ;-22.257619 ;
5.900000 ;-24.526812 ;-22.239650 ;
6.000000 ;-24.567008 ;-22.224387 ;
6.100000 ;-24.612551 ;-22.209593 ;
6.200000 ;-24.633827 ;-22.192633 ;
6.300000 ;-24.667392 ;-22.176777 ;
6.400000 ;-24.703809 ;-22.161193 ;
6.500000 ;-24.730083 ;-22.144728 ;
6.600000 ;-24.762786 ;-22.128869 ;
6.700000 ;-24.800153 ;-22.113464 ;
6.800000 ;-24.825861 ;-22.097067 ;
6.900000 ;-24.851001 ;-22.080672 ;
7.000000 ;-24.889347 ;-22.065514 ;
7.100000 ;-24.930961 ;-22.050713 ;
7.200000 ;-24.947078 ;-22.033705 ;
7.300000 ;-24.960826 ;-22.016562 ;
7.400000 ;-25.007013 ;-22.002405 ;
7.500000 ;-25.065378 ;-21.989423 ;
7.600000 ;-25.076321 ;-21.972286 ;
7.700000 ;-25.085596 ;-21.955097 ;
7.800000 ;-25.136328 ;-21.941725 ;
7.900000 ;-25.178190 ;-21.927662 ;
8.000000 ;-25.188855 ;-21.910910 ;
8.100000 ;-25.219537 ;-21.896064 ;
8.200000 ;-25.252638 ;-21.881549 ;
8.300000 ;-25.272923 ;-21.866005 ;
8.400000 ;-25.301674 ;-21.851340 ;
8.500000 ;-25.332644 ;-21.836997 ;
8.600000 ;-25.353197 ;-21.821848 ;
8.700000 ;-25.378634 ;-21.807266 ;
8.800000 ;-25.412381 ;-21.793558 ;
8.900000 ;-25.439060 ;-21.779350 ;
9.000000 ;-25.449343 ;-21.763810 ;
9.100000 ;-25.474027 ;-21.749697 ;
9.200000 ;-25.518953 ;-21.737534 ;
9.300000 ;-25.553885 ;-21.724615 ;
9.400000 ;-25.548705 ;-21.708243 ;
9.500000 ;-25.565735 ;-21.694006 ;
9.600000 ;-25.623647 ;-21.683578 ;
9.700000 ;-25.659116 ;-21.669123 ;
9.800000 ;-25.670198 ;-21.629630 ;
9.900000 ;-25.685777 ;-21.763154 ;
10.000000 ;-25.645939 ;-22.009734 ;
10.100000 ;-25.525325 ;-22.283150 ;
10.200000 ;-25.325269 ;-22.541270 ;
10.300000 ;-25.068799 ;-22.769947 ;
10.400000 ;-24.775640 ;-22.964800 ;
10.500000 ;-24.468413 ;-23.126542 ;
10.600000 ;-24.159196 ;-23.257128 ;
10.700000 ;-23.860580 ;-23.359869 ;
10.800000 ;-23.584611 ;-23.438665 ;
10.900000 ;-23.320259 ;-23.495784 ;
11.000000 ;-23.090171 ;-23.536312 ;
11.100000 ;-22.888082 ;-23.562793 ;
11.200000 ;-22.690501 ;-23.576235 ;
11.300000 ;-22.532366 ;-23.581957 ;
11.400000 ;-22.402912 ;-23.581279 ;
11.500000 ;-22.265696 ;-23.573248 ;
11.600000 ;-22.159500 ;-23.562546 ;
11.700000 ;-22.078808 ;-23.550011 ;
11.800000 ;-21.988071 ;-23.533909 ;
11.900000 ;-21.919087 ;-23.517637 ;
12.000000 ;-21.869067 ;-23.501627 ;
12.100000 ;-21.809153 ;-23.484135 ;
12.200000 ;-21.764459 ;-23.467568 ;
12.300000 ;-21.736093 ;-23.452301 ;
12.400000 ;-21.696106 ;-23.436352 ;
12.500000 ;-21.663980 ;-23.421447 ;
12.600000 ;-21.650438 ;-23.408540 ;
12.700000 ;-21.627652 ;-23.395476 ;
12.800000 ;-21.599225 ;-23.382605 ;
12.900000 ;-21.591870 ;-23.372095 ;
13.000000 ;-21.586939 ;-23.362436 ;
13.100000 ;-21.561341 ;-23.351755 ;
13.200000 ;-21.552123 ;-23.343047 ;
13.300000 ;-21.557132 ;-23.336107 ;
13.400000 ;-21.539934 ;-23.327941 ;
13.500000 ;-21.528078 ;-23.320767 ;
13.600000 ;-21.533828 ;-23.315551 ;
13.700000 ;-21.525399 ;-23.309668 ;
13.800000 ;-21.513184 ;-23.303935 ;
13.900000 ;-21.517334 ;-23.299965 ;
14.000000 ;-21.515839 ;-23.295929 ;
14.100000 ;-21.502980 ;-23.291336 ;
14.200000 ;-21.504878 ;-23.288286 ;
14.300000 ;-21.510993 ;-23.285894 ;
14.400000 ;-21.497578 ;-23.282199 ;
14.500000 ;-21.494210 ;-23.279590 ;
14.600000 ;-21.505482 ;-23.278421 ;
14.700000 ;-21.498922 ;-23.276021 ;
14.800000 ;-21.487680 ;-23.273446 ;
14.900000 ;-21.497074 ;-23.272745 ;
15.000000 ;-21.502482 ;-23.271892 ;
15.100000 ;-21.487945 ;-23.269568 ;
15.200000 ;-21.490515 ;-23.268785 ;
15.300000 ;-21.501637 ;-23.268834 ;
15.400000 ;-21.490096 ;-23.267152 ;
15.500000 ;-21.487695 ;-23.266325 ;
15.600000 ;-21.498119 ;-23.266646 ;
15.700000 ;-21.491339 ;-23.265653 ;
15.800000 ;-21.485818 ;-23.264844 ;
15.900000 ;-21.494757 ;-23.265291 ;
16.000000 ;-21.493841 ;-23.265002 ;
16.100000 ;-21.484118 ;-23.264054 ;
16.200000 ;-21.490286 ;-23.264459 ;
16.300000 ;-21.498676 ;-23.265096 ;
16.400000 ;-21.485752 ;-23.264038 ;
16.500000 ;-21.484680 ;-23.263987 ;
16.600000 ;-21.499049 ;-23.265234 ;
16.700000 ;-21.492908 ;-23.264840 ;
16.800000 ;-21.483219 ;-23.264185 ;
16.900000 ;-21.494579 ;-23.265275 ;
17.000000 ;-21.498696 ;-23.265797 ;
17.100000 ;-21.486529 ;-23.265010 ;
17.200000 ;-21.491564 ;-23.265645 ;
17.300000 ;-21.500019 ;-23.266577 ;
17.400000 ;-21.489418 ;-23.265967 ;
17.500000 ;-21.490227 ;-23.266301 ;
17.600000 ;-21.499878 ;-23.267368 ;
17.700000 ;-21.491715 ;-23.266991 ;
17.800000 ;-21.488389 ;-23.267017 ;
17.900000 ;-21.498760 ;-23.268168 ;
18.000000 ;-21.496602 ;-23.268302 ;
18.100000 ;-21.486679 ;-23.267808 ;
18.200000 ;-21.494617 ;-23.268776 ;
18.300000 ;-21.504178 ;-23.269880 ;
18.400000 ;-21.490171 ;-23.269063 ;
18.500000 ;-21.489635 ;-23.269347 ;
18.600000 ;-21.505187 ;-23.270947 ;
18.700000 ;-21.498075 ;-23.270698 ;
18.800000 ;-21.490023 ;-23.270373 ;
18.900000 ;-21.501770 ;-23.271665 ;
19.000000 ;-21.502463 ;-23.272054 ;
19.100000 ;-21.492957 ;-23.271610 ;
19.200000 ;-21.499627 ;-23.272486 ;
19.300000 ;-21.504219 ;-23.273192 ;
19.400000 ;-21.494724 ;-23.272747 ;
19.500000 ;-21.497832 ;-23.273329 ;
19.600000 ;-21.506538 ;-23.274367 ;
19.700000 ;-21.496894 ;-23.273906 ;
19.800000 ;-21.494646 ;-23.274046 ;
19.900000 ;-21.506622 ;-23.275347 ;
20.000000 ;-21.503701 ;-23.275429 ;
20.100000 ;-21.492622 ;-23.274844 ;
20.200000 ;-21.501883 ;-23.275917 ;
20.300000 ;-21.512478 ;-23.277098 ;
20.400000 ;-21.497745 ;-23.276208 ;
20.500000 ;-21.497991 ;-23.276540 ;
20.600000 ;-21.513088 ;-23.278082 ;
20.700000 ;-21.504434 ;-23.277683 ;
20.800000 ;-21.499188 ;-23.277560 ;
20.900000 ;-21.510402 ;-23.278780 ;
21.000000 ;-21.507328 ;-23.278830 ;
21.100000 ;-21.500736 ;-23.278592 ;
21.200000 ;-21.508572 ;-23.279529 ;
21.300000 ;-21.509923 ;-23.279935 ;
21.400000 ;-21.501042 ;-23.279504 ;
21.500000 ;-21.505976 ;-23.280199 ;
21.600000 ;-21.514612 ;-23.281194 ;
21.700000 ;-21.503225 ;-23.280553 ;
21.800000 ;-21.501151 ;-23.280670 ;
21.900000 ;-21.515261 ;-23.282107 ;
22.000000 ;-21.512204 ;-23.282140 ;
22.100000 ;-21.499935 ;-23.281419 ;
22.200000 ;-21.510125 ;-23.282531 ;
22.300000 ;-21.520270 ;-23.283639 ;
22.400000 ;-21.505956 ;-23.282746 ;
22.500000 ;-21.507822 ;-23.283173 ;
22.600000 ;-21.520284 ;-23.284464 ;
22.700000 ;-21.510487 ;-23.283936 ;
22.800000 ;-21.508611 ;-23.284053 ;
22.900000 ;-21.518502 ;-23.285130 ;
23.000000 ;-21.512566 ;-23.284912 ;
23.100000 ;-21.508406 ;-23.284839 ;
23.200000 ;-21.517226 ;-23.285823 ;
23.300000 ;-21.516374 ;-23.286017 ;
23.400000 ;-21.507061 ;-23.285518 ;
23.500000 ;-21.513579 ;-23.286311 ;
23.600000 ;-21.523534 ;-23.287383 ;
23.700000 ;-21.510225 ;-23.286554 ;
23.800000 ;-21.507562 ;-23.286593 ;
23.900000 ;-21.523857 ;-23.288180 ;
24.000000 ;-21.520689 ;-23.288176 ;
24.100000 ;-21.508454 ;-23.287430 ;
24.200000 ;-21.519160 ;-23.288557 ;
24.300000 ;-21.526014 ;-23.289368 ;
24.400000 ;-21.513821 ;-23.288622 ;
24.500000 ;-21.517849 ;-23.289199 ;
24.600000 ;-21.525721 ;-23.290090 ;
24.700000 ;-21.516336 ;-23.289571 ;
24.800000 ;-21.517452 ;-23.289907 ;
24.900000 ;-21.525830 ;-23.290836 ;
25.000000 ;-21.517939 ;-23.290435 ;
25.100000 ;-21.515272 ;-23.290460 ;
25.200000 ;-21.525493 ;-23.291536 ;
25.300000 ;-21.523584 ;-23.291621 ;
25.400000 ;-21.512485 ;-23.290954 ;
25.500000 ;-21.520332 ;-23.291834 ;
25.600000 ;-21.532888 ;-23.293097 ;
25.700000 ;-21.518076 ;-23.292124 ;
25.800000 ;-21.514749 ;-23.292088 ;
25.900000 ;-21.532128 ;-23.293744 ;
26.000000 ;-21.527695 ;-23.293616 ;
26.100000 ;-21.517690 ;-23.293032 ;
26.200000 ;-21.528385 ;-23.294138 ;
26.300000 ;-21.529930 ;-23.294497 ;
26.400000 ;-21.521170 ;-23.294012 ;
26.500000 ;-21.527031 ;-23.294721 ;
26.600000 ;-21.530269 ;-23.295214 ;
26.700000 ;-21.522005 ;-23.294768 ;
26.800000 ;-21.525372 ;-23.295270 ;
26.900000 ;-21.533019 ;-23.296122 ;
27.000000 ;-21.523212 ;-23.295547 ;
27.100000 ;-21.520850 ;-23.295579 ;
27.200000 ;-21.533403 ;-23.296829 ;
27.300000 ;-21.531904 ;-23.296930 ;
27.400000 ;-21.518003 ;-23.296017 ;
27.500000 ;-21.526604 ;-23.296942 ;
27.600000 ;-21.541741 ;-23.298401 ;
27.700000 ;-21.526316 ;-23.297361 ;
27.800000 ;-21.523556 ;-23.297355 ;
27.900000 ;-21.539680 ;-23.298893 ;
28.000000 ;-21.532675 ;-23.298539 ;
28.100000 ;-21.526762 ;-23.298274 ;
28.200000 ;-21.536562 ;-23.299292 ;
28.300000 ;-21.533390 ;-23.299249 ;
28.400000 ;-21.528045 ;-23.299028 ;
28.500000 ;-21.535079 ;-23.299818 ;
28.600000 ;-21.535153 ;-23.300038 ;
28.700000 ;-21.527053 ;-23.299590 ;
28.800000 ;-21.532184 ;-23.300222 ;
28.900000 ;-21.540806 ;-23.301139 ;
29.000000 ;-21.528649 ;-23.300357 ;
29.100000 ;-21.525087 ;-23.300276 ;
29.200000 ;-21.540776 ;-23.301769 ;
29.300000 ;-21.541139 ;-23.302008 ;
29.400000 ;-21.524922 ;-23.300891 ;
29.500000 ;-21.533630 ;-23.301811 ;
29.600000 ;-21.548575 ;-23.303241 ;
29.700000 ;-21.533700 ;-23.302233 ;
29.800000 ;-21.533383 ;-23.302413 ;
29.900000 ;-21.545432 ;-23.303603 ;
30.000000 ;-21.536666 ;-23.303092 ;
30.100000 ;-21.535046 ;-23.303164 ;
30.200000 ;-21.543146 ;-23.304030 ;
30.300000 ;-21.537170 ;-23.303744 ;
30.400000 ;-21.534176 ;-23.303702 ;
30.500000 ;-21.542327 ;-23.304570 ;
30.600000 ;-21.540701 ;-23.304638 ;
30.700000 ;-21.530971 ;-23.304043 ;
30.800000 ;-21.537573 ;-23.304783 ;
30.900000 ;-21.549491 ;-23.305956 ;
31.000000 ;-21.535352 ;-23.304999 ;
31.100000 ;-21.529158 ;-23.304691 ;
31.200000 ;-21.547558 ;-23.306393 ;
31.300000 ;-21.549488 ;-23.306748 ;
31.400000 ;-21.533492 ;-23.305636 ;
31.500000 ;-21.542226 ;-23.306546 ;
31.600000 ;-21.551752 ;-23.307521 ;
31.700000 ;-21.539787 ;-23.306737 ;
31.800000 ;-21.542592 ;-23.307160 ;
31.900000 ;-21.548724 ;-23.307855 ;
32.000000 ;-21.540773 ;-23.307398 ;
32.100000 ;-21.542313 ;-23.307715 ;
32.200000 ;-21.548911 ;-23.308446 ;
32.300000 ;-21.541034 ;-23.307993 ;
32.400000 ;-21.538967 ;-23.308014 ;
32.500000 ;-21.549132 ;-23.309035 ;
32.600000 ;-21.547676 ;-23.309105 ;
32.700000 ;-21.534070 ;-23.308181 ;
32.800000 ;-21.541319 ;-23.308962 ;
32.900000 ;-21.558492 ;-23.310554 ;
33.000000 ;-21.543942 ;-23.309551 ;
33.100000 ;-21.535441 ;-23.309042 ;
33.200000 ;-21.554323 ;-23.310772 ;
33.300000 ;-21.554485 ;-23.310971 ;
33.400000 ;-21.542249 ;-23.310155 ;
33.500000 ;-21.550988 ;-23.311054 ;
33.600000 ;-21.552812 ;-23.311387 ;
33.700000 ;-21.545294 ;-23.310955 ;
33.800000 ;-21.550241 ;-23.311542 ;
33.900000 ;-21.551734 ;-23.311846 ;
34.000000 ;-21.544856 ;-23.311465 ;
34.100000 ;-21.548475 ;-23.311941 ;
34.200000 ;-21.555079 ;-23.312661 ;
34.300000 ;-21.544729 ;-23.311994 ;
34.400000 ;-21.541679 ;-23.311924 ;
34.500000 ;-21.555285 ;-23.313215 ;
34.600000 ;-21.557082 ;-23.313540 ;
34.700000 ;-21.538456 ;-23.312193 ;
34.800000 ;-21.544653 ;-23.312877 ;
34.900000 ;-21.566379 ;-23.314832 ;
35.000000 ;-21.552400 ;-23.313864 ;
35.100000 ;-21.544719 ;-23.313411 ;
35.200000 ;-21.560941 ;-23.314913 ;
35.300000 ;-21.556316 ;-23.314710 ;
35.400000 ;-21.549981 ;-23.314365 ;
35.500000 ;-21.557803 ;-23.315178 ;
35.600000 ;-21.554453 ;-23.315077 ;
35.700000 ;-21.550538 ;-23.314929 ;
35.800000 ;-21.556624 ;-23.315598 ;
35.900000 ;-21.555527 ;-23.315679 ;
36.000000 ;-21.547972 ;-23.315232 ;
36.100000 ;-21.553195 ;-23.315829 ;
36.200000 ;-21.562448 ;-23.316755 ;
36.300000 ;-21.549420 ;-23.315858 ;
36.400000 ;-21.542448 ;-23.315456 ;
36.500000 ;-21.560024 ;-23.317062 ;
36.600000 ;-21.567963 ;-23.317880 ;
36.700000 ;-21.546319 ;-23.316276 ;
36.800000 ;-21.550675 ;-23.316798 ;
36.900000 ;-21.571660 ;-23.318682 ;
37.000000 ;-21.557936 ;-23.317726 ;
37.100000 ;-21.554573 ;-23.317615 ;
37.200000 ;-21.565323 ;-23.318659 ;
37.300000 ;-21.557887 ;-23.318215 ;
37.400000 ;-21.556588 ;-23.318272 ;
37.500000 ;-21.562704 ;-23.318935 ;
37.600000 ;-21.556995 ;-23.318631 ;
37.700000 ;-21.554967 ;-23.318627 ;
37.800000 ;-21.562412 ;-23.319397 ;
37.900000 ;-21.560505 ;-23.319402 ;
38.000000 ;-21.549379 ;-23.318653 ;
38.100000 ;-21.555513 ;-23.319314 ;
38.200000 ;-21.570829 ;-23.320727 ;
38.300000 ;-21.557747 ;-23.319815 ;
38.400000 ;-21.544390 ;-23.318881 ;
38.500000 ;-21.563825 ;-23.320630 ;
38.600000 ;-21.576345 ;-23.321813 ;
38.700000 ;-21.555821 ;-23.320291 ;
38.800000 ;-21.560035 ;-23.320792 ;
38.900000 ;-21.572674 ;-23.321983 ;
39.000000 ;-21.561300 ;-23.321208 ;
39.100000 ;-21.562578 ;-23.321468 ;
39.200000 ;-21.566921 ;-23.321978 ;
39.300000 ;-21.560513 ;-23.321608 ;
39.400000 ;-21.562200 ;-23.321900 ;
39.500000 ;-21.567294 ;-23.322470 ;
39.600000 ;-21.559539 ;-23.321988 ;
39.700000 ;-21.557479 ;-23.321972 ;
39.800000 ;-21.567709 ;-23.322961 ;
39.900000 ;-21.569761 ;-23.323280 ;
40.000000 ;-21.566577 ;-23.323171 ;
40.100000 ;-21.565521 ;-23.323235 ;
40.200000 ;-21.565279 ;-23.323365 ;
40.300000 ;-21.565294 ;-23.323515 ;
40.400000 ;-21.565575 ;-23.323687 ;
40.500000 ;-21.565740 ;-23.323848 ;
40.600000 ;-21.565982 ;-23.324016 ;
40.700000 ;-21.566238 ;-23.324184 ;
40.800000 ;-21.566452 ;-23.324349 ;
40.900000 ;-21.566724 ;-23.324518 ;
41.000000 ;-21.567011 ;-23.324688 ;
41.100000 ;-21.567183 ;-23.324849 ;
41.200000 ;-21.567415 ;-23.325014 ;
41.300000 ;-21.567809 ;-23.325192 ;
41.400000 ;-21.568189 ;-23.325369 ;
41.500000 ;-21.567402 ;-23.325451 ;
41.600000 ;-21.566314 ;-23.325508 ;
41.700000 ;-21.567119 ;-23.325719 ;
41.800000 ;-21.569825 ;-23.326085 ;
41.900000 ;-21.572228 ;-23.326426 ;
42.000000 ;-21.569916 ;-23.326382 ;
42.100000 ;-21.566401 ;-23.326240 ;
42.200000 ;-21.570442 ;-23.326715 ;
42.300000 ;-21.575294 ;-23.327257 ;
42.400000 ;-21.567840 ;-23.326792 ;
42.500000 ;-21.566115 ;-23.326796 ;
42.600000 ;-21.576335 ;-23.327777 ;
42.700000 ;-21.576316 ;-23.327920 ;
42.800000 ;-21.560299 ;-23.326754 ;
42.900000 ;-21.566243 ;-23.327385 ;
43.000000 ;-21.588202 ;-23.329326 ;
43.100000 ;-21.577167 ;-23.328566 ;
43.200000 ;-21.562643 ;-23.327520 ;
43.300000 ;-21.581853 ;-23.329236 ;
43.400000 ;-21.589132 ;-23.329975 ;
43.500000 ;-21.575174 ;-23.328973 ;
43.600000 ;-21.582284 ;-23.329694 ;
43.700000 ;-21.585678 ;-23.330110 ;
43.800000 ;-21.579721 ;-23.329759 ;
43.900000 ;-21.584748 ;-23.330304 ;
44.000000 ;-21.586566 ;-23.330584 ;
44.100000 ;-21.581741 ;-23.330318 ;
44.200000 ;-21.586564 ;-23.330837 ;
44.300000 ;-21.594058 ;-23.331569 ;
44.400000 ;-21.584868 ;-23.330932 ;
44.500000 ;-21.582430 ;-23.330842 ;
44.600000 ;-21.598582 ;-23.332266 ;
44.700000 ;-21.606318 ;-23.332993 ;
44.800000 ;-21.585929 ;-23.331407 ;
44.900000 ;-21.590623 ;-23.331868 ;
45.000000 ;-21.620012 ;-23.334342 ;
45.100000 ;-21.612639 ;-23.333788 ;
45.200000 ;-21.603070 ;-23.333039 ;
45.300000 ;-21.621429 ;-23.334565 ;
45.400000 ;-21.622331 ;-23.334641 ;
45.500000 ;-21.619154 ;-23.334362 ;
45.600000 ;-21.629347 ;-23.335156 ;
45.700000 ;-21.630072 ;-23.335150 ;
45.800000 ;-21.631184 ;-23.335148 ;
45.900000 ;-21.641305 ;-23.335853 ;
46.000000 ;-21.644499 ;-23.335958 ;
46.100000 ;-21.642085 ;-23.335568 ;
46.200000 ;-21.652967 ;-23.336227 ;
46.300000 ;-21.668894 ;-23.337256 ;
46.400000 ;-21.661472 ;-23.336321 ;
46.500000 ;-21.658086 ;-23.335669 ;
46.600000 ;-21.683757 ;-23.337352 ;
46.700000 ;-21.704577 ;-23.338574 ;
46.800000 ;-21.688102 ;-23.336660 ;
46.900000 ;-21.697346 ;-23.336800 ;
47.000000 ;-21.728668 ;-23.338688 ;
47.100000 ;-21.724922 ;-23.337603 ;
47.200000 ;-21.730118 ;-23.337171 ;
47.300000 ;-21.749069 ;-23.337785 ;
47.400000 ;-21.752227 ;-23.337000 ;
47.500000 ;-21.762152 ;-23.336672 ;
47.600000 ;-21.778574 ;-23.336771 ;
47.700000 ;-21.784154 ;-23.335864 ;
47.800000 ;-21.794567 ;-23.335236 ;
47.900000 ;-21.815039 ;-23.335309 ;
48.000000 ;-21.826125 ;-23.334472 ;
48.100000 ;-21.826867 ;-23.332643 ;
48.200000 ;-21.847352 ;-23.332302 ;
48.300000 ;-21.879942 ;-23.332805 ;
48.400000 ;-21.882553 ;-23.330658 ;
48.500000 ;-21.882885 ;-23.328155 ;
48.600000 ;-21.918664 ;-23.328432 ;
48.700000 ;-21.948381 ;-23.328017 ;
48.800000 ;-21.946259 ;-23.324754 ;
48.900000 ;-21.968414 ;-23.323324 ;
49.000000 ;-21.996279 ;-23.322165 ;
49.100000 ;-22.005389 ;-23.319225 ;
49.200000 ;-22.027037 ;-23.317115 ;
49.300000 ;-22.050397 ;-23.314922 ;
49.400000 ;-22.064673 ;-23.311737 ;
49.500000 ;-22.088037 ;-23.309072 ;
49.600000 ;-22.115659 ;-23.306515 ;
49.700000 ;-22.129205 ;-23.302528 ;
49.800000 ;-22.148675 ;-23.298781 ;
49.900000 ;-22.183970 ;-23.296094 ;
50.000000 ;-22.211624 ;-23.292491 ;
50.100000 ;-22.216448 ;-23.286689 ;
50.200000 ;-22.243934 ;-23.282524 ;
50.300000 ;-22.293968 ;-23.279978 ;
50.400000 ;-22.312261 ;-23.274447 ;
50.500000 ;-22.323233 ;-23.268001 ;
50.600000 ;-22.365410 ;-23.263911 ;
50.700000 ;-22.397784 ;-23.258681 ;
50.800000 ;-22.414198 ;-23.251785 ;
50.900000 ;-22.448104 ;-23.246070 ;
51.000000 ;-22.478522 ;-23.239743 ;
51.100000 ;-22.501589 ;-23.232477 ;
51.200000 ;-22.535329 ;-23.225803 ;
51.300000 ;-22.568135 ;-23.218731 ;
51.400000 ;-22.590634 ;-23.210462 ;
51.500000 ;-22.623421 ;-23.202753 ;
51.600000 ;-22.664902 ;-23.195464 ;
51.700000 ;-22.689391 ;-23.186399 ;
51.800000 ;-22.709600 ;-23.176652 ;
51.900000 ;-22.753736 ;-23.168646 ;
52.000000 ;-22.803606 ;-23.160813 ;
52.100000 ;-22.818120 ;-23.149615 ;
52.200000 ;-22.843582 ;-23.139055 ;
52.300000 ;-22.899219 ;-23.130801 ;
52.400000 ;-22.933611 ;-23.120396 ;
52.500000 ;-22.954188 ;-23.108490 ;
52.600000 ;-22.997215 ;-23.098237 ;
52.700000 ;-23.034670 ;-23.087203 ;
52.800000 ;-23.061741 ;-23.074978 ;
52.900000 ;-23.101122 ;-23.063538 ;
53.000000 ;-23.138802 ;-23.051670 ;
53.100000 ;-23.167258 ;-23.038727 ;
53.200000 ;-23.205473 ;-23.026365 ;
53.300000 ;-23.249010 ;-23.014202 ;
53.400000 ;-23.276226 ;-23.000361 ;
53.500000 ;-23.305791 ;-22.986478 ;
53.600000 ;-23.353908 ;-22.973975 ;
53.700000 ;-23.400290 ;-22.961082 ;
53.800000 ;-23.417171 ;-22.945375 ;
53.900000 ;-23.449392 ;-22.930798 ;
54.000000 ;-23.509135 ;-22.918431 ;
54.100000 ;-23.547255 ;-22.903953 ;
54.200000 ;-23.565729 ;-22.887547 ;
54.300000 ;-23.610986 ;-22.873318 ;
54.400000 ;-23.658541 ;-22.859111 ;
54.500000 ;-23.683114 ;-22.842702 ;
54.600000 ;-23.721263 ;-22.827329 ;
54.700000 ;-23.764414 ;-22.812243 ;
54.800000 ;-23.793500 ;-22.795768 ;
54.900000 ;-23.830104 ;-22.779819 ;
55.000000 ;-23.873811 ;-22.764368 ;
55.100000 ;-23.904483 ;-22.747643 ;
55.200000 ;-23.934876 ;-22.730782 ;
55.300000 ;-23.979484 ;-22.715075 ;
55.400000 ;-24.024018 ;-22.699263 ;
55.500000 ;-24.044153 ;-22.681201 ;
55.600000 ;-24.074250 ;-22.663945 ;
55.700000 ;-24.129461 ;-22.648852 ;
55.800000 ;-24.174396 ;-22.632780 ;
55.900000 ;-24.187361 ;-22.613806 ;
56.000000 ;-24.224112 ;-22.596908 ;
56.100000 ;-24.282133 ;-22.581868 ;
56.200000 ;-24.307499 ;-22.563882 ;
56.300000 ;-24.334318 ;-22.546002 ;
56.400000 ;-24.379926 ;-22.529783 ;
56.500000 ;-24.412033 ;-22.512350 ;
56.600000 ;-24.440600 ;-22.494599 ;
56.700000 ;-24.480589 ;-22.477873 ;
56.800000 ;-24.515438 ;-22.460699 ;
56.900000 ;-24.541955 ;-22.442800 ;
57.000000 ;-24.578648 ;-22.425835 ;
57.100000 ;-24.620869 ;-22.409394 ;
57.200000 ;-24.645559 ;-22.391425 ;
57.300000 ;-24.669191 ;-22.373405 ;
57.400000 ;-24.713045 ;-22.357243 ;
57.500000 ;-24.761106 ;-22.341511 ;
57.600000 ;-24.776104 ;-22.322879 ;
57.700000 ;-24.796230 ;-22.304773 ;
57.800000 ;-24.848729 ;-22.289641 ;
57.900000 ;-24.894256 ;-22.273959 ;
58.000000 ;-24.904753 ;-22.255214 ;
58.100000 ;-24.936727 ;-22.238482 ;
58.200000 ;-24.983784 ;-22.223193 ;
58.300000 ;-25.004422 ;-22.205626 ;
58.400000 ;-25.031569 ;-22.188741 ;
58.500000 ;-25.069852 ;-22.172956 ;
58.600000 ;-25.095176 ;-22.156113 ;
58.700000 ;-25.120951 ;-22.139420 ;
58.800000 ;-25.156692 ;-22.123732 ;
58.900000 ;-25.187498 ;-22.107717 ;
59.000000 ;-25.206239 ;-22.090738 ;
59.100000 ;-25.236114 ;-22.074879 ;
59.200000 ;-25.277720 ;-22.060196 ;
59.300000 ;-25.304090 ;-22.044271 ;
59.400000 ;-25.312510 ;-22.026864 ;
59.500000 ;-25.344813 ;-22.011734 ;
59.600000 ;-25.397797 ;-21.998594 ;
59.700000 ;-25.419984 ;-21.982822 ;
59.800000 ;-25.425576 ;-21.965696 ;
59.900000 ;-25.463739 ;-21.951637 ;
60.000000 ;-25.509092 ;-21.938366 ;
60.100000 ;-25.519044 ;-21.922053 ;
60.200000 ;-25.542780 ;-21.907122 ;
60.300000 ;-25.578903 ;-21.893449 ;
60.400000 ;-25.597092 ;-21.878311 ;
60.500000 ;-25.619520 ;-21.863699 ;
60.600000 ;-25.651056 ;-21.850054 ;
60.700000 ;-25.672771 ;-21.835674 ;
60.800000 ;-25.690891 ;-21.821121 ;
60.900000 ;-25.720067 ;-21.807710 ;
61.000000 ;-25.752103 ;-21.794706 ;
61.100000 ;-25.764264 ;-21.780068 ;
61.200000 ;-25.778127 ;-21.765734 ;
61.300000 ;-25.814308 ;-21.753556 ;
61.400000 ;-25.854828 ;-21.741920 ;
61.500000 ;-25.858582 ;-21.727130 ;
61.600000 ;-25.865554 ;-21.712782 ;
61.700000 ;-25.909035 ;-21.701868 ;
61.800000 ;-25.950155 ;-21.690893 ;
61.900000 ;-25.949316 ;-21.676296 ;
62.000000 ;-25.968596 ;-21.663659 ;
62.100000 ;-26.006111 ;-21.652813 ;
62.200000 ;-26.018213 ;-21.639832 ;
62.300000 ;-26.034565 ;-21.627383 ;
62.400000 ;-26.062203 ;-21.616097 ;
62.500000 ;-26.078787 ;-21.603966 ;
62.600000 ;-26.094237 ;-21.591883 ;
62.700000 ;-26.119273 ;-21.580807 ;
62.800000 ;-26.142263 ;-21.569695 ;
62.900000 ;-26.150858 ;-21.557437 ;
63.000000 ;-26.167970 ;-21.546089 ;
63.100000 ;-26.199637 ;-21.536192 ;
63.200000 ;-26.224318 ;-21.525812 ;
63.300000 ;-26.220319 ;-21.513000 ;
63.400000 ;-26.232893 ;-21.501819 ;
63.500000 ;-26.276660 ;-21.493582 ;
63.600000 ;-26.308424 ;-21.484406 ;
63.700000 ;-26.298212 ;-21.471598 ;
63.800000 ;-26.313619 ;-21.461232 ;
63.900000 ;-26.356299 ;-21.453453 ;
64.000000 ;-26.365324 ;-21.442787 ;
64.100000 ;-26.372250 ;-21.432068 ;
64.200000 ;-26.397471 ;-21.423125 ;
64.300000 ;-26.412052 ;-21.413361 ;
64.400000 ;-26.422408 ;-21.403350 ;
64.500000 ;-26.442690 ;-21.394360 ;
64.600000 ;-26.460403 ;-21.385270 ;
64.700000 ;-26.468166 ;-21.375416 ;
64.800000 ;-26.484070 ;-21.366420 ;
64.900000 ;-26.508649 ;-21.358328 ;
65.000000 ;-26.521584 ;-21.349317 ;
65.100000 ;-26.519451 ;-21.339079 ;
65.200000 ;-26.536240 ;-21.330662 ;
65.300000 ;-26.573149 ;-21.324171 ;
65.400000 ;-26.591520 ;-21.316138 ;
65.500000 ;-26.575924 ;-21.305177 ;
65.600000 ;-26.590235 ;-21.297019 ;
65.700000 ;-26.637190 ;-21.291907 ;
65.800000 ;-26.647788 ;-21.283648 ;
65.900000 ;-26.641767 ;-21.274012 ;
66.000000 ;-26.664612 ;-21.267080 ;
66.100000 ;-26.684048 ;-21.259955 ;
66.200000 ;-26.686634 ;-21.251429 ;
66.300000 ;-26.701420 ;-21.244107 ;
66.400000 ;-26.717722 ;-21.237029 ;
66.500000 ;-26.723453 ;-21.229112 ;
66.600000 ;-26.735764 ;-21.221891 ;
66.700000 ;-26.754607 ;-21.215360 ;
66.800000 ;-26.762454 ;-21.207948 ;
66.900000 ;-26.764097 ;-21.200083 ;
67.000000 ;-26.780426 ;-21.193636 ;
67.100000 ;-26.807104 ;-21.188216 ;
67.200000 ;-26.813550 ;-21.181083 ;
67.300000 ;-26.799265 ;-21.172191 ;
67.400000 ;-26.815266 ;-21.166111 ;
67.500000 ;-26.859692 ;-21.162674 ;
67.600000 ;-26.870798 ;-21.156345 ;
67.700000 ;-26.852545 ;-21.147479 ;
67.800000 ;-26.871218 ;-21.142016 ;
67.900000 ;-26.905630 ;-21.138055 ;
68.000000 ;-26.899900 ;-21.130588 ;
68.100000 ;-26.905651 ;-21.124237 ;
68.200000 ;-26.924159 ;-21.119118 ;
68.300000 ;-26.927541 ;-21.112731 ;
68.400000 ;-26.934681 ;-21.106767 ;
68.500000 ;-26.949675 ;-21.101591 ;
68.600000 ;-26.956510 ;-21.095768 ;
68.700000 ;-26.959301 ;-21.089667 ;
68.800000 ;-26.972308 ;-21.084562 ;
68.900000 ;-26.990484 ;-21.080001 ;
69.000000 ;-26.990840 ;-21.073925 ;
69.100000 ;-26.983163 ;-21.067210 ;
69.200000 ;-26.999799 ;-21.062748 ;
69.300000 ;-27.034126 ;-21.059947 ;
69.400000 ;-27.039465 ;-21.054627 ;
69.500000 ;-27.015475 ;-21.046757 ;
69.600000 ;-27.030385 ;-21.042445 ;
69.700000 ;-27.075916 ;-21.040948 ;
69.800000 ;-27.073612 ;-21.035240 ;
69.900000 ;-27.064201 ;-21.028966 ;
70.000000 ;-27.084157 ;-21.025392 ;
70.100000 ;-27.092937 ;-21.020888 ;
70.200000 ;-27.092068 ;-21.015588 ;
70.300000 ;-27.103136 ;-21.011424 ;
70.400000 ;-27.111273 ;-21.007064 ;
70.500000 ;-27.112676 ;-21.002169 ;
70.600000 ;-27.121683 ;-20.998018 ;
70.700000 ;-27.134868 ;-20.994306 ;
70.800000 ;-27.134842 ;-20.989475 ;
70.900000 ;-27.132661 ;-20.984515 ;
71.000000 ;-27.146585 ;-20.981057 ;
71.100000 ;-27.169048 ;-20.978423 ;
71.200000 ;-27.167055 ;-20.973663 ;
71.300000 ;-27.146006 ;-20.967259 ;
71.400000 ;-27.160197 ;-20.964066 ;
71.500000 ;-27.204456 ;-20.963619 ;
71.600000 ;-27.209687 ;-20.959739 ;
71.700000 ;-27.184820 ;-20.953223 ;
71.800000 ;-27.200421 ;-20.950383 ;
71.900000 ;-27.230480 ;-20.948893 ;
72.000000 ;-27.219505 ;-20.943785 ;
72.100000 ;-27.221946 ;-20.939930 ;
72.200000 ;-27.234940 ;-20.937072 ;
72.300000 ;-27.233829 ;-20.933004 ;
72.400000 ;-27.237933 ;-20.929455 ;
72.500000 ;-27.248575 ;-20.926540 ;
72.600000 ;-27.250246 ;-20.922873 ;
72.700000 ;-27.249824 ;-20.919069 ;
72.800000 ;-27.259687 ;-20.916233 ;
72.900000 ;-27.273721 ;-20.913817 ;
73.000000 ;-27.268773 ;-20.909753 ;
73.100000 ;-27.256402 ;-20.905074 ;
73.200000 ;-27.270134 ;-20.902772 ;
73.300000 ;-27.303071 ;-20.902232 ;
73.400000 ;-27.306555 ;-20.899105 ;
73.500000 ;-27.275312 ;-20.892920 ;
73.600000 ;-27.284793 ;-20.890419 ;
73.700000 ;-27.330336 ;-20.891185 ;
73.800000 ;-27.327022 ;-20.887626 ;
73.900000 ;-27.312210 ;-20.883081 ;
74.000000 ;-27.327759 ;-20.881291 ;
74.100000 ;-27.333350 ;-20.878652 ;
74.200000 ;-27.329488 ;-20.875208 ;
74.300000 ;-27.337015 ;-20.872822 ;
74.400000 ;-27.341520 ;-20.870205 ;
74.500000 ;-27.340176 ;-20.867104 ;
74.600000 ;-27.346162 ;-20.864696 ;
74.700000 ;-27.355981 ;-20.862668 ;
74.800000 ;-27.352820 ;-20.859519 ;
74.900000 ;-27.347297 ;-20.856196 ;
75.000000 ;-27.358033 ;-20.854360 ;
75.100000 ;-27.378312 ;-20.853412 ;
75.200000 ;-27.375599 ;-20.850447 ;
75.300000 ;-27.348349 ;-20.845327 ;
75.400000 ;-27.356411 ;-20.843394 ;
75.500000 ;-27.400550 ;-20.844718 ;
75.600000 ;-27.411092 ;-20.843073 ;
75.700000 ;-27.379434 ;-20.837692 ;
75.800000 ;-27.387767 ;-20.835917 ;
75.900000 ;-27.418454 ;-20.836172 ;
76.000000 ;-27.406147 ;-20.832618 ;
76.100000 ;-27.404249 ;-20.830023 ;
76.200000 ;-27.414395 ;-20.828534 ;
76.300000 ;-27.411351 ;-20.825899 ;
76.400000 ;-27.412658 ;-20.823682 ;
76.500000 ;-27.420537 ;-20.822080 ;
76.600000 ;-27.420373 ;-20.819791 ;
76.700000 ;-27.417391 ;-20.817279 ;
76.800000 ;-27.424285 ;-20.815676 ;
76.900000 ;-27.436217 ;-20.814551 ;
77.000000 ;-27.430837 ;-20.811909 ;
77.100000 ;-27.414038 ;-20.808276 ;
77.200000 ;-27.422775 ;-20.806948 ;
77.300000 ;-27.454641 ;-20.807712 ;
77.400000 ;-27.463799 ;-20.806474 ;
77.500000 ;-27.427345 ;-20.801191 ;
77.600000 ;-27.426857 ;-20.799146 ;
77.700000 ;-27.471762 ;-20.801180 ;
77.800000 ;-27.476307 ;-20.799634 ;
77.900000 ;-27.455119 ;-20.795814 ;
78.000000 ;-27.465284 ;-20.794818 ;
78.100000 ;-27.472166 ;-20.793553 ;
78.200000 ;-27.465577 ;-20.791108 ;
78.300000 ;-27.470025 ;-20.789671 ;
78.400000 ;-27.473589 ;-20.788178 ;
78.500000 ;-27.470342 ;-20.786101 ;
78.600000 ;-27.473677 ;-20.784632 ;
78.700000 ;-27.481711 ;-20.783605 ;
78.800000 ;-27.478370 ;-20.781585 ;
78.900000 ;-27.469895 ;-20.779129 ;
79.000000 ;-27.476890 ;-20.778073 ;
79.100000 ;-27.495803 ;-20.778102 ;
79.200000 ;-27.498504 ;-20.776705 ;
79.300000 ;-27.486650 ;-20.774030 ;
79.400000 ;-27.491758 ;-20.772888 ;
79.500000 ;-27.504078 ;-20.772410 ;
79.600000 ;-27.497267 ;-20.770245 ;
79.700000 ;-27.496307 ;-20.768620 ;
79.800000 ;-27.505618 ;-20.767931 ;
79.900000 ;-27.506980 ;-20.766552 ;
80.000000 ;-27.506930 ;-20.765065 ;
