0.000000 ;-27.500000 ;-20.600000 ;
0.100000 ;-26.742943 ;-20.725188 ;
0.200000 ;-26.226921 ;-20.813526 ;
0.300000 ;-25.865280 ;-20.870475 ;
0.400000 ;-25.579828 ;-20.899527 ;
0.500000 ;-25.361607 ;-20.908599 ;
0.600000 ;-25.185515 ;-20.902282 ;
0.700000 ;-25.044883 ;-20.885271 ;
0.800000 ;-24.935962 ;-20.861242 ;
0.900000 ;-24.844910 ;-20.832281 ;
1.000000 ;-24.769096 ;-20.800557 ;
1.100000 ;-24.712724 ;-20.767927 ;
1.200000 ;-24.671768 ;-20.735354 ;
1.300000 ;-24.633113 ;-20.702859 ;
1.400000 ;-24.587181 ;-20.670247 ;
1.500000 ;-24.558420 ;-20.640121 ;
1.600000 ;-24.555751 ;-20.613591 ;
1.700000 ;-24.563730 ;-20.589418 ;
1.800000 ;-24.546527 ;-20.564380 ;
1.900000 ;-24.523184 ;-20.540346 ;
2.000000 ;-24.520134 ;-20.519868 ;
2.100000 ;-24.518331 ;-20.501030 ;
2.200000 ;-24.508240 ;-20.482839 ;
2.300000 ;-24.505552 ;-20.466779 ;
2.400000 ;-24.505924 ;-20.452346 ;
2.500000 ;-24.500045 ;-20.438541 ;
2.600000 ;-24.497167 ;-20.426196 ;
2.700000 ;-24.501073 ;-20.415598 ;
2.800000 ;-24.505083 ;-20.406012 ;
2.900000 ;-24.494307 ;-20.395893 ;
3.000000 ;-24.483459 ;-20.386620 ;
3.100000 ;-24.491635 ;-20.380007 ;
3.200000 ;-24.513722 ;-20.375484 ;
3.300000 ;-24.520290 ;-20.370085 ;
3.400000 ;-24.505161 ;-20.363146 ;
3.500000 ;-24.505035 ;-20.358237 ;
3.600000 ;-24.514883 ;-20.354813 ;
3.700000 ;-24.510134 ;-20.350402 ;
3.800000 ;-24.508602 ;-20.346722 ;
3.900000 ;-24.513423 ;-20.344045 ;
4.000000 ;-24.512812 ;-20.341173 ;
4.100000 ;-24.509174 ;-20.338310 ;
4.200000 ;-24.512106 ;-20.336375 ;
4.300000 ;-24.519470 ;-20.335130 ;
4.400000 ;-24.517206 ;-20.333163 ;
4.500000 ;-24.503692 ;-20.330293 ;
4.600000 ;-24.504055 ;-20.328976 ;
4.700000 ;-24.522703 ;-20.329628 ;
4.800000 ;-24.538733 ;-20.330171 ;
4.900000 ;-24.525825 ;-20.327993 ;
5.000000 ;-24.519631 ;-20.326598 ;
5.100000 ;-24.529290 ;-20.326873 ;
5.200000 ;-24.529228 ;-20.326284 ;
5.300000 ;-24.524510 ;-20.325320 ;
5.400000 ;-24.527648 ;-20.325206 ;
5.500000 ;-24.530748 ;-20.325154 ;
5.600000 ;-24.525802 ;-20.324367 ;
5.700000 ;-24.525196 ;-20.324060 ;
5.800000 ;-24.531804 ;-20.324508 ;
5.900000 ;-24.535638 ;-20.324722 ;
6.000000 ;-24.523204 ;-20.323366 ;
6.100000 ;-24.516465 ;-20.322601 ;
6.200000 ;-24.528957 ;-20.323757 ;
6.300000 ;-24.548564 ;-20.325637 ;
6.400000 ;-24.539521 ;-20.324709 ;
6.500000 ;-24.511523 ;-20.321927 ;
6.600000 ;-24.517973 ;-20.322556 ;
6.700000 ;-24.554661 ;-20.326179 ;
6.800000 ;-24.556900 ;-20.326409 ;
6.900000 ;-24.533076 ;-20.324074 ;
7.000000 ;-24.537756 ;-20.324558 ;
7.100000 ;-24.552677 ;-20.326056 ;
7.200000 ;-24.542252 ;-20.325054 ;
7.300000 ;-24.540056 ;-20.324864 ;
7.400000 ;-24.545342 ;-20.325413 ;
7.500000 ;-24.541608 ;-20.325072 ;
7.600000 ;-24.539343 ;-20.324874 ;
7.700000 ;-24.543504 ;-20.325308 ;
7.800000 ;-24.545900 ;-20.325566 ;
7.900000 ;-24.538130 ;-20.324819 ;
8.000000 ;-24.535414 ;-20.324567 ;
8.100000 ;-24.544021 ;-20.325429 ;
8.200000 ;-24.554013 ;-20.326424 ;
8.300000 ;-24.541152 ;-20.325162 ;
8.400000 ;-24.521078 ;-20.323185 ;
8.500000 ;-24.529938 ;-20.324060 ;
8.600000 ;-24.562031 ;-20.327223 ;
8.700000 ;-24.568309 ;-20.327834 ;
8.800000 ;-24.536101 ;-20.324645 ;
8.900000 ;-24.534106 ;-20.324436 ;
9.000000 ;-24.564429 ;-20.327414 ;
9.100000 ;-24.562094 ;-20.327163 ;
9.200000 ;-24.548392 ;-20.325788 ;
9.300000 ;-24.553436 ;-20.326259 ;
9.400000 ;-24.555200 ;-20.326405 ;
9.500000 ;-24.549471 ;-20.325808 ;
9.600000 ;-24.550985 ;-20.325923 ;
9.700000 ;-24.554286 ;-20.326212 ;
9.800000 ;-24.552837 ;-20.326030 ;
9.900000 ;-24.550530 ;-20.375663 ;
10.000000 ;-24.507709 ;-20.677415 ;
10.100000 ;-24.387262 ;-21.085108 ;
10.200000 ;-24.176569 ;-21.496367 ;
10.300000 ;-23.891792 ;-21.875692 ;
10.400000 ;-23.552786 ;-22.210346 ;
10.500000 ;-23.181375 ;-22.497772 ;
10.600000 ;-22.797202 ;-22.739698 ;
10.700000 ;-22.414134 ;-22.939515 ;
10.800000 ;-22.047074 ;-23.101946 ;
10.900000 ;-21.696304 ;-23.230873 ;
11.000000 ;-21.373463 ;-23.331545 ;
11.100000 ;-21.086701 ;-23.408802 ;
11.200000 ;-20.812633 ;-23.464375 ;
11.300000 ;-20.569593 ;-23.503623 ;
11.400000 ;-20.371470 ;-23.531019 ;
11.500000 ;-20.181356 ;-23.546036 ;
11.600000 ;-20.004538 ;-23.551724 ;
11.700000 ;-19.867232 ;-23.552567 ;
11.800000 ;-19.741561 ;-23.547775 ;
11.900000 ;-19.619112 ;-23.538112 ;
12.000000 ;-19.524300 ;-23.527005 ;
12.100000 ;-19.440506 ;-23.513923 ;
12.200000 ;-19.355891 ;-23.498627 ;
12.300000 ;-19.290927 ;-23.483592 ;
12.400000 ;-19.237429 ;-23.468572 ;
12.500000 ;-19.176631 ;-23.452294 ;
12.600000 ;-19.129045 ;-23.436920 ;
12.700000 ;-19.097094 ;-23.422885 ;
12.800000 ;-19.056765 ;-23.408196 ;
12.900000 ;-19.015827 ;-23.393707 ;
13.000000 ;-18.993968 ;-23.381301 ;
13.100000 ;-18.976097 ;-23.369656 ;
13.200000 ;-18.940875 ;-23.356865 ;
13.300000 ;-18.918451 ;-23.345734 ;
13.400000 ;-18.911878 ;-23.336551 ;
13.500000 ;-18.890589 ;-23.326495 ;
13.600000 ;-18.867190 ;-23.316734 ;
13.700000 ;-18.860676 ;-23.309011 ;
13.800000 ;-18.851658 ;-23.301515 ;
13.900000 ;-18.830924 ;-23.293384 ;
14.000000 ;-18.822475 ;-23.286814 ;
14.100000 ;-18.820496 ;-23.281246 ;
14.200000 ;-18.803955 ;-23.274720 ;
14.300000 ;-18.792949 ;-23.269071 ;
14.400000 ;-18.793857 ;-23.264863 ;
14.500000 ;-18.785969 ;-23.260168 ;
14.600000 ;-18.770543 ;-23.255083 ;
14.700000 ;-18.769218 ;-23.251583 ;
14.800000 ;-18.773399 ;-23.248856 ;
14.900000 ;-18.758385 ;-23.244608 ;
15.000000 ;-18.748873 ;-23.241101 ;
15.100000 ;-18.755824 ;-23.239329 ;
15.200000 ;-18.753251 ;-23.236880 ;
15.300000 ;-18.738214 ;-23.233469 ;
15.400000 ;-18.738814 ;-23.231675 ;
15.500000 ;-18.745160 ;-23.230571 ;
15.600000 ;-18.732575 ;-23.227874 ;
15.700000 ;-18.727424 ;-23.226001 ;
15.800000 ;-18.733691 ;-23.225308 ;
15.900000 ;-18.727404 ;-23.223579 ;
16.000000 ;-18.719013 ;-23.221767 ;
16.100000 ;-18.722848 ;-23.221182 ;
16.200000 ;-18.724070 ;-23.220451 ;
16.300000 ;-18.712873 ;-23.218665 ;
16.400000 ;-18.712008 ;-23.217910 ;
16.500000 ;-18.720007 ;-23.218044 ;
16.600000 ;-18.712449 ;-23.216816 ;
16.700000 ;-18.703044 ;-23.215481 ;
16.800000 ;-18.709938 ;-23.215704 ;
16.900000 ;-18.715990 ;-23.215903 ;
17.000000 ;-18.702201 ;-23.214326 ;
17.100000 ;-18.700125 ;-23.213872 ;
17.200000 ;-18.711423 ;-23.214690 ;
17.300000 ;-18.705228 ;-23.213937 ;
17.400000 ;-18.696739 ;-23.213008 ;
17.500000 ;-18.703409 ;-23.213505 ;
17.600000 ;-18.705100 ;-23.213574 ;
17.700000 ;-18.695556 ;-23.212637 ;
17.800000 ;-18.697289 ;-23.212762 ;
17.900000 ;-18.703436 ;-23.213315 ;
18.000000 ;-18.694816 ;-23.212532 ;
18.100000 ;-18.691735 ;-23.212277 ;
18.200000 ;-18.699430 ;-23.213029 ;
18.300000 ;-18.697364 ;-23.212901 ;
18.400000 ;-18.687528 ;-23.212072 ;
18.500000 ;-18.691664 ;-23.212542 ;
18.600000 ;-18.701210 ;-23.213520 ;
18.700000 ;-18.690528 ;-23.212650 ;
18.800000 ;-18.684566 ;-23.212224 ;
18.900000 ;-18.695712 ;-23.213380 ;
19.000000 ;-18.697519 ;-23.213686 ;
19.100000 ;-18.685442 ;-23.212723 ;
19.200000 ;-18.688855 ;-23.213190 ;
19.300000 ;-18.698103 ;-23.214200 ;
19.400000 ;-18.688436 ;-23.213478 ;
19.500000 ;-18.686014 ;-23.213426 ;
19.600000 ;-18.694182 ;-23.214351 ;
19.700000 ;-18.689804 ;-23.214128 ;
19.800000 ;-18.684080 ;-23.213785 ;
19.900000 ;-18.689854 ;-23.214502 ;
20.000000 ;-18.692296 ;-23.214915 ;
20.100000 ;-18.682920 ;-23.214246 ;
20.200000 ;-18.683924 ;-23.214532 ;
20.300000 ;-18.693605 ;-23.215618 ;
20.400000 ;-18.687410 ;-23.215247 ;
20.500000 ;-18.678773 ;-23.214653 ;
20.600000 ;-18.687154 ;-23.215624 ;
20.700000 ;-18.695575 ;-23.216601 ;
20.800000 ;-18.682459 ;-23.215599 ;
20.900000 ;-18.680809 ;-23.215652 ;
21.000000 ;-18.693529 ;-23.217027 ;
21.100000 ;-18.688713 ;-23.216791 ;
21.200000 ;-18.681090 ;-23.216297 ;
21.300000 ;-18.688357 ;-23.217172 ;
21.400000 ;-18.690405 ;-23.217569 ;
21.500000 ;-18.682227 ;-23.217025 ;
21.600000 ;-18.684891 ;-23.217478 ;
21.700000 ;-18.690961 ;-23.218245 ;
21.800000 ;-18.683079 ;-23.217729 ;
21.900000 ;-18.681141 ;-23.217760 ;
22.000000 ;-18.689397 ;-23.218727 ;
22.100000 ;-18.687572 ;-23.218768 ;
22.200000 ;-18.678036 ;-23.218101 ;
22.300000 ;-18.682889 ;-23.218755 ;
22.400000 ;-18.693693 ;-23.219957 ;
22.500000 ;-18.683340 ;-23.219214 ;
22.600000 ;-18.676928 ;-23.218833 ;
22.700000 ;-18.688934 ;-23.220144 ;
22.800000 ;-18.692265 ;-23.220659 ;
22.900000 ;-18.680115 ;-23.219750 ;
23.000000 ;-18.683534 ;-23.220271 ;
23.100000 ;-18.693088 ;-23.221357 ;
23.200000 ;-18.684025 ;-23.220731 ;
23.300000 ;-18.682226 ;-23.220772 ;
23.400000 ;-18.690130 ;-23.221704 ;
23.500000 ;-18.685696 ;-23.221503 ;
23.600000 ;-18.680980 ;-23.221275 ;
23.700000 ;-18.687030 ;-23.222036 ;
23.800000 ;-18.689012 ;-23.222423 ;
23.900000 ;-18.679962 ;-23.221796 ;
24.000000 ;-18.681533 ;-23.222144 ;
24.100000 ;-18.691718 ;-23.223284 ;
24.200000 ;-18.685642 ;-23.222929 ;
24.300000 ;-18.676396 ;-23.222282 ;
24.400000 ;-18.685255 ;-23.223299 ;
24.500000 ;-18.695373 ;-23.224432 ;
24.600000 ;-18.681938 ;-23.223399 ;
24.700000 ;-18.679633 ;-23.223388 ;
24.800000 ;-18.692945 ;-23.224814 ;
24.900000 ;-18.688726 ;-23.224627 ;
25.000000 ;-18.681288 ;-23.224144 ;
25.100000 ;-18.688377 ;-23.224996 ;
25.200000 ;-18.689925 ;-23.225338 ;
25.300000 ;-18.682600 ;-23.224864 ;
25.400000 ;-18.685617 ;-23.225340 ;
25.500000 ;-18.690879 ;-23.226022 ;
25.600000 ;-18.683226 ;-23.225517 ;
25.700000 ;-18.681963 ;-23.225599 ;
25.800000 ;-18.690307 ;-23.226563 ;
25.900000 ;-18.688227 ;-23.226569 ;
26.000000 ;-18.678363 ;-23.225858 ;
26.100000 ;-18.683519 ;-23.226529 ;
26.200000 ;-18.695474 ;-23.227824 ;
26.300000 ;-18.685146 ;-23.227070 ;
26.400000 ;-18.677556 ;-23.226567 ;
26.500000 ;-18.690078 ;-23.227913 ;
26.600000 ;-18.694948 ;-23.228556 ;
26.700000 ;-18.682363 ;-23.227592 ;
26.800000 ;-18.685373 ;-23.228062 ;
26.900000 ;-18.694798 ;-23.229122 ;
27.000000 ;-18.686133 ;-23.228518 ;
27.100000 ;-18.684756 ;-23.228584 ;
27.200000 ;-18.692007 ;-23.229442 ;
27.300000 ;-18.687306 ;-23.229202 ;
27.400000 ;-18.683424 ;-23.229036 ;
27.500000 ;-18.689495 ;-23.229784 ;
27.600000 ;-18.690794 ;-23.230094 ;
27.700000 ;-18.681790 ;-23.229456 ;
27.800000 ;-18.683715 ;-23.229822 ;
27.900000 ;-18.694379 ;-23.230992 ;
28.000000 ;-18.688375 ;-23.230628 ;
28.100000 ;-18.677951 ;-23.229857 ;
28.200000 ;-18.687049 ;-23.230882 ;
28.300000 ;-18.699238 ;-23.232191 ;
28.400000 ;-18.685428 ;-23.231108 ;
28.500000 ;-18.681985 ;-23.230977 ;
28.600000 ;-18.695686 ;-23.232424 ;
28.700000 ;-18.692064 ;-23.232277 ;
28.800000 ;-18.684731 ;-23.231788 ;
28.900000 ;-18.691401 ;-23.232586 ;
29.000000 ;-18.692269 ;-23.232851 ;
29.100000 ;-18.685780 ;-23.232438 ;
29.200000 ;-18.688994 ;-23.232917 ;
29.300000 ;-18.693278 ;-23.233494 ;
29.400000 ;-18.685824 ;-23.232991 ;
29.500000 ;-18.685106 ;-23.233107 ;
29.600000 ;-18.693472 ;-23.234059 ;
29.700000 ;-18.691159 ;-23.234027 ;
29.800000 ;-18.680590 ;-23.233236 ;
29.900000 ;-18.685854 ;-23.233901 ;
30.000000 ;-18.699293 ;-23.235318 ;
30.100000 ;-18.689247 ;-23.234573 ;
30.200000 ;-18.679845 ;-23.233887 ;
30.300000 ;-18.692655 ;-23.235245 ;
30.400000 ;-18.699570 ;-23.236060 ;
30.500000 ;-18.686442 ;-23.235030 ;
30.600000 ;-18.688770 ;-23.235422 ;
30.700000 ;-18.697872 ;-23.236437 ;
30.800000 ;-18.689656 ;-23.235858 ;
30.900000 ;-18.688635 ;-23.235940 ;
31.000000 ;-18.695063 ;-23.236707 ;
31.100000 ;-18.690172 ;-23.236433 ;
31.200000 ;-18.687050 ;-23.236321 ;
31.300000 ;-18.693027 ;-23.237045 ;
31.400000 ;-18.693695 ;-23.237280 ;
31.500000 ;-18.684561 ;-23.236613 ;
31.600000 ;-18.686685 ;-23.236982 ;
31.700000 ;-18.697991 ;-23.238195 ;
31.800000 ;-18.692375 ;-23.237851 ;
31.900000 ;-18.680158 ;-23.236898 ;
32.000000 ;-18.689175 ;-23.237900 ;
32.100000 ;-18.704077 ;-23.239443 ;
32.200000 ;-18.690205 ;-23.238337 ;
32.300000 ;-18.685087 ;-23.238036 ;
32.400000 ;-18.698962 ;-23.239483 ;
32.500000 ;-18.696140 ;-23.239393 ;
32.600000 ;-18.688886 ;-23.238894 ;
32.700000 ;-18.694960 ;-23.239622 ;
32.800000 ;-18.695173 ;-23.239809 ;
32.900000 ;-18.689520 ;-23.239457 ;
33.000000 ;-18.692807 ;-23.239926 ;
33.100000 ;-18.696152 ;-23.240401 ;
33.200000 ;-18.688900 ;-23.239899 ;
33.300000 ;-18.688592 ;-23.240037 ;
33.400000 ;-18.696990 ;-23.240975 ;
33.500000 ;-18.694675 ;-23.240927 ;
33.600000 ;-18.682979 ;-23.240015 ;
33.700000 ;-18.688049 ;-23.240645 ;
33.800000 ;-18.703420 ;-23.242225 ;
33.900000 ;-18.694359 ;-23.241553 ;
34.000000 ;-18.682381 ;-23.240613 ;
34.100000 ;-18.695034 ;-23.241941 ;
34.200000 ;-18.704771 ;-23.243000 ;
34.300000 ;-18.691060 ;-23.241899 ;
34.400000 ;-18.692393 ;-23.242183 ;
34.500000 ;-18.701056 ;-23.243141 ;
34.600000 ;-18.693380 ;-23.242595 ;
34.700000 ;-18.692622 ;-23.242685 ;
34.800000 ;-18.698167 ;-23.243354 ;
34.900000 ;-18.693250 ;-23.243061 ;
35.000000 ;-18.690766 ;-23.242990 ;
35.100000 ;-18.696568 ;-23.243682 ;
35.200000 ;-18.696790 ;-23.243860 ;
35.300000 ;-18.687326 ;-23.243146 ;
35.400000 ;-18.689423 ;-23.243496 ;
35.500000 ;-18.701569 ;-23.244770 ;
35.600000 ;-18.696990 ;-23.244504 ;
35.700000 ;-18.682277 ;-23.243304 ;
35.800000 ;-18.690595 ;-23.244226 ;
35.900000 ;-18.708878 ;-23.246065 ;
36.000000 ;-18.695727 ;-23.245008 ;
36.100000 ;-18.688284 ;-23.244476 ;
36.200000 ;-18.701967 ;-23.245890 ;
36.300000 ;-18.700272 ;-23.245887 ;
36.400000 ;-18.693041 ;-23.245374 ;
36.500000 ;-18.698367 ;-23.246016 ;
36.600000 ;-18.698085 ;-23.246142 ;
36.700000 ;-18.693199 ;-23.245843 ;
36.800000 ;-18.696426 ;-23.246291 ;
36.900000 ;-18.699013 ;-23.246679 ;
37.000000 ;-18.691933 ;-23.246177 ;
37.100000 ;-18.691844 ;-23.246318 ;
37.200000 ;-18.700307 ;-23.247247 ;
37.300000 ;-18.698399 ;-23.247220 ;
37.400000 ;-18.685121 ;-23.246145 ;
37.500000 ;-18.689472 ;-23.246693 ;
37.600000 ;-18.707146 ;-23.248469 ;
37.700000 ;-18.700331 ;-23.247988 ;
37.800000 ;-18.684965 ;-23.246719 ;
37.900000 ;-18.696636 ;-23.247941 ;
38.000000 ;-18.710111 ;-23.249329 ;
38.100000 ;-18.695866 ;-23.248162 ;
38.200000 ;-18.695845 ;-23.248305 ;
38.300000 ;-18.704025 ;-23.249203 ;
38.400000 ;-18.696958 ;-23.248697 ;
38.500000 ;-18.696320 ;-23.248781 ;
38.600000 ;-18.701039 ;-23.249359 ;
38.700000 ;-18.696261 ;-23.249062 ;
38.800000 ;-18.694231 ;-23.249017 ;
38.900000 ;-18.699798 ;-23.249672 ;
39.000000 ;-18.699863 ;-23.249820 ;
39.100000 ;-18.689858 ;-23.249039 ;
39.200000 ;-18.691589 ;-23.249339 ;
39.300000 ;-18.704699 ;-23.250688 ;
39.400000 ;-18.702153 ;-23.250593 ;
39.500000 ;-18.684333 ;-23.249090 ;
39.600000 ;-18.690910 ;-23.249836 ;
39.700000 ;-18.712959 ;-23.252008 ;
39.800000 ;-18.701924 ;-23.251131 ;
39.900000 ;-18.691430 ;-23.250304 ;
40.000000 ;-18.704458 ;-23.251637 ;
40.100000 ;-18.704869 ;-23.251775 ;
40.200000 ;-18.699128 ;-23.251306 ;
40.300000 ;-18.704156 ;-23.251821 ;
40.400000 ;-18.705524 ;-23.251966 ;
40.500000 ;-18.706771 ;-23.252089 ;
40.600000 ;-18.709786 ;-23.252385 ;
40.700000 ;-18.712691 ;-23.252688 ;
40.800000 ;-18.717162 ;-23.253159 ;
40.900000 ;-18.722265 ;-23.253715 ;
41.000000 ;-18.726475 ;-23.254228 ;
41.100000 ;-18.732642 ;-23.254949 ;
41.200000 ;-18.740963 ;-23.255895 ;
41.300000 ;-18.746285 ;-23.256608 ;
41.400000 ;-18.745663 ;-23.256828 ;
41.500000 ;-18.754826 ;-23.257960 ;
41.600000 ;-18.776587 ;-23.260247 ;
41.700000 ;-18.796998 ;-23.262424 ;
41.800000 ;-18.798339 ;-23.262889 ;
41.900000 ;-18.807253 ;-23.264068 ;
42.000000 ;-18.827384 ;-23.266286 ;
42.100000 ;-18.837558 ;-23.267576 ;
42.200000 ;-18.851482 ;-23.269197 ;
42.300000 ;-18.871329 ;-23.271337 ;
42.400000 ;-18.885029 ;-23.272877 ;
42.500000 ;-18.900894 ;-23.274568 ;
42.600000 ;-18.926342 ;-23.277068 ;
42.700000 ;-18.950949 ;-23.279405 ;
42.800000 ;-18.959780 ;-23.280190 ;
42.900000 ;-18.980112 ;-23.281930 ;
43.000000 ;-19.021826 ;-23.285518 ;
43.100000 ;-19.056768 ;-23.288305 ;
43.200000 ;-19.061669 ;-23.288090 ;
43.300000 ;-19.089000 ;-23.289792 ;
43.400000 ;-19.143190 ;-23.293800 ;
43.500000 ;-19.169130 ;-23.294862 ;
43.600000 ;-19.191049 ;-23.295256 ;
43.700000 ;-19.233451 ;-23.297285 ;
43.800000 ;-19.267025 ;-23.298121 ;
43.900000 ;-19.298640 ;-23.298396 ;
44.000000 ;-19.340308 ;-23.299219 ;
44.100000 ;-19.377771 ;-23.299202 ;
44.200000 ;-19.413364 ;-23.298543 ;
44.300000 ;-19.458480 ;-23.298287 ;
44.400000 ;-19.505106 ;-23.297637 ;
44.500000 ;-19.538851 ;-23.295198 ;
44.600000 ;-19.580624 ;-23.292944 ;
44.700000 ;-19.638289 ;-23.291594 ;
44.800000 ;-19.689839 ;-23.288997 ;
44.900000 ;-19.719832 ;-23.283628 ;
45.000000 ;-19.767894 ;-23.279335 ;
45.100000 ;-19.837236 ;-23.276405 ;
45.200000 ;-19.884580 ;-23.270554 ;
45.300000 ;-19.922273 ;-23.262987 ;
45.400000 ;-19.981846 ;-23.256807 ;
45.500000 ;-20.040307 ;-23.249712 ;
45.600000 ;-20.083935 ;-23.240329 ;
45.700000 ;-20.138975 ;-23.231258 ;
45.800000 ;-20.197814 ;-23.221729 ;
45.900000 ;-20.245729 ;-23.210273 ;
46.000000 ;-20.300083 ;-23.198617 ;
46.100000 ;-20.361703 ;-23.186838 ;
46.200000 ;-20.413390 ;-23.173221 ;
46.300000 ;-20.462071 ;-23.158470 ;
46.400000 ;-20.523679 ;-23.144183 ;
46.500000 ;-20.589594 ;-23.129499 ;
46.600000 ;-20.635306 ;-23.111962 ;
46.700000 ;-20.682655 ;-23.093798 ;
46.800000 ;-20.751135 ;-23.077001 ;
46.900000 ;-20.820228 ;-23.059494 ;
47.000000 ;-20.860886 ;-23.038339 ;
47.100000 ;-20.912494 ;-23.017587 ;
47.200000 ;-20.983479 ;-22.998121 ;
47.300000 ;-21.038371 ;-22.976325 ;
47.400000 ;-21.084505 ;-22.952983 ;
47.500000 ;-21.144965 ;-22.930495 ;
47.600000 ;-21.204712 ;-22.907339 ;
47.700000 ;-21.251967 ;-22.882339 ;
47.800000 ;-21.306956 ;-22.857604 ;
47.900000 ;-21.367886 ;-22.832980 ;
48.000000 ;-21.416693 ;-22.806641 ;
48.100000 ;-21.464772 ;-22.779796 ;
48.200000 ;-21.523829 ;-22.753679 ;
48.300000 ;-21.583454 ;-22.727250 ;
48.400000 ;-21.624525 ;-22.698572 ;
48.500000 ;-21.670118 ;-22.670063 ;
48.600000 ;-21.733048 ;-22.643076 ;
48.700000 ;-21.794071 ;-22.615653 ;
48.800000 ;-21.828313 ;-22.585253 ;
48.900000 ;-21.872110 ;-22.555674 ;
49.000000 ;-21.936914 ;-22.528133 ;
49.100000 ;-21.990115 ;-22.499276 ;
49.200000 ;-22.024045 ;-22.468341 ;
49.300000 ;-22.073084 ;-22.438923 ;
49.400000 ;-22.130778 ;-22.410380 ;
49.500000 ;-22.169358 ;-22.379859 ;
49.600000 ;-22.210727 ;-22.349659 ;
49.700000 ;-22.262303 ;-22.320574 ;
49.800000 ;-22.306550 ;-22.290810 ;
49.900000 ;-22.343010 ;-22.260348 ;
50.000000 ;-22.388172 ;-22.230914 ;
50.100000 ;-22.438467 ;-22.202159 ;
50.200000 ;-22.474579 ;-22.172109 ;
50.300000 ;-22.507217 ;-22.141892 ;
50.400000 ;-22.553766 ;-22.113321 ;
50.500000 ;-22.606245 ;-22.085587 ;
50.600000 ;-22.636925 ;-22.055845 ;
50.700000 ;-22.662553 ;-22.025842 ;
50.800000 ;-22.709478 ;-21.998313 ;
50.900000 ;-22.764756 ;-21.971932 ;
51.000000 ;-22.790368 ;-21.942788 ;
51.100000 ;-22.815853 ;-21.913944 ;
51.200000 ;-22.862434 ;-21.887601 ;
51.300000 ;-22.905704 ;-21.861248 ;
51.400000 ;-22.928529 ;-21.833131 ;
51.500000 ;-22.961765 ;-21.806437 ;
51.600000 ;-23.003828 ;-21.781010 ;
51.700000 ;-23.031699 ;-21.754488 ;
51.800000 ;-23.058876 ;-21.728266 ;
51.900000 ;-23.095618 ;-21.703404 ;
52.000000 ;-23.130724 ;-21.678755 ;
52.100000 ;-23.152474 ;-21.653122 ;
52.200000 ;-23.180058 ;-21.628477 ;
52.300000 ;-23.218618 ;-21.605348 ;
52.400000 ;-23.252140 ;-21.582096 ;
52.500000 ;-23.266180 ;-21.557246 ;
52.600000 ;-23.289618 ;-21.533757 ;
52.700000 ;-23.331854 ;-21.512588 ;
52.800000 ;-23.369224 ;-21.491319 ;
52.900000 ;-23.377330 ;-21.467457 ;
53.000000 ;-23.396965 ;-21.445171 ;
53.100000 ;-23.439448 ;-21.425617 ;
53.200000 ;-23.470219 ;-21.405261 ;
53.300000 ;-23.479914 ;-21.383148 ;
53.400000 ;-23.504574 ;-21.362955 ;
53.500000 ;-23.539170 ;-21.344164 ;
53.600000 ;-23.555489 ;-21.323897 ;
53.700000 ;-23.573176 ;-21.304155 ;
53.800000 ;-23.601166 ;-21.285843 ;
53.900000 ;-23.624451 ;-21.267431 ;
54.000000 ;-23.638054 ;-21.248410 ;
54.100000 ;-23.659206 ;-21.230527 ;
54.200000 ;-23.687809 ;-21.213768 ;
54.300000 ;-23.706096 ;-21.196326 ;
54.400000 ;-23.714150 ;-21.178206 ;
54.500000 ;-23.734829 ;-21.161723 ;
54.600000 ;-23.768044 ;-21.146861 ;
54.700000 ;-23.788224 ;-21.131024 ;
54.800000 ;-23.787305 ;-21.113394 ;
54.900000 ;-23.803758 ;-21.097861 ;
55.000000 ;-23.841778 ;-21.084845 ;
55.100000 ;-23.863232 ;-21.070480 ;
55.200000 ;-23.861511 ;-21.054094 ;
55.300000 ;-23.878738 ;-21.039945 ;
55.400000 ;-23.910502 ;-21.027580 ;
55.500000 ;-23.919476 ;-21.013221 ;
55.600000 ;-23.927477 ;-20.999069 ;
55.700000 ;-23.948553 ;-20.986537 ;
55.800000 ;-23.965558 ;-20.973889 ;
55.900000 ;-23.972583 ;-20.960525 ;
56.000000 ;-23.987163 ;-20.948208 ;
56.100000 ;-24.007805 ;-20.936783 ;
56.200000 ;-24.017513 ;-20.924533 ;
56.300000 ;-24.022803 ;-20.912109 ;
56.400000 ;-24.039330 ;-20.901082 ;
56.500000 ;-24.062937 ;-20.891031 ;
56.600000 ;-24.070834 ;-20.879655 ;
56.700000 ;-24.067172 ;-20.867369 ;
56.800000 ;-24.082166 ;-20.857208 ;
56.900000 ;-24.114077 ;-20.848992 ;
57.000000 ;-24.126925 ;-20.839096 ;
57.100000 ;-24.116884 ;-20.827136 ;
57.200000 ;-24.128744 ;-20.817606 ;
57.300000 ;-24.160686 ;-20.810320 ;
57.400000 ;-24.167247 ;-20.800705 ;
57.500000 ;-24.164999 ;-20.790422 ;
57.600000 ;-24.180541 ;-20.782139 ;
57.700000 ;-24.197026 ;-20.774159 ;
57.800000 ;-24.197953 ;-20.764822 ;
57.900000 ;-24.206188 ;-20.756418 ;
58.000000 ;-24.221738 ;-20.748945 ;
58.100000 ;-24.227411 ;-20.740674 ;
58.200000 ;-24.230163 ;-20.732300 ;
58.300000 ;-24.242152 ;-20.725036 ;
58.400000 ;-24.258164 ;-20.718356 ;
58.500000 ;-24.259502 ;-20.710385 ;
58.600000 ;-24.256738 ;-20.702177 ;
58.700000 ;-24.270028 ;-20.695746 ;
58.800000 ;-24.293983 ;-20.690550 ;
58.900000 ;-24.298306 ;-20.683552 ;
59.000000 ;-24.284488 ;-20.674900 ;
59.100000 ;-24.293920 ;-20.668732 ;
59.200000 ;-24.325543 ;-20.664936 ;
59.300000 ;-24.332940 ;-20.658867 ;
59.400000 ;-24.320666 ;-20.650978 ;
59.500000 ;-24.330759 ;-20.645470 ;
59.600000 ;-24.352148 ;-20.641233 ;
59.700000 ;-24.348953 ;-20.634675 ;
59.800000 ;-24.350037 ;-20.628681 ;
59.900000 ;-24.362565 ;-20.623962 ;
60.000000 ;-24.367363 ;-20.618601 ;
60.100000 ;-24.367062 ;-20.612857 ;
60.200000 ;-24.374874 ;-20.608047 ;
60.300000 ;-24.386172 ;-20.603707 ;
60.400000 ;-24.385308 ;-20.598271 ;
60.500000 ;-24.383749 ;-20.592883 ;
60.600000 ;-24.394283 ;-20.588815 ;
60.700000 ;-24.410361 ;-20.585411 ;
60.800000 ;-24.408105 ;-20.580287 ;
60.900000 ;-24.395585 ;-20.574247 ;
61.000000 ;-24.404935 ;-20.570492 ;
61.100000 ;-24.432906 ;-20.568696 ;
61.200000 ;-24.439118 ;-20.564829 ;
61.300000 ;-24.419709 ;-20.558506 ;
61.400000 ;-24.424823 ;-20.554724 ;
61.500000 ;-24.452112 ;-20.553246 ;
61.600000 ;-24.451577 ;-20.549085 ;
61.700000 ;-24.443358 ;-20.544247 ;
61.800000 ;-24.452909 ;-20.541268 ;
61.900000 ;-24.461199 ;-20.538249 ;
62.000000 ;-24.457097 ;-20.534078 ;
62.100000 ;-24.460656 ;-20.530753 ;
62.200000 ;-24.469728 ;-20.528056 ;
62.300000 ;-24.468751 ;-20.524437 ;
62.400000 ;-24.467139 ;-20.520831 ;
62.500000 ;-24.474574 ;-20.518201 ;
62.600000 ;-24.484871 ;-20.515929 ;
62.700000 ;-24.479848 ;-20.512204 ;
62.800000 ;-24.471567 ;-20.508225 ;
62.900000 ;-24.480723 ;-20.506050 ;
63.000000 ;-24.501720 ;-20.505119 ;
63.100000 ;-24.502821 ;-20.502274 ;
63.200000 ;-24.481133 ;-20.497227 ;
63.300000 ;-24.484179 ;-20.494704 ;
63.400000 ;-24.514318 ;-20.494937 ;
63.500000 ;-24.521405 ;-20.492936 ;
63.600000 ;-24.502907 ;-20.488448 ;
63.700000 ;-24.507265 ;-20.486291 ;
63.800000 ;-24.524690 ;-20.485491 ;
63.900000 ;-24.517998 ;-20.482346 ;
64.000000 ;-24.515592 ;-20.479681 ;
64.100000 ;-24.523626 ;-20.478106 ;
64.200000 ;-24.524064 ;-20.475827 ;
64.300000 ;-24.521023 ;-20.473252 ;
64.400000 ;-24.525572 ;-20.471481 ;
64.500000 ;-24.532766 ;-20.470020 ;
64.600000 ;-24.528182 ;-20.467436 ;
64.700000 ;-24.523422 ;-20.464880 ;
64.800000 ;-24.530911 ;-20.463586 ;
64.900000 ;-24.544436 ;-20.462935 ;
65.000000 ;-24.540044 ;-20.460547 ;
65.100000 ;-24.521583 ;-20.456804 ;
65.200000 ;-24.526052 ;-20.455380 ;
65.300000 ;-24.553773 ;-20.456305 ;
65.400000 ;-24.563585 ;-20.455490 ;
65.500000 ;-24.538362 ;-20.451233 ;
65.600000 ;-24.536437 ;-20.449328 ;
65.700000 ;-24.562212 ;-20.450213 ;
65.800000 ;-24.562769 ;-20.448627 ;
65.900000 ;-24.550916 ;-20.445843 ;
66.000000 ;-24.556480 ;-20.444823 ;
66.100000 ;-24.562145 ;-20.443846 ;
66.200000 ;-24.556352 ;-20.441764 ;
66.300000 ;-24.557579 ;-20.440411 ;
66.400000 ;-24.563735 ;-20.439579 ;
66.500000 ;-24.560689 ;-20.437863 ;
66.600000 ;-24.557231 ;-20.436136 ;
66.700000 ;-24.562379 ;-20.435293 ;
66.800000 ;-24.570575 ;-20.434781 ;
66.900000 ;-24.563986 ;-20.432829 ;
67.000000 ;-24.552103 ;-20.430380 ;
67.100000 ;-24.558176 ;-20.429739 ;
67.200000 ;-24.578925 ;-20.430581 ;
67.300000 ;-24.583426 ;-20.429835 ;
67.400000 ;-24.556717 ;-20.426017 ;
67.500000 ;-24.552368 ;-20.424444 ;
67.600000 ;-24.581916 ;-20.426259 ;
67.700000 ;-24.596405 ;-20.426602 ;
67.800000 ;-24.573849 ;-20.423290 ;
67.900000 ;-24.572591 ;-20.422115 ;
68.000000 ;-24.588692 ;-20.422685 ;
68.100000 ;-24.582153 ;-20.421028 ;
68.200000 ;-24.577673 ;-20.419597 ;
68.300000 ;-24.583275 ;-20.419186 ;
68.400000 ;-24.582634 ;-20.418176 ;
68.500000 ;-24.578545 ;-20.416843 ;
68.600000 ;-24.581378 ;-20.416215 ;
68.700000 ;-24.586983 ;-20.415881 ;
68.800000 ;-24.581576 ;-20.414473 ;
68.900000 ;-24.574952 ;-20.412962 ;
69.000000 ;-24.580443 ;-20.412671 ;
69.100000 ;-24.593397 ;-20.413136 ;
69.200000 ;-24.590997 ;-20.412095 ;
69.300000 ;-24.568268 ;-20.409055 ;
69.400000 ;-24.567132 ;-20.408172 ;
69.500000 ;-24.594761 ;-20.410158 ;
69.600000 ;-24.613240 ;-20.411251 ;
69.700000 ;-24.585745 ;-20.407798 ;
69.800000 ;-24.575773 ;-20.406099 ;
69.900000 ;-24.599714 ;-20.407780 ;
70.000000 ;-24.605884 ;-20.407711 ;
70.100000 ;-24.591441 ;-20.405609 ;
70.200000 ;-24.593705 ;-20.405178 ;
70.300000 ;-24.599109 ;-20.405072 ;
70.400000 ;-24.592830 ;-20.403819 ;
70.500000 ;-24.592644 ;-20.403182 ;
70.600000 ;-24.597511 ;-20.403059 ;
70.700000 ;-24.594280 ;-20.402145 ;
70.800000 ;-24.589865 ;-20.401125 ;
70.900000 ;-24.593564 ;-20.400921 ;
71.000000 ;-24.601109 ;-20.401109 ;
71.100000 ;-24.595405 ;-20.399995 ;
71.200000 ;-24.580826 ;-20.398011 ;
71.300000 ;-24.583663 ;-20.397765 ;
71.400000 ;-24.604393 ;-20.399302 ;
71.500000 ;-24.614998 ;-20.399846 ;
71.600000 ;-24.586874 ;-20.396559 ;
71.700000 ;-24.573973 ;-20.394793 ;
71.800000 ;-24.601044 ;-20.396999 ;
71.900000 ;-24.626247 ;-20.399029 ;
72.000000 ;-24.602413 ;-20.396203 ;
72.100000 ;-24.595173 ;-20.395033 ;
72.200000 ;-24.610127 ;-20.396073 ;
72.300000 ;-24.605799 ;-20.395208 ;
72.400000 ;-24.599743 ;-20.394180 ;
72.500000 ;-24.603728 ;-20.394154 ;
72.600000 ;-24.603401 ;-20.393710 ;
72.700000 ;-24.598834 ;-20.392852 ;
72.800000 ;-24.600509 ;-20.392621 ;
72.900000 ;-24.605550 ;-20.392730 ;
73.000000 ;-24.600731 ;-20.391869 ;
73.100000 ;-24.592770 ;-20.390704 ;
73.200000 ;-24.596412 ;-20.390696 ;
73.300000 ;-24.609177 ;-20.391598 ;
73.400000 ;-24.610657 ;-20.391388 ;
73.500000 ;-24.585776 ;-20.388573 ;
73.600000 ;-24.578197 ;-20.387479 ;
73.700000 ;-24.604004 ;-20.389701 ;
73.800000 ;-24.631265 ;-20.392071 ;
73.900000 ;-24.606922 ;-20.389331 ;
74.000000 ;-24.588474 ;-20.387183 ;
74.100000 ;-24.608600 ;-20.388866 ;
74.200000 ;-24.622911 ;-20.389978 ;
74.300000 ;-24.606577 ;-20.388055 ;
74.400000 ;-24.605603 ;-20.387660 ;
74.500000 ;-24.611623 ;-20.387964 ;
74.600000 ;-24.605382 ;-20.387056 ;
74.700000 ;-24.604060 ;-20.386642 ;
74.800000 ;-24.608262 ;-20.386779 ;
74.900000 ;-24.605727 ;-20.386253 ;
75.000000 ;-24.600668 ;-20.385482 ;
75.100000 ;-24.603128 ;-20.385460 ;
75.200000 ;-24.610435 ;-20.385923 ;
75.300000 ;-24.606955 ;-20.385322 ;
75.400000 ;-24.590579 ;-20.383447 ;
75.500000 ;-24.589781 ;-20.383120 ;
75.600000 ;-24.609580 ;-20.384838 ;
75.700000 ;-24.625994 ;-20.386223 ;
75.800000 ;-24.600927 ;-20.383503 ;
75.900000 ;-24.579414 ;-20.381140 ;
76.000000 ;-24.601274 ;-20.383079 ;
76.100000 ;-24.635359 ;-20.386233 ;
76.200000 ;-24.615446 ;-20.384036 ;
76.300000 ;-24.602076 ;-20.382493 ;
76.400000 ;-24.614934 ;-20.383553 ;
76.500000 ;-24.614230 ;-20.383272 ;
76.600000 ;-24.606766 ;-20.382324 ;
76.700000 ;-24.609324 ;-20.382371 ;
76.800000 ;-24.609945 ;-20.382230 ;
76.900000 ;-24.605113 ;-20.381552 ;
77.000000 ;-24.605769 ;-20.381420 ;
77.100000 ;-24.610559 ;-20.381701 ;
77.200000 ;-24.607125 ;-20.381169 ;
77.300000 ;-24.598198 ;-20.380097 ;
77.400000 ;-24.599866 ;-20.380077 ;
77.500000 ;-24.612143 ;-20.381110 ;
77.600000 ;-24.617568 ;-20.381467 ;
77.700000 ;-24.593382 ;-20.378894 ;
77.800000 ;-24.579262 ;-20.377321 ;
77.900000 ;-24.601110 ;-20.379314 ;
78.000000 ;-24.634770 ;-20.382479 ;
78.100000 ;-24.618595 ;-20.380707 ;
78.200000 ;-24.592442 ;-20.377951 ;
78.300000 ;-24.606567 ;-20.379189 ;
78.400000 ;-24.629188 ;-20.381272 ;
78.500000 ;-24.612503 ;-20.379460 ;
78.600000 ;-24.608154 ;-20.378872 ;
78.700000 ;-24.614578 ;-20.379354 ;
78.800000 ;-24.609089 ;-20.378657 ;
78.900000 ;-24.606674 ;-20.378267 ;
79.000000 ;-24.610337 ;-20.378481 ;
79.100000 ;-24.608970 ;-20.378198 ;
79.200000 ;-24.603451 ;-20.377506 ;
79.300000 ;-24.604666 ;-20.377483 ;
79.400000 ;-24.611695 ;-20.378037 ;
79.500000 ;-24.610981 ;-20.377826 ;
79.600000 ;-24.593961 ;-20.376002 ;
79.700000 ;-24.589366 ;-20.375411 ;
79.800000 ;-24.607078 ;-20.377031 ;
79.900000 ;-24.627769 ;-20.378947 ;
80.000000 ;-24.619384 ;-20.377984 ;
