0.000000 ;-27.500000 ;-20.600000 ;
0.100000 ;-29.315631 ;-20.334627 ;
0.200000 ;-30.543601 ;-20.146973 ;
0.300000 ;-31.426965 ;-20.026736 ;
0.400000 ;-32.107785 ;-19.962089 ;
0.500000 ;-32.640568 ;-19.938902 ;
0.600000 ;-33.072733 ;-19.946937 ;
0.700000 ;-33.417119 ;-19.976459 ;
0.800000 ;-33.703530 ;-20.021553 ;
0.900000 ;-33.940052 ;-20.076658 ;
1.000000 ;-34.129757 ;-20.137583 ;
1.100000 ;-34.286970 ;-20.201789 ;
1.200000 ;-34.428672 ;-20.267795 ;
1.300000 ;-34.544351 ;-20.333013 ;
1.400000 ;-34.628394 ;-20.395697 ;
1.500000 ;-34.691813 ;-20.455727 ;
1.600000 ;-34.760420 ;-20.514483 ;
1.700000 ;-34.828541 ;-20.571018 ;
1.800000 ;-34.870944 ;-20.622577 ;
1.900000 ;-34.896551 ;-20.669874 ;
2.000000 ;-34.938166 ;-20.716168 ;
2.100000 ;-34.975665 ;-20.759364 ;
2.200000 ;-34.992104 ;-20.797737 ;
2.300000 ;-35.003863 ;-20.833064 ;
2.400000 ;-35.035867 ;-20.868044 ;
2.500000 ;-35.058288 ;-20.899663 ;
2.600000 ;-35.058632 ;-20.926729 ;
2.700000 ;-35.059321 ;-20.951735 ;
2.800000 ;-35.089596 ;-20.977901 ;
2.900000 ;-35.108357 ;-21.001009 ;
3.000000 ;-35.097412 ;-21.019251 ;
3.100000 ;-35.087658 ;-21.036030 ;
3.200000 ;-35.117368 ;-21.055531 ;
3.300000 ;-35.132694 ;-21.072139 ;
3.400000 ;-35.116664 ;-21.084147 ;
3.500000 ;-35.112306 ;-21.096239 ;
3.600000 ;-35.136263 ;-21.110282 ;
3.700000 ;-35.140190 ;-21.121205 ;
3.800000 ;-35.127169 ;-21.129415 ;
3.900000 ;-35.137459 ;-21.139287 ;
4.000000 ;-35.149957 ;-21.148636 ;
4.100000 ;-35.144806 ;-21.155401 ;
4.200000 ;-35.139120 ;-21.161471 ;
4.300000 ;-35.153941 ;-21.169153 ;
4.400000 ;-35.159928 ;-21.175357 ;
4.500000 ;-35.149262 ;-21.179291 ;
4.600000 ;-35.145273 ;-21.183497 ;
4.700000 ;-35.165151 ;-21.189855 ;
4.800000 ;-35.170938 ;-21.194335 ;
4.900000 ;-35.152970 ;-21.195933 ;
5.000000 ;-35.143047 ;-21.198087 ;
5.100000 ;-35.168869 ;-21.203796 ;
5.200000 ;-35.177340 ;-21.207393 ;
5.300000 ;-35.154076 ;-21.207359 ;
5.400000 ;-35.143780 ;-21.208508 ;
5.500000 ;-35.168255 ;-21.213197 ;
5.600000 ;-35.170926 ;-21.215378 ;
5.700000 ;-35.151165 ;-21.215000 ;
5.800000 ;-35.157022 ;-21.217230 ;
5.900000 ;-35.170029 ;-21.220102 ;
6.000000 ;-35.163546 ;-21.220770 ;
6.100000 ;-35.155216 ;-21.221138 ;
6.200000 ;-35.167666 ;-21.223644 ;
6.300000 ;-35.171326 ;-21.225125 ;
6.400000 ;-35.160577 ;-21.224986 ;
6.500000 ;-35.159261 ;-21.225794 ;
6.600000 ;-35.174772 ;-21.228348 ;
6.700000 ;-35.175461 ;-21.229259 ;
6.800000 ;-35.158575 ;-21.228237 ;
6.900000 ;-35.155322 ;-21.228635 ;
7.000000 ;-35.179128 ;-21.231902 ;
7.100000 ;-35.182185 ;-21.232909 ;
7.200000 ;-35.156867 ;-21.230841 ;
7.300000 ;-35.147918 ;-21.230503 ;
7.400000 ;-35.174953 ;-21.234005 ;
7.500000 ;-35.177642 ;-21.234874 ;
7.600000 ;-35.152441 ;-21.232732 ;
7.700000 ;-35.154574 ;-21.233509 ;
7.800000 ;-35.171713 ;-21.235881 ;
7.900000 ;-35.165743 ;-21.235761 ;
8.000000 ;-35.153591 ;-21.234967 ;
8.100000 ;-35.165910 ;-21.236790 ;
8.200000 ;-35.170103 ;-21.237733 ;
8.300000 ;-35.159934 ;-21.237126 ;
8.400000 ;-35.159966 ;-21.237608 ;
8.500000 ;-35.172191 ;-21.239395 ;
8.600000 ;-35.170523 ;-21.239685 ;
8.700000 ;-35.156560 ;-21.238649 ;
8.800000 ;-35.159591 ;-21.239436 ;
8.900000 ;-35.178832 ;-21.241960 ;
9.000000 ;-35.176433 ;-21.242157 ;
9.100000 ;-35.152778 ;-21.240069 ;
9.200000 ;-35.150326 ;-21.240255 ;
9.300000 ;-35.178234 ;-21.243699 ;
9.400000 ;-35.178551 ;-21.244179 ;
9.500000 ;-35.148921 ;-21.241441 ;
9.600000 ;-35.146948 ;-21.241670 ;
9.700000 ;-35.158817 ;-21.243384 ;
9.800000 ;-35.158002 ;-21.243732 ;
9.900000 ;-35.182671 ;-21.254420 ;
10.000000 ;-35.146026 ;-21.256934 ;
10.100000 ;-35.135024 ;-21.297281 ;
10.200000 ;-35.084885 ;-21.339600 ;
10.300000 ;-34.992538 ;-21.370947 ;
10.400000 ;-34.862756 ;-21.386545 ;
10.500000 ;-34.700983 ;-21.384132 ;
10.600000 ;-34.518907 ;-21.362913 ;
10.700000 ;-34.343320 ;-21.324660 ;
10.800000 ;-34.155303 ;-21.269670 ;
10.900000 ;-33.932545 ;-21.198159 ;
11.000000 ;-33.681663 ;-21.112322 ;
11.100000 ;-33.438206 ;-21.016335 ;
11.200000 ;-33.247916 ;-20.915082 ;
11.300000 ;-33.055883 ;-20.806089 ;
11.400000 ;-32.845815 ;-20.689608 ;
11.500000 ;-32.654957 ;-20.570610 ;
11.600000 ;-32.470912 ;-20.449199 ;
11.700000 ;-32.288199 ;-20.326021 ;
11.800000 ;-32.118279 ;-20.203138 ;
11.900000 ;-31.957624 ;-20.081098 ;
12.000000 ;-31.798865 ;-19.960002 ;
12.100000 ;-31.644817 ;-19.840728 ;
12.200000 ;-31.510054 ;-19.725049 ;
12.300000 ;-31.397049 ;-19.613555 ;
12.400000 ;-31.273574 ;-19.503915 ;
12.500000 ;-31.131114 ;-19.395694 ;
12.600000 ;-30.990124 ;-19.290781 ;
12.700000 ;-30.893544 ;-19.192844 ;
12.800000 ;-30.810301 ;-19.099387 ;
12.900000 ;-30.709462 ;-19.007977 ;
13.000000 ;-30.618254 ;-18.920815 ;
13.100000 ;-30.540241 ;-18.838166 ;
13.200000 ;-30.459149 ;-18.758710 ;
13.300000 ;-30.382737 ;-18.682996 ;
13.400000 ;-30.317305 ;-18.611429 ;
13.500000 ;-30.250973 ;-18.543024 ;
13.600000 ;-30.181662 ;-18.477535 ;
13.700000 ;-30.119723 ;-18.415637 ;
13.800000 ;-30.081479 ;-18.358403 ;
13.900000 ;-30.038923 ;-18.303680 ;
14.000000 ;-29.973275 ;-18.250005 ;
14.100000 ;-29.897287 ;-18.198194 ;
14.200000 ;-29.853376 ;-18.151207 ;
14.300000 ;-29.830061 ;-18.108084 ;
14.400000 ;-29.787108 ;-18.065830 ;
14.500000 ;-29.742740 ;-18.025651 ;
14.600000 ;-29.714762 ;-17.988715 ;
14.700000 ;-29.681235 ;-17.953359 ;
14.800000 ;-29.645744 ;-17.919743 ;
14.900000 ;-29.620836 ;-17.888655 ;
15.000000 ;-29.595203 ;-17.859213 ;
15.100000 ;-29.563059 ;-17.830929 ;
15.200000 ;-29.532367 ;-17.804275 ;
15.300000 ;-29.521743 ;-17.780450 ;
15.400000 ;-29.512605 ;-17.758097 ;
15.500000 ;-29.481111 ;-17.735518 ;
15.600000 ;-29.434680 ;-17.713152 ;
15.700000 ;-29.411689 ;-17.693557 ;
15.800000 ;-29.412538 ;-17.676687 ;
15.900000 ;-29.394575 ;-17.659575 ;
16.000000 ;-29.368924 ;-17.642929 ;
16.100000 ;-29.361780 ;-17.628473 ;
16.200000 ;-29.349259 ;-17.614532 ;
16.300000 ;-29.330995 ;-17.601034 ;
16.400000 ;-29.322157 ;-17.588959 ;
16.500000 ;-29.314887 ;-17.577731 ;
16.600000 ;-29.299548 ;-17.566661 ;
16.700000 ;-29.281798 ;-17.556091 ;
16.800000 ;-29.281013 ;-17.547281 ;
16.900000 ;-29.287103 ;-17.539515 ;
17.000000 ;-29.272377 ;-17.530918 ;
17.100000 ;-29.239748 ;-17.521652 ;
17.200000 ;-29.224223 ;-17.514023 ;
17.300000 ;-29.235709 ;-17.508655 ;
17.400000 ;-29.229857 ;-17.502569 ;
17.500000 ;-29.212310 ;-17.496119 ;
17.600000 ;-29.213578 ;-17.491312 ;
17.700000 ;-29.211281 ;-17.486633 ;
17.800000 ;-29.200926 ;-17.481763 ;
17.900000 ;-29.198148 ;-17.477723 ;
18.000000 ;-29.199722 ;-17.474276 ;
18.100000 ;-29.192796 ;-17.470554 ;
18.200000 ;-29.180791 ;-17.466766 ;
18.300000 ;-29.182877 ;-17.464166 ;
18.400000 ;-29.195950 ;-17.462529 ;
18.500000 ;-29.190196 ;-17.459875 ;
18.600000 ;-29.164824 ;-17.456139 ;
18.700000 ;-29.151655 ;-17.453409 ;
18.800000 ;-29.183232 ;-17.453807 ;
18.900000 ;-29.195454 ;-17.453102 ;
19.000000 ;-29.159707 ;-17.449417 ;
19.100000 ;-29.128010 ;-17.446160 ;
19.200000 ;-29.157253 ;-17.447052 ;
19.300000 ;-29.164574 ;-17.446629 ;
19.400000 ;-29.143127 ;-17.444440 ;
19.500000 ;-29.148351 ;-17.444134 ;
19.600000 ;-29.155149 ;-17.444042 ;
19.700000 ;-29.149197 ;-17.443213 ;
19.800000 ;-29.150291 ;-17.442947 ;
19.900000 ;-29.154826 ;-17.443000 ;
20.000000 ;-29.151517 ;-17.442621 ;
20.100000 ;-29.146546 ;-17.442212 ;
20.200000 ;-29.154605 ;-17.442738 ;
20.300000 ;-29.160842 ;-17.443212 ;
20.400000 ;-29.153139 ;-17.442832 ;
20.500000 ;-29.140140 ;-17.442165 ;
20.600000 ;-29.150726 ;-17.443106 ;
20.700000 ;-29.177843 ;-17.445181 ;
20.800000 ;-29.172707 ;-17.445188 ;
20.900000 ;-29.136091 ;-17.443178 ;
21.000000 ;-29.124272 ;-17.442842 ;
21.100000 ;-29.163467 ;-17.445885 ;
21.200000 ;-29.169022 ;-17.446750 ;
21.300000 ;-29.134530 ;-17.445025 ;
21.400000 ;-29.138067 ;-17.445837 ;
21.500000 ;-29.155232 ;-17.447569 ;
21.600000 ;-29.149928 ;-17.447843 ;
21.700000 ;-29.149896 ;-17.448492 ;
21.800000 ;-29.157744 ;-17.449682 ;
21.900000 ;-29.156589 ;-17.450297 ;
22.000000 ;-29.154662 ;-17.450880 ;
22.100000 ;-29.162375 ;-17.452115 ;
22.200000 ;-29.165159 ;-17.453039 ;
22.300000 ;-29.159284 ;-17.453405 ;
22.400000 ;-29.156802 ;-17.454008 ;
22.500000 ;-29.174555 ;-17.455953 ;
22.600000 ;-29.184654 ;-17.457403 ;
22.700000 ;-29.170258 ;-17.457250 ;
22.800000 ;-29.147834 ;-17.456577 ;
22.900000 ;-29.158379 ;-17.458083 ;
23.000000 ;-29.173424 ;-17.459887 ;
23.100000 ;-29.167081 ;-17.460284 ;
23.200000 ;-29.164699 ;-17.460949 ;
23.300000 ;-29.174124 ;-17.462397 ;
23.400000 ;-29.174369 ;-17.463240 ;
23.500000 ;-29.171437 ;-17.463875 ;
23.600000 ;-29.179326 ;-17.465226 ;
23.700000 ;-29.183689 ;-17.466345 ;
23.800000 ;-29.178706 ;-17.466846 ;
23.900000 ;-29.175164 ;-17.467442 ;
24.000000 ;-29.191385 ;-17.469341 ;
24.100000 ;-29.202824 ;-17.470922 ;
24.200000 ;-29.190902 ;-17.470961 ;
24.300000 ;-29.169679 ;-17.470386 ;
24.400000 ;-29.183117 ;-17.472093 ;
24.500000 ;-29.218070 ;-17.475205 ;
24.600000 ;-29.210390 ;-17.475511 ;
24.700000 ;-29.168851 ;-17.473594 ;
24.800000 ;-29.174320 ;-17.474772 ;
24.900000 ;-29.202745 ;-17.477450 ;
25.000000 ;-29.195339 ;-17.477756 ;
25.100000 ;-29.183685 ;-17.477783 ;
25.200000 ;-29.198545 ;-17.479560 ;
25.300000 ;-29.200993 ;-17.480510 ;
25.400000 ;-29.197558 ;-17.481066 ;
25.500000 ;-29.205424 ;-17.482366 ;
25.600000 ;-29.208676 ;-17.483356 ;
25.700000 ;-29.204776 ;-17.483866 ;
25.800000 ;-29.207293 ;-17.484797 ;
25.900000 ;-29.219077 ;-17.486336 ;
26.000000 ;-29.220547 ;-17.487187 ;
26.100000 ;-29.209533 ;-17.487207 ;
26.200000 ;-29.204813 ;-17.487639 ;
26.300000 ;-29.232000 ;-17.490171 ;
26.400000 ;-29.247949 ;-17.491953 ;
26.500000 ;-29.225144 ;-17.491177 ;
26.600000 ;-29.191701 ;-17.489698 ;
26.700000 ;-29.214944 ;-17.491954 ;
26.800000 ;-29.245309 ;-17.494663 ;
26.900000 ;-29.226644 ;-17.494133 ;
27.000000 ;-29.200712 ;-17.493127 ;
27.100000 ;-29.224122 ;-17.495377 ;
27.200000 ;-29.230450 ;-17.496487 ;
27.300000 ;-29.222645 ;-17.496654 ;
27.400000 ;-29.231668 ;-17.497935 ;
27.500000 ;-29.235986 ;-17.498898 ;
27.600000 ;-29.232677 ;-17.499350 ;
27.700000 ;-29.237126 ;-17.500311 ;
27.800000 ;-29.244358 ;-17.501453 ;
27.900000 ;-29.242720 ;-17.502000 ;
28.000000 ;-29.236480 ;-17.502237 ;
28.100000 ;-29.245129 ;-17.503456 ;
28.200000 ;-29.263454 ;-17.505310 ;
28.300000 ;-29.261316 ;-17.505804 ;
28.400000 ;-29.239006 ;-17.504959 ;
28.500000 ;-29.230246 ;-17.505008 ;
28.600000 ;-29.250917 ;-17.507002 ;
28.700000 ;-29.254719 ;-17.507870 ;
28.800000 ;-29.244756 ;-17.507820 ;
28.900000 ;-29.253058 ;-17.508981 ;
29.000000 ;-29.258508 ;-17.509947 ;
29.100000 ;-29.255015 ;-17.510314 ;
29.200000 ;-29.258114 ;-17.511115 ;
29.300000 ;-29.266089 ;-17.512236 ;
29.400000 ;-29.265307 ;-17.512770 ;
29.500000 ;-29.258649 ;-17.512910 ;
29.600000 ;-29.265261 ;-17.513928 ;
29.700000 ;-29.283341 ;-17.515701 ;
29.800000 ;-29.282679 ;-17.516226 ;
29.900000 ;-29.261949 ;-17.515417 ;
30.000000 ;-29.252803 ;-17.515375 ;
30.100000 ;-29.287923 ;-17.518255 ;
30.200000 ;-29.303566 ;-17.519838 ;
30.300000 ;-29.271475 ;-17.518265 ;
30.400000 ;-29.243944 ;-17.516998 ;
30.500000 ;-29.276315 ;-17.519691 ;
30.600000 ;-29.286004 ;-17.520868 ;
30.700000 ;-29.267100 ;-17.520145 ;
30.800000 ;-29.275303 ;-17.521225 ;
30.900000 ;-29.284460 ;-17.522364 ;
31.000000 ;-29.280587 ;-17.522631 ;
31.100000 ;-29.283993 ;-17.523380 ;
31.200000 ;-29.290582 ;-17.524337 ;
31.300000 ;-29.289009 ;-17.524747 ;
31.400000 ;-29.285861 ;-17.525049 ;
31.500000 ;-29.295871 ;-17.526224 ;
31.600000 ;-29.303420 ;-17.527231 ;
31.700000 ;-29.296740 ;-17.527288 ;
31.800000 ;-29.285265 ;-17.527023 ;
31.900000 ;-29.298566 ;-17.528402 ;
32.000000 ;-29.326019 ;-17.530713 ;
32.100000 ;-29.320026 ;-17.530802 ;
32.200000 ;-29.284112 ;-17.528909 ;
32.300000 ;-29.277281 ;-17.528946 ;
32.400000 ;-29.317042 ;-17.532062 ;
32.500000 ;-29.320039 ;-17.532731 ;
32.600000 ;-29.285852 ;-17.530936 ;
32.700000 ;-29.293674 ;-17.531935 ;
32.800000 ;-29.310149 ;-17.533502 ;
32.900000 ;-29.304250 ;-17.533573 ;
33.000000 ;-29.305979 ;-17.534153 ;
33.100000 ;-29.313946 ;-17.535147 ;
33.200000 ;-29.312598 ;-17.535515 ;
33.300000 ;-29.311623 ;-17.535907 ;
33.400000 ;-29.319840 ;-17.536909 ;
33.500000 ;-29.322227 ;-17.537519 ;
33.600000 ;-29.316121 ;-17.537560 ;
33.700000 ;-29.315070 ;-17.537936 ;
33.800000 ;-29.333802 ;-17.539626 ;
33.900000 ;-29.342117 ;-17.540619 ;
34.000000 ;-29.325910 ;-17.539979 ;
34.100000 ;-29.304838 ;-17.539014 ;
34.200000 ;-29.326008 ;-17.540855 ;
34.300000 ;-29.359482 ;-17.543501 ;
34.400000 ;-29.343677 ;-17.542878 ;
34.500000 ;-29.299629 ;-17.540388 ;
34.600000 ;-29.314953 ;-17.541841 ;
34.700000 ;-29.339631 ;-17.543903 ;
34.800000 ;-29.327338 ;-17.543499 ;
34.900000 ;-29.322425 ;-17.543591 ;
35.000000 ;-29.335385 ;-17.544873 ;
35.100000 ;-29.334995 ;-17.545261 ;
35.200000 ;-29.333921 ;-17.545602 ;
35.300000 ;-29.341302 ;-17.546505 ;
35.400000 ;-29.342280 ;-17.546978 ;
35.500000 ;-29.337923 ;-17.547093 ;
35.600000 ;-29.343425 ;-17.547865 ;
35.700000 ;-29.354087 ;-17.548978 ;
35.800000 ;-29.352085 ;-17.549244 ;
35.900000 ;-29.339426 ;-17.548797 ;
36.000000 ;-29.339354 ;-17.549188 ;
36.100000 ;-29.370283 ;-17.551638 ;
36.200000 ;-29.379932 ;-17.552668 ;
36.300000 ;-29.349455 ;-17.551032 ;
36.400000 ;-29.318638 ;-17.549377 ;
36.500000 ;-29.351910 ;-17.551980 ;
36.600000 ;-29.375571 ;-17.553931 ;
36.700000 ;-29.348583 ;-17.552512 ;
36.800000 ;-29.332932 ;-17.551858 ;
36.900000 ;-29.355484 ;-17.553745 ;
37.000000 ;-29.356625 ;-17.554198 ;
37.100000 ;-29.351729 ;-17.554246 ;
37.200000 ;-29.360834 ;-17.555230 ;
37.300000 ;-29.362339 ;-17.555704 ;
37.400000 ;-29.358997 ;-17.555851 ;
37.500000 ;-29.365463 ;-17.556653 ;
37.600000 ;-29.370561 ;-17.557362 ;
37.700000 ;-29.366431 ;-17.557451 ;
37.800000 ;-29.361006 ;-17.557452 ;
37.900000 ;-29.374673 ;-17.558727 ;
38.000000 ;-29.390278 ;-17.560129 ;
38.100000 ;-29.381772 ;-17.559920 ;
38.200000 ;-29.356856 ;-17.558616 ;
38.300000 ;-29.356283 ;-17.558937 ;
38.400000 ;-29.375704 ;-17.560589 ;
38.500000 ;-29.374370 ;-17.560850 ;
38.600000 ;-29.366459 ;-17.560671 ;
38.700000 ;-29.376165 ;-17.561672 ;
38.800000 ;-29.378615 ;-17.562184 ;
38.900000 ;-29.374649 ;-17.562265 ;
39.000000 ;-29.380359 ;-17.562993 ;
39.100000 ;-29.386079 ;-17.563720 ;
39.200000 ;-29.382480 ;-17.563822 ;
39.300000 ;-29.376692 ;-17.563775 ;
39.400000 ;-29.388835 ;-17.564927 ;
39.500000 ;-29.403765 ;-17.566262 ;
39.600000 ;-29.396286 ;-17.566098 ;
39.700000 ;-29.373327 ;-17.564900 ;
39.800000 ;-29.373825 ;-17.565262 ;
39.900000 ;-29.401592 ;-17.567160 ;
40.000000 ;-29.403769 ;-17.567209 ;
40.100000 ;-29.384961 ;-17.566944 ;
40.200000 ;-29.415578 ;-17.573351 ;
40.300000 ;-29.539906 ;-17.592427 ;
40.400000 ;-29.658243 ;-17.618088 ;
40.500000 ;-29.765716 ;-17.650572 ;
40.600000 ;-29.950448 ;-17.697027 ;
40.700000 ;-30.147259 ;-17.752268 ;
40.800000 ;-30.335585 ;-17.814261 ;
40.900000 ;-30.540977 ;-17.884559 ;
41.000000 ;-30.745696 ;-17.961156 ;
41.100000 ;-30.943699 ;-18.042915 ;
41.200000 ;-31.145996 ;-18.130167 ;
41.300000 ;-31.348657 ;-18.221975 ;
41.400000 ;-31.539624 ;-18.316642 ;
41.500000 ;-31.720383 ;-18.413715 ;
41.600000 ;-31.907366 ;-18.514125 ;
41.700000 ;-32.111340 ;-18.618342 ;
41.800000 ;-32.290689 ;-18.722105 ;
41.900000 ;-32.431160 ;-18.823655 ;
42.000000 ;-32.559272 ;-18.924954 ;
42.100000 ;-32.729931 ;-19.030576 ;
42.200000 ;-32.898835 ;-19.136144 ;
42.300000 ;-33.035704 ;-19.238501 ;
42.400000 ;-33.176452 ;-19.340638 ;
42.500000 ;-33.317428 ;-19.441908 ;
42.600000 ;-33.444199 ;-19.540667 ;
42.700000 ;-33.568602 ;-19.637771 ;
42.800000 ;-33.693558 ;-19.733256 ;
42.900000 ;-33.806486 ;-19.825694 ;
43.000000 ;-33.908188 ;-19.914960 ;
43.100000 ;-34.014701 ;-20.002429 ;
43.200000 ;-34.135555 ;-20.088897 ;
43.300000 ;-34.234959 ;-20.170688 ;
43.400000 ;-34.301707 ;-20.246575 ;
43.500000 ;-34.360358 ;-20.318904 ;
43.600000 ;-34.456943 ;-20.392181 ;
43.700000 ;-34.549260 ;-20.462150 ;
43.800000 ;-34.612606 ;-20.526281 ;
43.900000 ;-34.681306 ;-20.588041 ;
44.000000 ;-34.754793 ;-20.647376 ;
44.100000 ;-34.814234 ;-20.702386 ;
44.200000 ;-34.870355 ;-20.754206 ;
44.300000 ;-34.933039 ;-20.803901 ;
44.400000 ;-34.985984 ;-20.849858 ;
44.500000 ;-35.026434 ;-20.891870 ;
44.600000 ;-35.069424 ;-20.931570 ;
44.700000 ;-35.132800 ;-20.970912 ;
44.800000 ;-35.182165 ;-21.006411 ;
44.900000 ;-35.199869 ;-21.036325 ;
45.000000 ;-35.206739 ;-21.062938 ;
45.100000 ;-35.251222 ;-21.091426 ;
45.200000 ;-35.298179 ;-21.118223 ;
45.300000 ;-35.317413 ;-21.140261 ;
45.400000 ;-35.339562 ;-21.160880 ;
45.500000 ;-35.373672 ;-21.181140 ;
45.600000 ;-35.395169 ;-21.198552 ;
45.700000 ;-35.411272 ;-21.213982 ;
45.800000 ;-35.438516 ;-21.229281 ;
45.900000 ;-35.460198 ;-21.242775 ;
46.000000 ;-35.469401 ;-21.253823 ;
46.100000 ;-35.478522 ;-21.263828 ;
46.200000 ;-35.510100 ;-21.275270 ;
46.300000 ;-35.536320 ;-21.285274 ;
46.400000 ;-35.533304 ;-21.291373 ;
46.500000 ;-35.515868 ;-21.295213 ;
46.600000 ;-35.535858 ;-21.302382 ;
46.700000 ;-35.588290 ;-21.312416 ;
46.800000 ;-35.591032 ;-21.316623 ;
46.900000 ;-35.545893 ;-21.315249 ;
47.000000 ;-35.547873 ;-21.318466 ;
47.100000 ;-35.590194 ;-21.325599 ;
47.200000 ;-35.589910 ;-21.327853 ;
47.300000 ;-35.574351 ;-21.328180 ;
47.400000 ;-35.594905 ;-21.332098 ;
47.500000 ;-35.602173 ;-21.334369 ;
47.600000 ;-35.598910 ;-21.335319 ;
47.700000 ;-35.608650 ;-21.337489 ;
47.800000 ;-35.614578 ;-21.339110 ;
47.900000 ;-35.610930 ;-21.339589 ;
48.000000 ;-35.611474 ;-21.340417 ;
48.100000 ;-35.625430 ;-21.342600 ;
48.200000 ;-35.629380 ;-21.343652 ;
48.300000 ;-35.616761 ;-21.342886 ;
48.400000 ;-35.605591 ;-21.342241 ;
48.500000 ;-35.631461 ;-21.345535 ;
48.600000 ;-35.657200 ;-21.348807 ;
48.700000 ;-35.636570 ;-21.347120 ;
48.800000 ;-35.589355 ;-21.342598 ;
48.900000 ;-35.596828 ;-21.343934 ;
49.000000 ;-35.640817 ;-21.349193 ;
49.100000 ;-35.629835 ;-21.348607 ;
49.200000 ;-35.585901 ;-21.344530 ;
49.300000 ;-35.603356 ;-21.347043 ;
49.400000 ;-35.615947 ;-21.349070 ;
49.500000 ;-35.604002 ;-21.348511 ;
49.600000 ;-35.607250 ;-21.349616 ;
49.700000 ;-35.612139 ;-21.350936 ;
49.800000 ;-35.606178 ;-21.351136 ;
49.900000 ;-35.604128 ;-21.351795 ;
50.000000 ;-35.610542 ;-21.353403 ;
50.100000 ;-35.608378 ;-21.354132 ;
50.200000 ;-35.597266 ;-21.353943 ;
50.300000 ;-35.595623 ;-21.354808 ;
50.400000 ;-35.615652 ;-21.358032 ;
50.500000 ;-35.619296 ;-21.359539 ;
50.600000 ;-35.593879 ;-21.357968 ;
50.700000 ;-35.566288 ;-21.356198 ;
50.800000 ;-35.581796 ;-21.359075 ;
50.900000 ;-35.592644 ;-21.361485 ;
51.000000 ;-35.578735 ;-21.361272 ;
51.100000 ;-35.576333 ;-21.362319 ;
51.200000 ;-35.582888 ;-21.364349 ;
51.300000 ;-35.577839 ;-21.365159 ;
51.400000 ;-35.572070 ;-21.365913 ;
51.500000 ;-35.578298 ;-21.367972 ;
51.600000 ;-35.578213 ;-21.369372 ;
51.700000 ;-35.567475 ;-21.369644 ;
51.800000 ;-35.561261 ;-21.370415 ;
51.900000 ;-35.578734 ;-21.373739 ;
52.000000 ;-35.586287 ;-21.376009 ;
52.100000 ;-35.565458 ;-21.375242 ;
52.200000 ;-35.536606 ;-21.373621 ;
52.300000 ;-35.553731 ;-21.376936 ;
52.400000 ;-35.590980 ;-21.382413 ;
52.500000 ;-35.573837 ;-21.382062 ;
52.600000 ;-35.518605 ;-21.377628 ;
52.700000 ;-35.525232 ;-21.379821 ;
52.800000 ;-35.554872 ;-21.384479 ;
52.900000 ;-35.540572 ;-21.384423 ;
53.000000 ;-35.523948 ;-21.384113 ;
53.100000 ;-35.537808 ;-21.387064 ;
53.200000 ;-35.536467 ;-21.388376 ;
53.300000 ;-35.528792 ;-21.389000 ;
53.400000 ;-35.534400 ;-21.391039 ;
53.500000 ;-35.534277 ;-21.392453 ;
53.600000 ;-35.525760 ;-21.392953 ;
53.700000 ;-35.525019 ;-21.394276 ;
53.800000 ;-35.535406 ;-21.396782 ;
53.900000 ;-35.533584 ;-21.397961 ;
54.000000 ;-35.516659 ;-21.397503 ;
54.100000 ;-35.506360 ;-21.397742 ;
54.200000 ;-35.534811 ;-21.402130 ;
54.300000 ;-35.552518 ;-21.405347 ;
54.400000 ;-35.523151 ;-21.403490 ;
54.500000 ;-35.476805 ;-21.399790 ;
54.600000 ;-35.496058 ;-21.403119 ;
54.700000 ;-35.533079 ;-21.408339 ;
54.800000 ;-35.511375 ;-21.407237 ;
54.900000 ;-35.471501 ;-21.404165 ;
55.000000 ;-35.494430 ;-21.407816 ;
55.100000 ;-35.501612 ;-21.409755 ;
55.200000 ;-35.488439 ;-21.409487 ;
55.300000 ;-35.494318 ;-21.411246 ;
55.400000 ;-35.497264 ;-21.412669 ;
55.500000 ;-35.490250 ;-21.413001 ;
55.600000 ;-35.490427 ;-21.414086 ;
55.700000 ;-35.496347 ;-21.415768 ;
55.800000 ;-35.492485 ;-21.416378 ;
55.900000 ;-35.481383 ;-21.416187 ;
56.000000 ;-35.484254 ;-21.417480 ;
56.100000 ;-35.504381 ;-21.420611 ;
56.200000 ;-35.503601 ;-21.421471 ;
56.300000 ;-35.475629 ;-21.419384 ;
56.400000 ;-35.453619 ;-21.417918 ;
56.500000 ;-35.473766 ;-21.420968 ;
56.600000 ;-35.480770 ;-21.422584 ;
56.700000 ;-35.465831 ;-21.421820 ;
56.800000 ;-35.468287 ;-21.422908 ;
56.900000 ;-35.474044 ;-21.424331 ;
57.000000 ;-35.468209 ;-21.424486 ;
57.100000 ;-35.465394 ;-21.424947 ;
57.200000 ;-35.472528 ;-21.426460 ;
57.300000 ;-35.471363 ;-21.427060 ;
57.400000 ;-35.460662 ;-21.426614 ;
57.500000 ;-35.458842 ;-21.427106 ;
57.600000 ;-35.478362 ;-21.429879 ;
57.700000 ;-35.482427 ;-21.430968 ;
57.800000 ;-35.458903 ;-21.429068 ;
57.900000 ;-35.434395 ;-21.427043 ;
58.000000 ;-35.461884 ;-21.430600 ;
58.100000 ;-35.493741 ;-21.434612 ;
58.200000 ;-35.467701 ;-21.432376 ;
58.300000 ;-35.415937 ;-21.427353 ;
58.400000 ;-35.436545 ;-21.430101 ;
58.500000 ;-35.460841 ;-21.433229 ;
58.600000 ;-35.441689 ;-21.431665 ;
58.700000 ;-35.433667 ;-21.431284 ;
58.800000 ;-35.446956 ;-21.433179 ;
58.900000 ;-35.443860 ;-21.433294 ;
59.000000 ;-35.439285 ;-21.433233 ;
59.100000 ;-35.445908 ;-21.434364 ;
59.200000 ;-35.445044 ;-21.434673 ;
59.300000 ;-35.437137 ;-21.434208 ;
59.400000 ;-35.440221 ;-21.434914 ;
59.500000 ;-35.450775 ;-21.436410 ;
59.600000 ;-35.447013 ;-21.436350 ;
59.700000 ;-35.429964 ;-21.434843 ;
59.800000 ;-35.425421 ;-21.434671 ;
59.900000 ;-35.458013 ;-21.438488 ;
60.000000 ;-35.469637 ;-21.440035 ;
60.100000 ;-35.434818 ;-21.436564 ;
60.200000 ;-35.394230 ;-21.432457 ;
60.300000 ;-35.425905 ;-21.436123 ;
60.400000 ;-35.456045 ;-21.439612 ;
60.500000 ;-35.426549 ;-21.436672 ;
60.600000 ;-35.396599 ;-21.433670 ;
60.700000 ;-35.422570 ;-21.436676 ;
60.800000 ;-35.425652 ;-21.437205 ;
60.900000 ;-35.414134 ;-21.436150 ;
61.000000 ;-35.422715 ;-21.437249 ;
61.100000 ;-35.424571 ;-21.437612 ;
61.200000 ;-35.417865 ;-21.437042 ;
61.300000 ;-35.421001 ;-21.437523 ;
61.400000 ;-35.426739 ;-21.438275 ;
61.500000 ;-35.421845 ;-21.437870 ;
61.600000 ;-35.411748 ;-21.436894 ;
61.700000 ;-35.419670 ;-21.437853 ;
61.800000 ;-35.439215 ;-21.440056 ;
61.900000 ;-35.434336 ;-21.439617 ;
62.000000 ;-35.404878 ;-21.436518 ;
62.100000 ;-35.390073 ;-21.434991 ;
62.200000 ;-35.412451 ;-21.437464 ;
62.300000 ;-35.415714 ;-21.437868 ;
62.400000 ;-35.401042 ;-21.436332 ;
62.500000 ;-35.407478 ;-21.437063 ;
62.600000 ;-35.412136 ;-21.437595 ;
62.700000 ;-35.405814 ;-21.436935 ;
62.800000 ;-35.405925 ;-21.436961 ;
62.900000 ;-35.413247 ;-21.437758 ;
63.000000 ;-35.410818 ;-21.437496 ;
63.100000 ;-35.400367 ;-21.436362 ;
63.200000 ;-35.403051 ;-21.436638 ;
63.300000 ;-35.423043 ;-21.438775 ;
63.400000 ;-35.423294 ;-21.438776 ;
63.500000 ;-35.397573 ;-21.435970 ;
63.600000 ;-35.378280 ;-21.433850 ;
63.700000 ;-35.413497 ;-21.437602 ;
63.800000 ;-35.438694 ;-21.440270 ;
63.900000 ;-35.404962 ;-21.436583 ;
64.000000 ;-35.358865 ;-21.431557 ;
64.100000 ;-35.389189 ;-21.434758 ;
64.200000 ;-35.407469 ;-21.436657 ;
64.300000 ;-35.384912 ;-21.434151 ;
64.400000 ;-35.384210 ;-21.433995 ;
64.500000 ;-35.396066 ;-21.435185 ;
64.600000 ;-35.391338 ;-21.434583 ;
64.700000 ;-35.389542 ;-21.434292 ;
64.800000 ;-35.396232 ;-21.434911 ;
64.900000 ;-35.394286 ;-21.434594 ;
65.000000 ;-35.386967 ;-21.433693 ;
65.100000 ;-35.393036 ;-21.434232 ;
65.200000 ;-35.402801 ;-21.435166 ;
65.300000 ;-35.396890 ;-21.434405 ;
65.400000 ;-35.379882 ;-21.432442 ;
65.500000 ;-35.381297 ;-21.432463 ;
65.600000 ;-35.415228 ;-21.435988 ;
65.700000 ;-35.420525 ;-21.436422 ;
65.800000 ;-35.381329 ;-21.432055 ;
65.900000 ;-35.347668 ;-21.428281 ;
66.000000 ;-35.387536 ;-21.432428 ;
66.100000 ;-35.410132 ;-21.434713 ;
66.200000 ;-35.374699 ;-21.430745 ;
66.300000 ;-35.355849 ;-21.428560 ;
66.400000 ;-35.380837 ;-21.431093 ;
66.500000 ;-35.380174 ;-21.430857 ;
66.600000 ;-35.371258 ;-21.429729 ;
66.700000 ;-35.380579 ;-21.430564 ;
66.800000 ;-35.381081 ;-21.430445 ;
66.900000 ;-35.374768 ;-21.429588 ;
67.000000 ;-35.379934 ;-21.429966 ;
67.100000 ;-35.384879 ;-21.430319 ;
67.200000 ;-35.378834 ;-21.429482 ;
67.300000 ;-35.369767 ;-21.428318 ;
67.400000 ;-35.381697 ;-21.429417 ;
67.500000 ;-35.399613 ;-21.431159 ;
67.600000 ;-35.390817 ;-21.430019 ;
67.700000 ;-35.360510 ;-21.426555 ;
67.800000 ;-35.352878 ;-21.425535 ;
67.900000 ;-35.374955 ;-21.427717 ;
68.000000 ;-35.374701 ;-21.427489 ;
68.100000 ;-35.361101 ;-21.425821 ;
68.200000 ;-35.369888 ;-21.426566 ;
68.300000 ;-35.373164 ;-21.426713 ;
68.400000 ;-35.366494 ;-21.425787 ;
68.500000 ;-35.368879 ;-21.425835 ;
68.600000 ;-35.375750 ;-21.426366 ;
68.700000 ;-35.371986 ;-21.425748 ;
68.800000 ;-35.361875 ;-21.424443 ;
68.900000 ;-35.368379 ;-21.424930 ;
69.000000 ;-35.387702 ;-21.426798 ;
69.100000 ;-35.384320 ;-21.426217 ;
69.200000 ;-35.357050 ;-21.423057 ;
69.300000 ;-35.343245 ;-21.421347 ;
69.400000 ;-35.383165 ;-21.425430 ;
69.500000 ;-35.401603 ;-21.427198 ;
69.600000 ;-35.361933 ;-21.422703 ;
69.700000 ;-35.322931 ;-21.418278 ;
69.800000 ;-35.358675 ;-21.421905 ;
69.900000 ;-35.371213 ;-21.423031 ;
70.000000 ;-35.346819 ;-21.420177 ;
70.100000 ;-35.351715 ;-21.420478 ;
70.200000 ;-35.361832 ;-21.421340 ;
70.300000 ;-35.355873 ;-21.420466 ;
70.400000 ;-35.356347 ;-21.420286 ;
70.500000 ;-35.362626 ;-21.420731 ;
70.600000 ;-35.359620 ;-21.420173 ;
70.700000 ;-35.352992 ;-21.419224 ;
70.800000 ;-35.361210 ;-21.419876 ;
70.900000 ;-35.369797 ;-21.420567 ;
71.000000 ;-35.361959 ;-21.419485 ;
71.100000 ;-35.345287 ;-21.417450 ;
71.200000 ;-35.352103 ;-21.417948 ;
71.300000 ;-35.385687 ;-21.421332 ;
71.400000 ;-35.385249 ;-21.421049 ;
71.500000 ;-35.342994 ;-21.416256 ;
71.600000 ;-35.316824 ;-21.413196 ;
71.700000 ;-35.361149 ;-21.417733 ;
71.800000 ;-35.376658 ;-21.419167 ;
71.900000 ;-35.337286 ;-21.414691 ;
72.000000 ;-35.327819 ;-21.413434 ;
72.100000 ;-35.351026 ;-21.415696 ;
72.200000 ;-35.347355 ;-21.415059 ;
72.300000 ;-35.341254 ;-21.414161 ;
72.400000 ;-35.350370 ;-21.414902 ;
72.500000 ;-35.349633 ;-21.414580 ;
72.600000 ;-35.343924 ;-21.413721 ;
72.700000 ;-35.350396 ;-21.414176 ;
72.800000 ;-35.354396 ;-21.414364 ;
72.900000 ;-35.347379 ;-21.413364 ;
73.000000 ;-35.339450 ;-21.412265 ;
73.100000 ;-35.354388 ;-21.413632 ;
73.200000 ;-35.370345 ;-21.415110 ;
73.300000 ;-35.358234 ;-21.413561 ;
73.400000 ;-35.327734 ;-21.410027 ;
73.500000 ;-35.326065 ;-21.409603 ;
73.600000 ;-35.347064 ;-21.411623 ;
73.700000 ;-35.343903 ;-21.411039 ;
73.800000 ;-35.332022 ;-21.409515 ;
73.900000 ;-35.341907 ;-21.410337 ;
74.000000 ;-35.343885 ;-21.410307 ;
74.100000 ;-35.337142 ;-21.409336 ;
74.200000 ;-35.341249 ;-21.409535 ;
74.300000 ;-35.347451 ;-21.409961 ;
74.400000 ;-35.342543 ;-21.409188 ;
74.500000 ;-35.332950 ;-21.407909 ;
74.600000 ;-35.342545 ;-21.408701 ;
74.700000 ;-35.360715 ;-21.410418 ;
74.800000 ;-35.354215 ;-21.409474 ;
74.900000 ;-35.326059 ;-21.406195 ;
75.000000 ;-35.317709 ;-21.405052 ;
75.100000 ;-35.360001 ;-21.409368 ;
75.200000 ;-35.372316 ;-21.410456 ;
75.300000 ;-35.328391 ;-21.405485 ;
75.400000 ;-35.297101 ;-21.401874 ;
75.500000 ;-35.335029 ;-21.405719 ;
75.600000 ;-35.342612 ;-21.406296 ;
75.700000 ;-35.317666 ;-21.403369 ;
75.800000 ;-35.326593 ;-21.404092 ;
75.900000 ;-35.335052 ;-21.404763 ;
76.000000 ;-35.328325 ;-21.403796 ;
76.100000 ;-35.330594 ;-21.403800 ;
76.200000 ;-35.336310 ;-21.404176 ;
76.300000 ;-35.332435 ;-21.403517 ;
76.400000 ;-35.326623 ;-21.402650 ;
76.500000 ;-35.336332 ;-21.403457 ;
76.600000 ;-35.343692 ;-21.404011 ;
76.700000 ;-35.334295 ;-21.402758 ;
76.800000 ;-35.318219 ;-21.400785 ;
76.900000 ;-35.329611 ;-21.401774 ;
77.000000 ;-35.362040 ;-21.405033 ;
77.100000 ;-35.356740 ;-21.404225 ;
77.200000 ;-35.312550 ;-21.399226 ;
77.300000 ;-35.293852 ;-21.396973 ;
77.400000 ;-35.339924 ;-21.401700 ;
77.500000 ;-35.349292 ;-21.402475 ;
77.600000 ;-35.307598 ;-21.397753 ;
77.700000 ;-35.305608 ;-21.397307 ;
77.800000 ;-35.326902 ;-21.399367 ;
77.900000 ;-35.320988 ;-21.398495 ;
78.000000 ;-35.317338 ;-21.397868 ;
78.100000 ;-35.326043 ;-21.398571 ;
78.200000 ;-35.324300 ;-21.398149 ;
78.300000 ;-35.319359 ;-21.397382 ;
78.400000 ;-35.326610 ;-21.397930 ;
78.500000 ;-35.329708 ;-21.398030 ;
78.600000 ;-35.321961 ;-21.396962 ;
78.700000 ;-35.315228 ;-21.396003 ;
78.800000 ;-35.332345 ;-21.397616 ;
78.900000 ;-35.346366 ;-21.398897 ;
79.000000 ;-35.331594 ;-21.397073 ;
79.100000 ;-35.301381 ;-21.393585 ;
79.200000 ;-35.304449 ;-21.393685 ;
79.300000 ;-35.324131 ;-21.395576 ;
79.400000 ;-35.318707 ;-21.394763 ;
79.500000 ;-35.308899 ;-21.393477 ;
79.600000 ;-35.319013 ;-21.394340 ;
79.700000 ;-35.319894 ;-21.394207 ;
79.800000 ;-35.313303 ;-21.393268 ;
79.900000 ;-35.315268 ;-21.393253 ;
80.000000 ;-35.316298 ;-21.393137 ;
