0.000000 ;-27.500000 ;-20.600000 ;
0.100000 ;-27.252368 ;-20.647953 ;
0.200000 ;-27.082520 ;-20.680664 ;
0.300000 ;-26.973963 ;-20.702049 ;
0.400000 ;-26.887363 ;-20.712782 ;
0.500000 ;-26.817568 ;-20.715698 ;
0.600000 ;-26.767024 ;-20.713531 ;
0.700000 ;-26.722384 ;-20.707098 ;
0.800000 ;-26.686833 ;-20.698110 ;
0.900000 ;-26.662817 ;-20.687804 ;
1.000000 ;-26.643459 ;-20.676468 ;
1.100000 ;-26.615985 ;-20.663675 ;
1.200000 ;-26.594268 ;-20.651029 ;
1.300000 ;-26.590646 ;-20.639899 ;
1.400000 ;-26.598471 ;-20.629929 ;
1.500000 ;-26.592484 ;-20.619058 ;
1.600000 ;-26.572219 ;-20.607360 ;
1.700000 ;-26.568180 ;-20.597670 ;
1.800000 ;-26.573414 ;-20.589380 ;
1.900000 ;-26.563357 ;-20.580218 ;
2.000000 ;-26.557875 ;-20.572037 ;
2.100000 ;-26.560833 ;-20.565183 ;
2.200000 ;-26.557392 ;-20.558261 ;
2.300000 ;-26.549492 ;-20.551428 ;
2.400000 ;-26.550776 ;-20.545927 ;
2.500000 ;-26.558490 ;-20.541476 ;
2.600000 ;-26.553458 ;-20.536262 ;
2.700000 ;-26.536448 ;-20.530329 ;
2.800000 ;-26.538143 ;-20.526508 ;
2.900000 ;-26.559901 ;-20.524897 ;
3.000000 ;-26.569048 ;-20.522429 ;
3.100000 ;-26.538420 ;-20.516550 ;
3.200000 ;-26.529309 ;-20.512948 ;
3.300000 ;-26.560685 ;-20.513368 ;
3.400000 ;-26.576993 ;-20.512614 ;
3.500000 ;-26.551601 ;-20.508185 ;
3.600000 ;-26.550735 ;-20.506236 ;
3.700000 ;-26.566493 ;-20.506014 ;
3.800000 ;-26.557211 ;-20.503623 ;
3.900000 ;-26.553681 ;-20.501917 ;
4.000000 ;-26.559582 ;-20.501226 ;
4.100000 ;-26.556279 ;-20.499803 ;
4.200000 ;-26.552662 ;-20.498465 ;
4.300000 ;-26.557004 ;-20.497972 ;
4.400000 ;-26.561183 ;-20.497559 ;
4.500000 ;-26.551966 ;-20.495985 ;
4.600000 ;-26.547150 ;-20.494901 ;
4.700000 ;-26.557036 ;-20.495256 ;
4.800000 ;-26.569996 ;-20.495962 ;
4.900000 ;-26.555780 ;-20.494197 ;
5.000000 ;-26.533639 ;-20.491749 ;
5.100000 ;-26.545822 ;-20.492545 ;
5.200000 ;-26.581245 ;-20.495548 ;
5.300000 ;-26.577407 ;-20.494934 ;
5.400000 ;-26.547816 ;-20.491958 ;
5.500000 ;-26.556482 ;-20.492578 ;
5.600000 ;-26.583208 ;-20.494909 ;
5.700000 ;-26.568403 ;-20.493397 ;
5.800000 ;-26.562202 ;-20.492709 ;
5.900000 ;-26.570551 ;-20.493396 ;
6.000000 ;-26.565984 ;-20.492899 ;
6.100000 ;-26.562638 ;-20.492533 ;
6.200000 ;-26.567183 ;-20.492915 ;
6.300000 ;-26.567132 ;-20.492882 ;
6.400000 ;-26.560750 ;-20.492272 ;
6.500000 ;-26.562100 ;-20.492391 ;
6.600000 ;-26.570688 ;-20.493193 ;
6.700000 ;-26.569920 ;-20.493132 ;
6.800000 ;-26.551993 ;-20.491481 ;
6.900000 ;-26.549716 ;-20.491293 ;
7.000000 ;-26.571079 ;-20.493310 ;
7.100000 ;-26.589068 ;-20.495017 ;
7.200000 ;-26.561605 ;-20.492497 ;
7.300000 ;-26.541733 ;-20.490688 ;
7.400000 ;-26.568489 ;-20.493224 ;
7.500000 ;-26.599539 ;-20.496161 ;
7.600000 ;-26.574320 ;-20.493859 ;
7.700000 ;-26.566084 ;-20.493140 ;
7.800000 ;-26.581807 ;-20.494655 ;
7.900000 ;-26.575905 ;-20.494156 ;
8.000000 ;-26.570438 ;-20.493697 ;
8.100000 ;-26.575224 ;-20.494194 ;
8.200000 ;-26.573344 ;-20.494070 ;
8.300000 ;-26.569096 ;-20.493726 ;
8.400000 ;-26.572219 ;-20.494068 ;
8.500000 ;-26.577025 ;-20.494566 ;
8.600000 ;-26.568995 ;-20.493870 ;
8.700000 ;-26.562037 ;-20.493273 ;
8.800000 ;-26.569723 ;-20.494039 ;
8.900000 ;-26.584184 ;-20.495435 ;
9.000000 ;-26.576300 ;-20.494751 ;
9.100000 ;-26.548548 ;-20.492217 ;
9.200000 ;-26.552575 ;-20.492642 ;
9.300000 ;-26.589482 ;-20.496127 ;
9.400000 ;-26.601361 ;-20.497281 ;
9.500000 ;-26.566620 ;-20.494093 ;
9.600000 ;-26.564829 ;-20.493974 ;
9.700000 ;-26.594513 ;-20.496788 ;
9.800000 ;-26.589098 ;-20.496331 ;
9.900000 ;-26.595322 ;-20.504185 ;
10.000000 ;-26.618073 ;-20.535155 ;
10.100000 ;-26.643529 ;-20.580392 ;
10.200000 ;-26.642975 ;-20.625415 ;
10.300000 ;-26.600082 ;-20.660061 ;
10.400000 ;-26.531730 ;-20.680986 ;
10.500000 ;-26.439664 ;-20.685444 ;
10.600000 ;-26.329383 ;-20.673346 ;
10.700000 ;-26.200659 ;-20.645520 ;
10.800000 ;-26.060250 ;-20.603158 ;
10.900000 ;-25.925144 ;-20.548254 ;
11.000000 ;-25.796106 ;-20.482669 ;
11.100000 ;-25.646437 ;-20.406102 ;
11.200000 ;-25.473685 ;-20.319908 ;
11.300000 ;-25.302377 ;-20.227343 ;
11.400000 ;-25.171353 ;-20.132625 ;
11.500000 ;-25.041919 ;-20.033984 ;
11.600000 ;-24.897526 ;-19.931222 ;
11.700000 ;-24.766830 ;-19.827709 ;
11.800000 ;-24.642202 ;-19.723664 ;
11.900000 ;-24.516646 ;-19.619264 ;
12.000000 ;-24.399625 ;-19.515920 ;
12.100000 ;-24.289887 ;-19.414072 ;
12.200000 ;-24.180029 ;-19.313601 ;
12.300000 ;-24.071942 ;-19.215035 ;
12.400000 ;-23.977749 ;-19.119617 ;
12.500000 ;-23.899356 ;-19.027712 ;
12.600000 ;-23.811375 ;-18.937628 ;
12.700000 ;-23.708344 ;-18.849111 ;
12.800000 ;-23.609227 ;-18.763671 ;
12.900000 ;-23.545178 ;-18.683666 ;
13.000000 ;-23.482556 ;-18.606650 ;
13.100000 ;-23.406933 ;-18.531600 ;
13.200000 ;-23.343495 ;-18.460322 ;
13.300000 ;-23.286252 ;-18.392357 ;
13.400000 ;-23.225787 ;-18.326997 ;
13.500000 ;-23.170829 ;-18.264801 ;
13.600000 ;-23.123068 ;-18.205820 ;
13.700000 ;-23.072842 ;-18.149317 ;
13.800000 ;-23.020558 ;-18.095246 ;
13.900000 ;-22.977893 ;-18.044319 ;
14.000000 ;-22.950814 ;-17.996840 ;
14.100000 ;-22.913650 ;-17.951009 ;
14.200000 ;-22.859095 ;-17.906255 ;
14.300000 ;-22.805836 ;-17.863736 ;
14.400000 ;-22.784269 ;-17.825383 ;
14.500000 ;-22.760767 ;-17.788869 ;
14.600000 ;-22.722932 ;-17.753297 ;
14.700000 ;-22.695935 ;-17.720242 ;
14.800000 ;-22.673297 ;-17.689194 ;
14.900000 ;-22.645244 ;-17.659436 ;
15.000000 ;-22.620905 ;-17.631486 ;
15.100000 ;-22.602800 ;-17.605430 ;
15.200000 ;-22.580492 ;-17.580523 ;
15.300000 ;-22.554303 ;-17.556717 ;
15.400000 ;-22.536566 ;-17.534737 ;
15.500000 ;-22.532243 ;-17.514829 ;
15.600000 ;-22.516476 ;-17.495352 ;
15.700000 ;-22.483520 ;-17.475883 ;
15.800000 ;-22.453506 ;-17.457645 ;
15.900000 ;-22.452217 ;-17.442216 ;
16.000000 ;-22.444389 ;-17.427308 ;
16.100000 ;-22.422877 ;-17.412421 ;
16.200000 ;-22.413267 ;-17.399128 ;
16.300000 ;-22.405811 ;-17.386765 ;
16.400000 ;-22.391803 ;-17.374742 ;
16.500000 ;-22.381464 ;-17.363662 ;
16.600000 ;-22.376824 ;-17.353613 ;
16.700000 ;-22.366748 ;-17.343860 ;
16.800000 ;-22.352001 ;-17.334418 ;
16.900000 ;-22.346180 ;-17.326101 ;
17.000000 ;-22.351998 ;-17.319046 ;
17.100000 ;-22.344870 ;-17.311694 ;
17.200000 ;-22.321228 ;-17.303795 ;
17.300000 ;-22.303805 ;-17.296735 ;
17.400000 ;-22.312094 ;-17.291701 ;
17.500000 ;-22.309959 ;-17.286420 ;
17.600000 ;-22.295750 ;-17.280770 ;
17.700000 ;-22.295110 ;-17.276322 ;
17.800000 ;-22.294203 ;-17.272194 ;
17.900000 ;-22.286235 ;-17.267947 ;
18.000000 ;-22.282906 ;-17.264288 ;
18.100000 ;-22.284479 ;-17.261216 ;
18.200000 ;-22.279576 ;-17.258008 ;
18.300000 ;-22.270005 ;-17.254763 ;
18.400000 ;-22.270846 ;-17.252398 ;
18.500000 ;-22.280910 ;-17.250822 ;
18.600000 ;-22.276423 ;-17.248559 ;
18.700000 ;-22.256868 ;-17.245564 ;
18.800000 ;-22.248338 ;-17.243434 ;
18.900000 ;-22.272780 ;-17.243504 ;
19.000000 ;-22.278722 ;-17.242598 ;
19.100000 ;-22.249555 ;-17.239691 ;
19.200000 ;-22.232206 ;-17.237657 ;
19.300000 ;-22.254812 ;-17.238212 ;
19.400000 ;-22.255713 ;-17.237556 ;
19.500000 ;-22.239594 ;-17.235972 ;
19.600000 ;-22.247073 ;-17.235955 ;
19.700000 ;-22.250337 ;-17.235781 ;
19.800000 ;-22.245100 ;-17.235181 ;
19.900000 ;-22.247984 ;-17.235172 ;
20.000000 ;-22.250641 ;-17.235236 ;
20.100000 ;-22.246957 ;-17.234988 ;
20.200000 ;-22.244948 ;-17.234918 ;
20.300000 ;-22.252818 ;-17.235526 ;
20.400000 ;-22.255174 ;-17.235859 ;
20.500000 ;-22.246717 ;-17.235587 ;
20.600000 ;-22.239373 ;-17.235441 ;
20.700000 ;-22.256172 ;-17.236830 ;
20.800000 ;-22.270954 ;-17.238142 ;
20.900000 ;-22.256188 ;-17.237687 ;
21.000000 ;-22.228756 ;-17.236499 ;
21.100000 ;-22.241622 ;-17.237823 ;
21.200000 ;-22.265710 ;-17.239868 ;
21.300000 ;-22.253023 ;-17.239689 ;
21.400000 ;-22.232035 ;-17.239034 ;
21.500000 ;-22.249020 ;-17.240742 ;
21.600000 ;-22.253623 ;-17.241711 ;
21.700000 ;-22.247285 ;-17.242031 ;
21.800000 ;-22.253978 ;-17.243176 ;
21.900000 ;-22.256927 ;-17.244111 ;
22.000000 ;-22.254071 ;-17.244705 ;
22.100000 ;-22.257690 ;-17.245715 ;
22.200000 ;-22.263020 ;-17.246846 ;
22.300000 ;-22.261183 ;-17.247548 ;
22.400000 ;-22.256403 ;-17.248082 ;
22.500000 ;-22.264662 ;-17.249428 ;
22.600000 ;-22.278004 ;-17.251097 ;
22.700000 ;-22.273998 ;-17.251707 ;
22.800000 ;-22.256117 ;-17.251471 ;
22.900000 ;-22.255076 ;-17.252278 ;
23.000000 ;-22.285594 ;-17.255027 ;
23.100000 ;-22.290327 ;-17.256196 ;
23.200000 ;-22.259340 ;-17.255178 ;
23.300000 ;-22.250679 ;-17.255538 ;
23.400000 ;-22.276029 ;-17.257988 ;
23.500000 ;-22.275655 ;-17.258854 ;
23.600000 ;-22.264172 ;-17.259038 ;
23.700000 ;-22.275498 ;-17.260630 ;
23.800000 ;-22.278738 ;-17.261723 ;
23.900000 ;-22.276286 ;-17.262464 ;
24.000000 ;-22.282260 ;-17.263724 ;
24.100000 ;-22.285276 ;-17.264800 ;
24.200000 ;-22.282713 ;-17.265530 ;
24.300000 ;-22.284683 ;-17.266538 ;
24.400000 ;-22.294320 ;-17.268016 ;
24.500000 ;-22.295914 ;-17.268995 ;
24.600000 ;-22.287418 ;-17.269348 ;
24.700000 ;-22.283836 ;-17.270002 ;
24.800000 ;-22.306239 ;-17.272252 ;
24.900000 ;-22.319087 ;-17.273909 ;
25.000000 ;-22.299964 ;-17.273595 ;
25.100000 ;-22.273748 ;-17.272842 ;
25.200000 ;-22.295144 ;-17.275016 ;
25.300000 ;-22.317198 ;-17.277221 ;
25.400000 ;-22.299904 ;-17.276999 ;
25.500000 ;-22.285669 ;-17.276966 ;
25.600000 ;-22.303847 ;-17.278925 ;
25.700000 ;-22.306094 ;-17.279894 ;
25.800000 ;-22.302767 ;-17.280514 ;
25.900000 ;-22.310463 ;-17.281812 ;
26.000000 ;-22.312350 ;-17.282744 ;
26.100000 ;-22.310502 ;-17.283440 ;
26.200000 ;-22.316328 ;-17.284606 ;
26.300000 ;-22.320841 ;-17.285685 ;
26.400000 ;-22.318107 ;-17.286311 ;
26.500000 ;-22.314945 ;-17.286905 ;
26.600000 ;-22.327286 ;-17.288452 ;
26.700000 ;-22.339112 ;-17.289961 ;
26.800000 ;-22.331435 ;-17.290260 ;
26.900000 ;-22.312923 ;-17.289885 ;
27.000000 ;-22.317181 ;-17.290912 ;
27.100000 ;-22.331568 ;-17.292559 ;
27.200000 ;-22.328945 ;-17.293148 ;
27.300000 ;-22.326257 ;-17.293728 ;
27.400000 ;-22.334209 ;-17.294963 ;
27.500000 ;-22.335339 ;-17.295769 ;
27.600000 ;-22.333738 ;-17.296401 ;
27.700000 ;-22.340192 ;-17.297527 ;
27.800000 ;-22.343817 ;-17.298472 ;
27.900000 ;-22.340426 ;-17.298978 ;
28.000000 ;-22.338832 ;-17.299590 ;
28.100000 ;-22.352550 ;-17.301145 ;
28.200000 ;-22.360751 ;-17.302353 ;
28.300000 ;-22.350450 ;-17.302411 ;
28.400000 ;-22.334931 ;-17.302142 ;
28.500000 ;-22.350029 ;-17.303762 ;
28.600000 ;-22.376682 ;-17.306087 ;
28.700000 ;-22.365879 ;-17.306095 ;
28.800000 ;-22.332595 ;-17.304713 ;
28.900000 ;-22.344862 ;-17.306143 ;
29.000000 ;-22.364719 ;-17.308033 ;
29.100000 ;-22.355027 ;-17.308089 ;
29.200000 ;-22.352041 ;-17.308558 ;
29.300000 ;-22.362767 ;-17.309873 ;
29.400000 ;-22.362639 ;-17.310509 ;
29.500000 ;-22.362935 ;-17.311168 ;
29.600000 ;-22.369141 ;-17.312189 ;
29.700000 ;-22.369889 ;-17.312867 ;
29.800000 ;-22.367329 ;-17.313335 ;
29.900000 ;-22.373595 ;-17.314347 ;
30.000000 ;-22.381182 ;-17.315437 ;
30.100000 ;-22.378337 ;-17.315876 ;
30.200000 ;-22.369566 ;-17.315942 ;
30.300000 ;-22.376112 ;-17.316955 ;
30.400000 ;-22.399724 ;-17.319019 ;
30.500000 ;-22.399772 ;-17.319621 ;
30.600000 ;-22.372801 ;-17.318547 ;
30.700000 ;-22.360968 ;-17.318409 ;
30.800000 ;-22.393395 ;-17.321004 ;
30.900000 ;-22.400731 ;-17.322039 ;
31.000000 ;-22.373950 ;-17.320961 ;
31.100000 ;-22.376906 ;-17.321725 ;
31.200000 ;-22.391551 ;-17.323208 ;
31.300000 ;-22.388023 ;-17.323557 ;
31.400000 ;-22.389645 ;-17.324225 ;
31.500000 ;-22.396136 ;-17.325192 ;
31.600000 ;-22.395467 ;-17.325710 ;
31.700000 ;-22.395772 ;-17.326285 ;
31.800000 ;-22.402356 ;-17.327247 ;
31.900000 ;-22.403889 ;-17.327892 ;
32.000000 ;-22.399532 ;-17.328168 ;
32.100000 ;-22.401180 ;-17.328813 ;
32.200000 ;-22.416477 ;-17.330304 ;
32.300000 ;-22.420562 ;-17.331094 ;
32.400000 ;-22.406226 ;-17.330738 ;
32.500000 ;-22.392972 ;-17.330446 ;
32.600000 ;-22.407365 ;-17.331870 ;
32.700000 ;-22.414802 ;-17.332856 ;
32.800000 ;-22.407603 ;-17.332930 ;
32.900000 ;-22.411561 ;-17.333696 ;
33.000000 ;-22.417347 ;-17.334572 ;
33.100000 ;-22.415592 ;-17.334976 ;
33.200000 ;-22.416769 ;-17.335560 ;
33.300000 ;-22.423491 ;-17.336487 ;
33.400000 ;-22.424030 ;-17.337026 ;
33.500000 ;-22.419118 ;-17.337222 ;
33.600000 ;-22.422936 ;-17.337960 ;
33.700000 ;-22.437624 ;-17.339371 ;
33.800000 ;-22.438504 ;-17.339920 ;
33.900000 ;-22.422840 ;-17.339438 ;
34.000000 ;-22.414823 ;-17.339430 ;
34.100000 ;-22.442257 ;-17.341620 ;
34.200000 ;-22.455121 ;-17.342901 ;
34.300000 ;-22.429768 ;-17.341809 ;
34.400000 ;-22.409255 ;-17.341019 ;
34.500000 ;-22.435226 ;-17.343113 ;
34.600000 ;-22.441395 ;-17.343969 ;
34.700000 ;-22.426898 ;-17.343538 ;
34.800000 ;-22.435366 ;-17.344537 ;
34.900000 ;-22.441428 ;-17.345383 ;
35.000000 ;-22.438291 ;-17.345653 ;
35.100000 ;-22.442561 ;-17.346383 ;
35.200000 ;-22.446992 ;-17.347120 ;
35.300000 ;-22.445041 ;-17.347457 ;
35.400000 ;-22.444324 ;-17.347869 ;
35.500000 ;-22.453432 ;-17.348892 ;
35.600000 ;-22.457218 ;-17.349580 ;
35.700000 ;-22.450058 ;-17.349583 ;
35.800000 ;-22.443505 ;-17.349623 ;
35.900000 ;-22.461172 ;-17.351169 ;
36.000000 ;-22.477919 ;-17.352653 ;
36.100000 ;-22.464267 ;-17.352245 ;
36.200000 ;-22.436226 ;-17.350943 ;
36.300000 ;-22.448474 ;-17.352145 ;
36.400000 ;-22.475090 ;-17.354234 ;
36.500000 ;-22.463583 ;-17.353949 ;
36.600000 ;-22.441234 ;-17.352992 ;
36.700000 ;-22.458864 ;-17.354523 ;
36.800000 ;-22.464456 ;-17.355299 ;
36.900000 ;-22.458469 ;-17.355351 ;
37.000000 ;-22.465477 ;-17.356213 ;
37.100000 ;-22.468661 ;-17.356834 ;
37.200000 ;-22.466094 ;-17.357095 ;
37.300000 ;-22.470053 ;-17.357760 ;
37.400000 ;-22.475330 ;-17.358507 ;
37.500000 ;-22.473426 ;-17.358803 ;
37.600000 ;-22.468896 ;-17.358933 ;
37.700000 ;-22.477789 ;-17.359899 ;
37.800000 ;-22.490931 ;-17.361128 ;
37.900000 ;-22.486225 ;-17.361242 ;
38.000000 ;-22.467924 ;-17.360507 ;
38.100000 ;-22.466991 ;-17.360854 ;
38.200000 ;-22.482184 ;-17.362205 ;
38.300000 ;-22.481404 ;-17.362556 ;
38.400000 ;-22.475592 ;-17.362592 ;
38.500000 ;-22.483529 ;-17.363486 ;
38.600000 ;-22.485545 ;-17.364007 ;
38.700000 ;-22.482653 ;-17.364220 ;
38.800000 ;-22.487784 ;-17.364934 ;
38.900000 ;-22.492321 ;-17.365608 ;
39.000000 ;-22.489287 ;-17.365808 ;
39.100000 ;-22.485500 ;-17.365958 ;
39.200000 ;-22.496771 ;-17.367048 ;
39.300000 ;-22.507040 ;-17.368074 ;
39.400000 ;-22.498962 ;-17.367952 ;
39.500000 ;-22.481980 ;-17.367273 ;
39.600000 ;-22.486469 ;-17.367934 ;
39.700000 ;-22.493427 ;-17.368747 ;
39.800000 ;-22.495503 ;-17.369253 ;
39.900000 ;-22.496061 ;-17.369535 ;
40.000000 ;-22.503449 ;-17.370783 ;
40.100000 ;-22.540620 ;-17.377552 ;
40.200000 ;-22.611861 ;-17.392983 ;
40.300000 ;-22.720869 ;-17.418945 ;
40.400000 ;-22.856304 ;-17.455258 ;
40.500000 ;-23.007233 ;-17.501150 ;
40.600000 ;-23.175395 ;-17.556733 ;
40.700000 ;-23.350368 ;-17.620571 ;
40.800000 ;-23.525198 ;-17.691299 ;
40.900000 ;-23.701869 ;-17.768545 ;
41.000000 ;-23.892314 ;-17.852800 ;
41.100000 ;-24.081169 ;-17.941911 ;
41.200000 ;-24.247822 ;-18.033382 ;
41.300000 ;-24.394753 ;-18.126742 ;
41.400000 ;-24.547612 ;-18.223556 ;
41.500000 ;-24.727388 ;-18.325053 ;
41.600000 ;-24.889856 ;-18.427017 ;
41.700000 ;-25.034276 ;-18.528858 ;
41.800000 ;-25.187131 ;-18.632243 ;
41.900000 ;-25.331752 ;-18.735389 ;
42.000000 ;-25.466770 ;-18.837779 ;
42.100000 ;-25.602739 ;-18.939919 ;
42.200000 ;-25.733652 ;-19.040962 ;
42.300000 ;-25.853222 ;-19.140052 ;
42.400000 ;-25.966156 ;-19.237294 ;
42.500000 ;-26.088982 ;-19.333837 ;
42.600000 ;-26.213468 ;-19.428723 ;
42.700000 ;-26.311744 ;-19.519280 ;
42.800000 ;-26.384746 ;-19.605378 ;
42.900000 ;-26.463800 ;-19.689574 ;
43.000000 ;-26.572295 ;-19.773758 ;
43.100000 ;-26.661148 ;-19.853446 ;
43.200000 ;-26.731352 ;-19.928591 ;
43.300000 ;-26.812360 ;-20.001729 ;
43.400000 ;-26.885142 ;-20.071061 ;
43.500000 ;-26.947480 ;-20.136323 ;
43.600000 ;-27.012263 ;-20.198639 ;
43.700000 ;-27.073428 ;-20.257438 ;
43.800000 ;-27.122791 ;-20.311973 ;
43.900000 ;-27.165734 ;-20.362752 ;
44.000000 ;-27.220257 ;-20.411457 ;
44.100000 ;-27.276247 ;-20.457214 ;
44.200000 ;-27.307568 ;-20.497668 ;
44.300000 ;-27.317785 ;-20.533227 ;
44.400000 ;-27.341398 ;-20.567180 ;
44.500000 ;-27.387364 ;-20.600460 ;
44.600000 ;-27.412795 ;-20.629177 ;
44.700000 ;-27.424948 ;-20.654122 ;
44.800000 ;-27.451520 ;-20.678013 ;
44.900000 ;-27.470646 ;-20.698918 ;
45.000000 ;-27.480572 ;-20.716797 ;
45.100000 ;-27.496154 ;-20.733173 ;
45.200000 ;-27.511320 ;-20.747602 ;
45.300000 ;-27.516176 ;-20.759276 ;
45.400000 ;-27.515973 ;-20.768814 ;
45.500000 ;-27.529511 ;-20.778109 ;
45.600000 ;-27.547641 ;-20.786416 ;
45.700000 ;-27.544236 ;-20.791381 ;
45.800000 ;-27.522675 ;-20.793435 ;
45.900000 ;-27.517165 ;-20.795913 ;
46.000000 ;-27.533440 ;-20.799459 ;
46.100000 ;-27.531258 ;-20.800364 ;
46.200000 ;-27.518234 ;-20.799440 ;
46.300000 ;-27.522195 ;-20.799404 ;
46.400000 ;-27.520695 ;-20.798213 ;
46.500000 ;-27.510767 ;-20.795663 ;
46.600000 ;-27.508116 ;-20.793309 ;
46.700000 ;-27.508020 ;-20.790772 ;
46.800000 ;-27.498638 ;-20.786992 ;
46.900000 ;-27.484430 ;-20.782450 ;
47.000000 ;-27.484696 ;-20.779017 ;
47.100000 ;-27.492276 ;-20.776067 ;
47.200000 ;-27.480102 ;-20.771090 ;
47.300000 ;-27.450669 ;-20.764362 ;
47.400000 ;-27.438147 ;-20.759140 ;
47.500000 ;-27.463345 ;-20.757418 ;
47.600000 ;-27.462062 ;-20.753179 ;
47.700000 ;-27.418713 ;-20.744982 ;
47.800000 ;-27.393586 ;-20.738525 ;
47.900000 ;-27.414529 ;-20.736448 ;
48.000000 ;-27.407940 ;-20.731848 ;
48.100000 ;-27.381270 ;-20.725443 ;
48.200000 ;-27.383394 ;-20.721839 ;
48.300000 ;-27.380052 ;-20.717829 ;
48.400000 ;-27.366240 ;-20.712954 ;
48.500000 ;-27.362048 ;-20.709110 ;
48.600000 ;-27.357823 ;-20.705397 ;
48.700000 ;-27.345836 ;-20.701095 ;
48.800000 ;-27.335151 ;-20.697061 ;
48.900000 ;-27.336770 ;-20.694328 ;
49.000000 ;-27.332624 ;-20.691206 ;
49.100000 ;-27.315138 ;-20.686984 ;
49.200000 ;-27.297181 ;-20.682870 ;
49.300000 ;-27.307374 ;-20.681546 ;
49.400000 ;-27.320243 ;-20.680625 ;
49.500000 ;-27.298077 ;-20.676571 ;
49.600000 ;-27.255529 ;-20.670756 ;
49.700000 ;-27.255677 ;-20.669082 ;
49.800000 ;-27.281016 ;-20.669908 ;
49.900000 ;-27.264035 ;-20.666916 ;
50.000000 ;-27.226313 ;-20.662118 ;
50.100000 ;-27.235999 ;-20.661884 ;
50.200000 ;-27.237732 ;-20.661032 ;
50.300000 ;-27.222318 ;-20.658700 ;
50.400000 ;-27.220888 ;-20.657794 ;
50.500000 ;-27.218629 ;-20.656924 ;
50.600000 ;-27.208270 ;-20.655406 ;
50.700000 ;-27.203064 ;-20.654476 ;
50.800000 ;-27.203151 ;-20.654141 ;
50.900000 ;-27.195582 ;-20.653186 ;
51.000000 ;-27.182137 ;-20.651773 ;
51.100000 ;-27.179984 ;-20.651503 ;
51.200000 ;-27.191141 ;-20.652561 ;
51.300000 ;-27.185241 ;-20.652102 ;
51.400000 ;-27.158495 ;-20.649769 ;
51.500000 ;-27.139507 ;-20.648231 ;
51.600000 ;-27.165625 ;-20.650973 ;
51.700000 ;-27.178205 ;-20.652513 ;
51.800000 ;-27.142353 ;-20.649589 ;
51.900000 ;-27.105349 ;-20.646611 ;
52.000000 ;-27.129156 ;-20.649359 ;
52.100000 ;-27.133664 ;-20.650353 ;
52.200000 ;-27.110743 ;-20.648831 ;
52.300000 ;-27.112501 ;-20.649652 ;
52.400000 ;-27.114509 ;-20.650532 ;
52.500000 ;-27.105336 ;-20.650402 ;
52.600000 ;-27.103437 ;-20.650982 ;
52.700000 ;-27.103292 ;-20.651754 ;
52.800000 ;-27.095858 ;-20.651870 ;
52.900000 ;-27.088082 ;-20.651977 ;
53.000000 ;-27.092664 ;-20.653258 ;
53.100000 ;-27.093681 ;-20.654225 ;
53.200000 ;-27.081192 ;-20.653945 ;
53.300000 ;-27.065300 ;-20.653361 ;
53.400000 ;-27.074927 ;-20.655171 ;
53.500000 ;-27.096175 ;-20.658077 ;
53.600000 ;-27.083026 ;-20.657779 ;
53.700000 ;-27.041754 ;-20.654861 ;
53.800000 ;-27.033667 ;-20.655043 ;
53.900000 ;-27.067006 ;-20.659095 ;
54.000000 ;-27.061484 ;-20.659524 ;
54.100000 ;-27.024443 ;-20.657013 ;
54.200000 ;-27.032149 ;-20.658673 ;
54.300000 ;-27.040205 ;-20.660363 ;
54.400000 ;-27.029433 ;-20.660291 ;
54.500000 ;-27.029615 ;-20.661236 ;
54.600000 ;-27.031062 ;-20.662293 ;
54.700000 ;-27.024498 ;-20.662595 ;
54.800000 ;-27.021537 ;-20.663225 ;
54.900000 ;-27.024680 ;-20.664417 ;
55.000000 ;-27.020883 ;-20.664952 ;
55.100000 ;-27.010606 ;-20.664870 ;
55.200000 ;-27.009348 ;-20.665621 ;
55.300000 ;-27.024119 ;-20.667858 ;
55.400000 ;-27.023732 ;-20.668667 ;
55.500000 ;-27.000596 ;-20.667339 ;
55.600000 ;-26.979895 ;-20.666225 ;
55.700000 ;-26.993729 ;-20.668323 ;
55.800000 ;-26.998425 ;-20.669555 ;
55.900000 ;-26.985651 ;-20.669141 ;
56.000000 ;-26.986540 ;-20.669989 ;
56.100000 ;-26.989103 ;-20.670979 ;
56.200000 ;-26.983075 ;-20.671152 ;
56.300000 ;-26.980772 ;-20.671657 ;
56.400000 ;-26.984502 ;-20.672711 ;
56.500000 ;-26.981161 ;-20.673090 ;
56.600000 ;-26.971717 ;-20.672883 ;
56.700000 ;-26.972235 ;-20.673591 ;
56.800000 ;-26.986052 ;-20.675526 ;
56.900000 ;-26.984208 ;-20.675983 ;
57.000000 ;-26.962245 ;-20.674545 ;
57.100000 ;-26.946435 ;-20.673665 ;
57.200000 ;-26.961176 ;-20.675624 ;
57.300000 ;-26.963895 ;-20.676444 ;
57.400000 ;-26.951128 ;-20.675804 ;
57.500000 ;-26.953600 ;-20.676570 ;
57.600000 ;-26.956519 ;-20.677364 ;
57.700000 ;-26.950388 ;-20.677296 ;
57.800000 ;-26.948519 ;-20.677611 ;
57.900000 ;-26.953266 ;-20.678530 ;
58.000000 ;-26.950348 ;-20.678717 ;
58.100000 ;-26.940793 ;-20.678269 ;
58.200000 ;-26.941837 ;-20.678797 ;
58.300000 ;-26.955947 ;-20.680531 ;
58.400000 ;-26.953861 ;-20.680738 ;
58.500000 ;-26.932217 ;-20.679104 ;
58.600000 ;-26.919362 ;-20.678276 ;
58.700000 ;-26.947589 ;-20.681271 ;
58.800000 ;-26.959559 ;-20.682736 ;
58.900000 ;-26.928042 ;-20.680127 ;
59.000000 ;-26.900893 ;-20.677912 ;
59.100000 ;-26.927353 ;-20.680687 ;
59.200000 ;-26.932404 ;-20.681452 ;
59.300000 ;-26.912389 ;-20.679864 ;
59.400000 ;-26.917961 ;-20.680651 ;
59.500000 ;-26.923084 ;-20.681384 ;
59.600000 ;-26.916423 ;-20.681003 ;
59.700000 ;-26.917324 ;-20.681317 ;
59.800000 ;-26.920558 ;-20.681837 ;
59.900000 ;-26.916016 ;-20.681618 ;
60.000000 ;-26.910701 ;-20.681316 ;
60.100000 ;-26.917943 ;-20.682176 ;
60.200000 ;-26.921687 ;-20.682698 ;
60.300000 ;-26.911934 ;-20.681948 ;
60.400000 ;-26.899194 ;-20.680908 ;
60.500000 ;-26.911950 ;-20.682239 ;
60.600000 ;-26.932819 ;-20.684319 ;
60.700000 ;-26.920615 ;-20.683300 ;
60.800000 ;-26.884698 ;-20.680055 ;
60.900000 ;-26.884931 ;-20.680176 ;
61.000000 ;-26.916921 ;-20.683254 ;
61.100000 ;-26.909727 ;-20.682665 ;
61.200000 ;-26.877205 ;-20.679703 ;
61.300000 ;-26.889515 ;-20.680916 ;
61.400000 ;-26.898232 ;-20.681784 ;
61.500000 ;-26.888633 ;-20.680933 ;
61.600000 ;-26.891263 ;-20.681215 ;
61.700000 ;-26.894836 ;-20.681577 ;
61.800000 ;-26.889966 ;-20.681142 ;
61.900000 ;-26.888887 ;-20.681053 ;
62.000000 ;-26.894151 ;-20.681549 ;
62.100000 ;-26.892169 ;-20.681360 ;
62.200000 ;-26.883558 ;-20.680544 ;
62.300000 ;-26.884510 ;-20.680615 ;
62.400000 ;-26.900343 ;-20.682069 ;
62.500000 ;-26.900583 ;-20.682059 ;
62.600000 ;-26.879333 ;-20.680035 ;
62.700000 ;-26.863059 ;-20.678468 ;
62.800000 ;-26.891144 ;-20.681039 ;
62.900000 ;-26.909877 ;-20.682731 ;
63.000000 ;-26.880801 ;-20.679953 ;
63.100000 ;-26.846417 ;-20.676674 ;
63.200000 ;-26.872393 ;-20.679022 ;
63.300000 ;-26.882207 ;-20.679856 ;
63.400000 ;-26.863699 ;-20.678041 ;
63.500000 ;-26.867913 ;-20.678341 ;
63.600000 ;-26.874086 ;-20.678818 ;
63.700000 ;-26.868748 ;-20.678214 ;
63.800000 ;-26.869820 ;-20.678204 ;
63.900000 ;-26.873433 ;-20.678426 ;
64.000000 ;-26.869735 ;-20.677961 ;
64.100000 ;-26.864911 ;-20.677385 ;
64.200000 ;-26.872340 ;-20.677949 ;
64.300000 ;-26.877165 ;-20.678266 ;
64.400000 ;-26.868436 ;-20.677312 ;
64.500000 ;-26.855304 ;-20.675942 ;
64.600000 ;-26.866230 ;-20.676816 ;
64.700000 ;-26.890919 ;-20.678971 ;
64.800000 ;-26.882462 ;-20.678027 ;
64.900000 ;-26.844861 ;-20.674358 ;
65.000000 ;-26.837251 ;-20.673484 ;
65.100000 ;-26.872960 ;-20.676651 ;
65.200000 ;-26.871800 ;-20.676375 ;
65.300000 ;-26.838011 ;-20.673050 ;
65.400000 ;-26.846826 ;-20.673697 ;
65.500000 ;-26.857858 ;-20.674547 ;
65.600000 ;-26.849875 ;-20.673619 ;
65.700000 ;-26.851936 ;-20.673624 ;
65.800000 ;-26.856019 ;-20.673816 ;
65.900000 ;-26.851983 ;-20.673246 ;
66.000000 ;-26.850887 ;-20.672947 ;
66.100000 ;-26.856396 ;-20.673263 ;
66.200000 ;-26.855192 ;-20.672949 ;
66.300000 ;-26.847124 ;-20.671991 ;
66.400000 ;-26.847104 ;-20.671783 ;
66.500000 ;-26.863911 ;-20.673144 ;
66.600000 ;-26.866539 ;-20.673178 ;
66.700000 ;-26.846103 ;-20.671056 ;
66.800000 ;-26.826538 ;-20.669012 ;
66.900000 ;-26.841554 ;-20.670196 ;
67.000000 ;-26.848871 ;-20.670659 ;
67.100000 ;-26.838190 ;-20.669439 ;
67.200000 ;-26.840238 ;-20.669406 ;
67.300000 ;-26.844860 ;-20.669612 ;
67.400000 ;-26.840793 ;-20.669003 ;
67.500000 ;-26.839794 ;-20.668680 ;
67.600000 ;-26.845261 ;-20.668959 ;
67.700000 ;-26.843900 ;-20.668598 ;
67.800000 ;-26.836143 ;-20.667638 ;
67.900000 ;-26.837508 ;-20.667529 ;
68.000000 ;-26.852846 ;-20.668723 ;
68.100000 ;-26.853307 ;-20.668527 ;
68.200000 ;-26.833423 ;-20.666429 ;
68.300000 ;-26.818240 ;-20.664768 ;
68.400000 ;-26.833943 ;-20.665990 ;
68.500000 ;-26.838763 ;-20.666195 ;
68.600000 ;-26.827511 ;-20.664898 ;
68.700000 ;-26.830696 ;-20.664948 ;
68.800000 ;-26.835259 ;-20.665125 ;
68.900000 ;-26.830651 ;-20.664445 ;
69.000000 ;-26.829577 ;-20.664094 ;
69.100000 ;-26.835664 ;-20.664410 ;
69.200000 ;-26.834371 ;-20.664036 ;
69.300000 ;-26.826079 ;-20.663008 ;
69.400000 ;-26.827449 ;-20.662880 ;
69.500000 ;-26.842765 ;-20.664055 ;
69.600000 ;-26.842723 ;-20.663795 ;
69.700000 ;-26.822750 ;-20.661672 ;
69.800000 ;-26.809835 ;-20.660208 ;
69.900000 ;-26.838018 ;-20.662580 ;
70.000000 ;-26.852503 ;-20.663674 ;
70.100000 ;-26.823523 ;-20.660711 ;
70.200000 ;-26.795718 ;-20.657856 ;
70.300000 ;-26.822365 ;-20.660081 ;
70.400000 ;-26.829707 ;-20.660505 ;
70.500000 ;-26.810886 ;-20.658487 ;
70.600000 ;-26.816282 ;-20.658728 ;
70.700000 ;-26.822850 ;-20.659077 ;
70.800000 ;-26.817327 ;-20.658297 ;
70.900000 ;-26.818556 ;-20.658147 ;
71.000000 ;-26.822921 ;-20.658290 ;
71.100000 ;-26.819567 ;-20.657711 ;
71.200000 ;-26.814747 ;-20.656995 ;
71.300000 ;-26.822392 ;-20.657442 ;
71.400000 ;-26.827489 ;-20.657652 ;
71.500000 ;-26.819121 ;-20.656604 ;
71.600000 ;-26.806809 ;-20.655187 ;
71.700000 ;-26.818709 ;-20.656030 ;
71.800000 ;-26.841083 ;-20.657852 ;
71.900000 ;-26.831436 ;-20.656685 ;
72.000000 ;-26.796622 ;-20.653168 ;
72.100000 ;-26.794586 ;-20.652710 ;
72.200000 ;-26.827692 ;-20.655532 ;
72.300000 ;-26.823439 ;-20.654869 ;
72.400000 ;-26.791409 ;-20.651615 ;
72.500000 ;-26.802469 ;-20.652379 ;
72.600000 ;-26.812835 ;-20.653079 ;
72.700000 ;-26.804254 ;-20.652010 ;
72.800000 ;-26.806648 ;-20.651965 ;
72.900000 ;-26.811259 ;-20.652127 ;
73.000000 ;-26.807301 ;-20.651489 ;
73.100000 ;-26.806196 ;-20.651117 ;
73.200000 ;-26.812164 ;-20.651406 ;
73.300000 ;-26.811302 ;-20.651057 ;
73.400000 ;-26.803362 ;-20.650048 ;
73.500000 ;-26.803677 ;-20.649809 ;
73.600000 ;-26.820055 ;-20.651070 ;
73.700000 ;-26.822192 ;-20.651002 ;
73.800000 ;-26.802377 ;-20.648885 ;
73.900000 ;-26.785150 ;-20.647009 ;
74.000000 ;-26.811588 ;-20.649209 ;
74.100000 ;-26.833009 ;-20.650942 ;
74.200000 ;-26.806970 ;-20.648248 ;
74.300000 ;-26.771097 ;-20.644636 ;
74.400000 ;-26.795494 ;-20.646646 ;
74.500000 ;-26.807767 ;-20.647525 ;
74.600000 ;-26.790376 ;-20.645638 ;
74.700000 ;-26.793295 ;-20.645646 ;
74.800000 ;-26.800636 ;-20.646065 ;
74.900000 ;-26.796127 ;-20.645379 ;
75.000000 ;-26.796882 ;-20.645184 ;
75.100000 ;-26.801257 ;-20.645328 ;
75.200000 ;-26.798443 ;-20.644801 ;
75.300000 ;-26.793625 ;-20.644086 ;
75.400000 ;-26.800806 ;-20.644493 ;
75.500000 ;-26.806783 ;-20.644788 ;
75.600000 ;-26.799326 ;-20.643828 ;
75.700000 ;-26.786211 ;-20.642341 ;
75.800000 ;-26.795038 ;-20.642902 ;
75.900000 ;-26.821008 ;-20.645064 ;
76.000000 ;-26.815726 ;-20.644311 ;
76.100000 ;-26.779402 ;-20.640661 ;
76.200000 ;-26.767625 ;-20.639301 ;
76.300000 ;-26.803753 ;-20.642410 ;
76.400000 ;-26.806410 ;-20.642400 ;
76.500000 ;-26.773340 ;-20.639059 ;
76.600000 ;-26.779196 ;-20.639347 ;
76.700000 ;-26.791933 ;-20.640277 ;
76.800000 ;-26.785015 ;-20.639373 ;
76.900000 ;-26.786184 ;-20.639224 ;
77.000000 ;-26.791121 ;-20.639427 ;
77.100000 ;-26.787852 ;-20.638865 ;
77.200000 ;-26.786271 ;-20.638460 ;
77.300000 ;-26.792186 ;-20.638756 ;
77.400000 ;-26.792017 ;-20.638484 ;
77.500000 ;-26.784460 ;-20.637523 ;
77.600000 ;-26.783187 ;-20.637149 ;
77.700000 ;-26.800042 ;-20.638467 ;
77.800000 ;-26.804847 ;-20.638662 ;
77.900000 ;-26.786142 ;-20.636663 ;
78.000000 ;-26.765201 ;-20.634455 ;
78.100000 ;-26.778647 ;-20.635457 ;
78.200000 ;-26.787929 ;-20.636071 ;
78.300000 ;-26.778199 ;-20.634912 ;
78.400000 ;-26.778949 ;-20.634731 ;
78.500000 ;-26.784469 ;-20.634996 ;
78.600000 ;-26.781210 ;-20.634441 ;
78.700000 ;-26.779567 ;-20.634038 ;
78.800000 ;-26.785405 ;-20.634334 ;
78.900000 ;-26.785079 ;-20.634055 ;
79.000000 ;-26.777755 ;-20.633123 ;
79.100000 ;-26.777686 ;-20.632869 ;
79.200000 ;-26.793263 ;-20.634077 ;
79.300000 ;-26.795899 ;-20.634076 ;
79.400000 ;-26.777533 ;-20.632117 ;
79.500000 ;-26.760478 ;-20.630280 ;
79.600000 ;-26.775074 ;-20.631396 ;
79.700000 ;-26.781962 ;-20.631795 ;
79.800000 ;-26.771427 ;-20.630569 ;
79.900000 ;-26.771908 ;-20.630370 ;
80.000000 ;-26.774518 ;-20.630371 ;
