0.000000 ;-27.500000 ;-20.600000 ;
0.100000 ;-27.611244 ;-20.814308 ;
0.200000 ;-27.672487 ;-20.996051 ;
0.300000 ;-27.692449 ;-21.150136 ;
0.400000 ;-27.703916 ;-21.282719 ;
0.500000 ;-27.711937 ;-21.397309 ;
0.600000 ;-27.709461 ;-21.496012 ;
0.700000 ;-27.708620 ;-21.582031 ;
0.800000 ;-27.706930 ;-21.657070 ;
0.900000 ;-27.698522 ;-21.722227 ;
1.000000 ;-27.688200 ;-21.779250 ;
1.100000 ;-27.691020 ;-21.830517 ;
1.200000 ;-27.696721 ;-21.876157 ;
1.300000 ;-27.684222 ;-21.915251 ;
1.400000 ;-27.656724 ;-21.948741 ;
1.500000 ;-27.642291 ;-21.979477 ;
1.600000 ;-27.654143 ;-22.009022 ;
1.700000 ;-27.650885 ;-22.034481 ;
1.800000 ;-27.636262 ;-22.056503 ;
1.900000 ;-27.638352 ;-22.077625 ;
2.000000 ;-27.636722 ;-22.096482 ;
2.100000 ;-27.628390 ;-22.113059 ;
2.200000 ;-27.627941 ;-22.128712 ;
2.300000 ;-27.629685 ;-22.143156 ;
2.400000 ;-27.622959 ;-22.155681 ;
2.500000 ;-27.612913 ;-22.166826 ;
2.600000 ;-27.619338 ;-22.178284 ;
2.700000 ;-27.632664 ;-22.189389 ;
2.800000 ;-27.623832 ;-22.197906 ;
2.900000 ;-27.596847 ;-22.204229 ;
3.000000 ;-27.590188 ;-22.211498 ;
3.100000 ;-27.606549 ;-22.219990 ;
3.200000 ;-27.603403 ;-22.226365 ;
3.300000 ;-27.593202 ;-22.231665 ;
3.400000 ;-27.599953 ;-22.237849 ;
3.500000 ;-27.599704 ;-22.243046 ;
3.600000 ;-27.593903 ;-22.247405 ;
3.700000 ;-27.597743 ;-22.252174 ;
3.800000 ;-27.600456 ;-22.256521 ;
3.900000 ;-27.594330 ;-22.259856 ;
4.000000 ;-27.587973 ;-22.262893 ;
4.100000 ;-27.600218 ;-22.267159 ;
4.200000 ;-27.610280 ;-22.271013 ;
4.300000 ;-27.597613 ;-22.272831 ;
4.400000 ;-27.574480 ;-22.273610 ;
4.500000 ;-27.580197 ;-22.276510 ;
4.600000 ;-27.593409 ;-22.279837 ;
4.700000 ;-27.586078 ;-22.281363 ;
4.800000 ;-27.581448 ;-22.282959 ;
4.900000 ;-27.588993 ;-22.285394 ;
5.000000 ;-27.587441 ;-22.286977 ;
5.100000 ;-27.582849 ;-22.288200 ;
5.200000 ;-27.589125 ;-22.290187 ;
5.300000 ;-27.591354 ;-22.291752 ;
5.400000 ;-27.584290 ;-22.292482 ;
5.500000 ;-27.580346 ;-22.293378 ;
5.600000 ;-27.595697 ;-22.295740 ;
5.700000 ;-27.602326 ;-22.297332 ;
5.800000 ;-27.586079 ;-22.297027 ;
5.900000 ;-27.566804 ;-22.296419 ;
6.000000 ;-27.588106 ;-22.298999 ;
6.100000 ;-27.612446 ;-22.301769 ;
6.200000 ;-27.591331 ;-22.300857 ;
6.300000 ;-27.555074 ;-22.298688 ;
6.400000 ;-27.576970 ;-22.301127 ;
6.500000 ;-27.591673 ;-22.302951 ;
6.600000 ;-27.574401 ;-22.302183 ;
6.700000 ;-27.575443 ;-22.302846 ;
6.800000 ;-27.584682 ;-22.304133 ;
6.900000 ;-27.580515 ;-22.304318 ;
7.000000 ;-27.580670 ;-22.304823 ;
7.100000 ;-27.586301 ;-22.305740 ;
7.200000 ;-27.584130 ;-22.306010 ;
7.300000 ;-27.579163 ;-22.306035 ;
7.400000 ;-27.586880 ;-22.307055 ;
7.500000 ;-27.593427 ;-22.307963 ;
7.600000 ;-27.585921 ;-22.307729 ;
7.700000 ;-27.573445 ;-22.307081 ;
7.800000 ;-27.585536 ;-22.308384 ;
7.900000 ;-27.609605 ;-22.310632 ;
8.000000 ;-27.600177 ;-22.310187 ;
8.100000 ;-27.564501 ;-22.307630 ;
8.200000 ;-27.564503 ;-22.307915 ;
8.300000 ;-27.599029 ;-22.310951 ;
8.400000 ;-27.592906 ;-22.310728 ;
8.500000 ;-27.560782 ;-22.308416 ;
8.600000 ;-27.575525 ;-22.309844 ;
8.700000 ;-27.585032 ;-22.310843 ;
8.800000 ;-27.576109 ;-22.310361 ;
8.900000 ;-27.580958 ;-22.310973 ;
9.000000 ;-27.585307 ;-22.311538 ;
9.100000 ;-27.581095 ;-22.311412 ;
9.200000 ;-27.582285 ;-22.311712 ;
9.300000 ;-27.588623 ;-22.312419 ;
9.400000 ;-27.586649 ;-22.312455 ;
9.500000 ;-27.578887 ;-22.312022 ;
9.600000 ;-27.580251 ;-22.312316 ;
9.700000 ;-27.582354 ;-22.312665 ;
9.800000 ;-27.583271 ;-22.312910 ;
9.900000 ;-27.592359 ;-22.318667 ;
10.000000 ;-27.621111 ;-22.349183 ;
10.100000 ;-27.634482 ;-22.392091 ;
10.200000 ;-27.635948 ;-22.436514 ;
10.300000 ;-27.590141 ;-22.471254 ;
10.400000 ;-27.518078 ;-22.493217 ;
10.500000 ;-27.424741 ;-22.500245 ;
10.600000 ;-27.315687 ;-22.491347 ;
10.700000 ;-27.192907 ;-22.467402 ;
10.800000 ;-27.055724 ;-22.429602 ;
10.900000 ;-26.910708 ;-22.379213 ;
11.000000 ;-26.771053 ;-22.317693 ;
11.100000 ;-26.635402 ;-22.246716 ;
11.200000 ;-26.489582 ;-22.166911 ;
11.300000 ;-26.337990 ;-22.079923 ;
11.400000 ;-26.203827 ;-21.988593 ;
11.500000 ;-26.083360 ;-21.893836 ;
11.600000 ;-25.948886 ;-21.794790 ;
11.700000 ;-25.805209 ;-21.692766 ;
11.800000 ;-25.689273 ;-21.591213 ;
11.900000 ;-25.592668 ;-21.490271 ;
12.000000 ;-25.475248 ;-21.387852 ;
12.100000 ;-25.347582 ;-21.285255 ;
12.200000 ;-25.257678 ;-21.186224 ;
12.300000 ;-25.174028 ;-21.089023 ;
12.400000 ;-25.072188 ;-20.992381 ;
12.500000 ;-24.980209 ;-20.898433 ;
12.600000 ;-24.909506 ;-20.808139 ;
12.700000 ;-24.830830 ;-20.719781 ;
12.800000 ;-24.749652 ;-20.633849 ;
12.900000 ;-24.687130 ;-20.551784 ;
13.000000 ;-24.624953 ;-20.472491 ;
13.100000 ;-24.555801 ;-20.395560 ;
13.200000 ;-24.494700 ;-20.321935 ;
13.300000 ;-24.449965 ;-20.252112 ;
13.400000 ;-24.397987 ;-20.184638 ;
13.500000 ;-24.335562 ;-20.119287 ;
13.600000 ;-24.285918 ;-20.057408 ;
13.700000 ;-24.259832 ;-19.999571 ;
13.800000 ;-24.218785 ;-19.943439 ;
13.900000 ;-24.157892 ;-19.888664 ;
14.000000 ;-24.116448 ;-19.837472 ;
14.100000 ;-24.101224 ;-19.790164 ;
14.200000 ;-24.064979 ;-19.743929 ;
14.300000 ;-24.013985 ;-19.699051 ;
14.400000 ;-23.992803 ;-19.658011 ;
14.500000 ;-23.972032 ;-19.619034 ;
14.600000 ;-23.936633 ;-19.581185 ;
14.700000 ;-23.911015 ;-19.545771 ;
14.800000 ;-23.893997 ;-19.512644 ;
14.900000 ;-23.868116 ;-19.480741 ;
15.000000 ;-23.841239 ;-19.450431 ;
15.100000 ;-23.828481 ;-19.422482 ;
15.200000 ;-23.812044 ;-19.395829 ;
15.300000 ;-23.785614 ;-19.370053 ;
15.400000 ;-23.764269 ;-19.345925 ;
15.500000 ;-23.762270 ;-19.324161 ;
15.600000 ;-23.750457 ;-19.303093 ;
15.700000 ;-23.719873 ;-19.282171 ;
15.800000 ;-23.696313 ;-19.262754 ;
15.900000 ;-23.704435 ;-19.246129 ;
16.000000 ;-23.697522 ;-19.229692 ;
16.100000 ;-23.664093 ;-19.212769 ;
16.200000 ;-23.648375 ;-19.197721 ;
16.300000 ;-23.655112 ;-19.184753 ;
16.400000 ;-23.641877 ;-19.171516 ;
16.500000 ;-23.621119 ;-19.158647 ;
16.600000 ;-23.622009 ;-19.147685 ;
16.700000 ;-23.615987 ;-19.137043 ;
16.800000 ;-23.601366 ;-19.126593 ;
16.900000 ;-23.598033 ;-19.117376 ;
17.000000 ;-23.595821 ;-19.108808 ;
17.100000 ;-23.584495 ;-19.100306 ;
17.200000 ;-23.573874 ;-19.092370 ;
17.300000 ;-23.578220 ;-19.085736 ;
17.400000 ;-23.576770 ;-19.079261 ;
17.500000 ;-23.560799 ;-19.072453 ;
17.600000 ;-23.547304 ;-19.066199 ;
17.700000 ;-23.560819 ;-19.061786 ;
17.800000 ;-23.565545 ;-19.057277 ;
17.900000 ;-23.542764 ;-19.051654 ;
18.000000 ;-23.522912 ;-19.046523 ;
18.100000 ;-23.540987 ;-19.043730 ;
18.200000 ;-23.543599 ;-19.040408 ;
18.300000 ;-23.521739 ;-19.036061 ;
18.400000 ;-23.521155 ;-19.033115 ;
18.500000 ;-23.528937 ;-19.030863 ;
18.600000 ;-23.521141 ;-19.028013 ;
18.700000 ;-23.516733 ;-19.025566 ;
18.800000 ;-23.521686 ;-19.023826 ;
18.900000 ;-23.518332 ;-19.021838 ;
19.000000 ;-23.511420 ;-19.019845 ;
19.100000 ;-23.516443 ;-19.018661 ;
19.200000 ;-23.519142 ;-19.017515 ;
19.300000 ;-23.511026 ;-19.015947 ;
19.400000 ;-23.503600 ;-19.014560 ;
19.500000 ;-23.516459 ;-19.014386 ;
19.600000 ;-23.523663 ;-19.014037 ;
19.700000 ;-23.508561 ;-19.012623 ;
19.800000 ;-23.491177 ;-19.011201 ;
19.900000 ;-23.509663 ;-19.011786 ;
20.000000 ;-23.522779 ;-19.012183 ;
20.100000 ;-23.503114 ;-19.010934 ;
20.200000 ;-23.487869 ;-19.010007 ;
20.300000 ;-23.506642 ;-19.010965 ;
20.400000 ;-23.507885 ;-19.011066 ;
20.500000 ;-23.495826 ;-19.010531 ;
20.600000 ;-23.503701 ;-19.011122 ;
20.700000 ;-23.507239 ;-19.011543 ;
20.800000 ;-23.501733 ;-19.011540 ;
20.900000 ;-23.504938 ;-19.012054 ;
21.000000 ;-23.510086 ;-19.012720 ;
21.100000 ;-23.506591 ;-19.012972 ;
21.200000 ;-23.502025 ;-19.013211 ;
21.300000 ;-23.512058 ;-19.014264 ;
21.400000 ;-23.518500 ;-19.015164 ;
21.500000 ;-23.509205 ;-19.015261 ;
21.600000 ;-23.497752 ;-19.015275 ;
21.700000 ;-23.514376 ;-19.016809 ;
21.800000 ;-23.530397 ;-19.018335 ;
21.900000 ;-23.514872 ;-19.018214 ;
22.000000 ;-23.491103 ;-19.017680 ;
22.100000 ;-23.510574 ;-19.019460 ;
22.200000 ;-23.523837 ;-19.020927 ;
22.300000 ;-23.507673 ;-19.020850 ;
22.400000 ;-23.505478 ;-19.021532 ;
22.500000 ;-23.517893 ;-19.023003 ;
22.600000 ;-23.515506 ;-19.023700 ;
22.700000 ;-23.513603 ;-19.024434 ;
22.800000 ;-23.521092 ;-19.025678 ;
22.900000 ;-23.521267 ;-19.026542 ;
23.000000 ;-23.517420 ;-19.027199 ;
23.100000 ;-23.524348 ;-19.028437 ;
23.200000 ;-23.530097 ;-19.029618 ;
23.300000 ;-23.525073 ;-19.030231 ;
23.400000 ;-23.518631 ;-19.030773 ;
23.500000 ;-23.532657 ;-19.032407 ;
23.600000 ;-23.545701 ;-19.033990 ;
23.700000 ;-23.534215 ;-19.034273 ;
23.800000 ;-23.513560 ;-19.034071 ;
23.900000 ;-23.529053 ;-19.035790 ;
24.000000 ;-23.550991 ;-19.037849 ;
24.100000 ;-23.536585 ;-19.037979 ;
24.200000 ;-23.514705 ;-19.037713 ;
24.300000 ;-23.534462 ;-19.039660 ;
24.400000 ;-23.540898 ;-19.040895 ;
24.500000 ;-23.530736 ;-19.041244 ;
24.600000 ;-23.538201 ;-19.042531 ;
24.700000 ;-23.543430 ;-19.043696 ;
24.800000 ;-23.539914 ;-19.044392 ;
24.900000 ;-23.543565 ;-19.045468 ;
25.000000 ;-23.549624 ;-19.046668 ;
25.100000 ;-23.547649 ;-19.047437 ;
25.200000 ;-23.543773 ;-19.048101 ;
25.300000 ;-23.554113 ;-19.049518 ;
25.400000 ;-23.562996 ;-19.050854 ;
25.500000 ;-23.555394 ;-19.051307 ;
25.600000 ;-23.542172 ;-19.051456 ;
25.700000 ;-23.556161 ;-19.053050 ;
25.800000 ;-23.578753 ;-19.055095 ;
25.900000 ;-23.567486 ;-19.055335 ;
26.000000 ;-23.538091 ;-19.054609 ;
26.100000 ;-23.552341 ;-19.056200 ;
26.200000 ;-23.571959 ;-19.058069 ;
26.300000 ;-23.559229 ;-19.058210 ;
26.400000 ;-23.552967 ;-19.058693 ;
26.500000 ;-23.566427 ;-19.060222 ;
26.600000 ;-23.566116 ;-19.061011 ;
26.700000 ;-23.564357 ;-19.061717 ;
26.800000 ;-23.571747 ;-19.062908 ;
26.900000 ;-23.572669 ;-19.063747 ;
27.000000 ;-23.569434 ;-19.064359 ;
27.100000 ;-23.576102 ;-19.065495 ;
27.200000 ;-23.582576 ;-19.066615 ;
27.300000 ;-23.578416 ;-19.067162 ;
27.400000 ;-23.571311 ;-19.067546 ;
27.500000 ;-23.584093 ;-19.068987 ;
27.600000 ;-23.600912 ;-19.070637 ;
27.700000 ;-23.591817 ;-19.070901 ;
27.800000 ;-23.567466 ;-19.070347 ;
27.900000 ;-23.576485 ;-19.071568 ;
28.000000 ;-23.604697 ;-19.073803 ;
28.100000 ;-23.595355 ;-19.074032 ;
28.200000 ;-23.567906 ;-19.073294 ;
28.300000 ;-23.585034 ;-19.074929 ;
28.400000 ;-23.594880 ;-19.076169 ;
28.500000 ;-23.585904 ;-19.076397 ;
28.600000 ;-23.591986 ;-19.077427 ;
28.700000 ;-23.597615 ;-19.078428 ;
28.800000 ;-23.594838 ;-19.078973 ;
28.900000 ;-23.598044 ;-19.079835 ;
29.000000 ;-23.604063 ;-19.080843 ;
29.100000 ;-23.602571 ;-19.081444 ;
29.200000 ;-23.598567 ;-19.081905 ;
29.300000 ;-23.608250 ;-19.083095 ;
29.400000 ;-23.618633 ;-19.084317 ;
29.500000 ;-23.612094 ;-19.084630 ;
29.600000 ;-23.597010 ;-19.084482 ;
29.700000 ;-23.606725 ;-19.085656 ;
29.800000 ;-23.634323 ;-19.087777 ;
29.900000 ;-23.627660 ;-19.088066 ;
30.000000 ;-23.594082 ;-19.086917 ;
30.100000 ;-23.600553 ;-19.087904 ;
30.200000 ;-23.625036 ;-19.089844 ;
30.300000 ;-23.615913 ;-19.089983 ;
30.400000 ;-23.605661 ;-19.090061 ;
30.500000 ;-23.619437 ;-19.091421 ;
30.600000 ;-23.620467 ;-19.092093 ;
30.700000 ;-23.618466 ;-19.092600 ;
30.800000 ;-23.625428 ;-19.093583 ;
30.900000 ;-23.626620 ;-19.094253 ;
31.000000 ;-23.623510 ;-19.094688 ;
31.100000 ;-23.629550 ;-19.095611 ;
31.200000 ;-23.636366 ;-19.096571 ;
31.300000 ;-23.632722 ;-19.096967 ;
31.400000 ;-23.624870 ;-19.097134 ;
31.500000 ;-23.635655 ;-19.098296 ;
31.600000 ;-23.655472 ;-19.099937 ;
31.700000 ;-23.648951 ;-19.100165 ;
31.800000 ;-23.621955 ;-19.099295 ;
31.900000 ;-23.623431 ;-19.099947 ;
32.000000 ;-23.656031 ;-19.102256 ;
32.100000 ;-23.652201 ;-19.102613 ;
32.200000 ;-23.621196 ;-19.101517 ;
32.300000 ;-23.634044 ;-19.102766 ;
32.400000 ;-23.646612 ;-19.103994 ;
32.500000 ;-23.638812 ;-19.104126 ;
32.600000 ;-23.643448 ;-19.104924 ;
32.700000 ;-23.649266 ;-19.105782 ;
32.800000 ;-23.646905 ;-19.106198 ;
32.900000 ;-23.649507 ;-19.106877 ;
33.000000 ;-23.655393 ;-19.107730 ;
33.100000 ;-23.654198 ;-19.108199 ;
33.200000 ;-23.649942 ;-19.108502 ;
33.300000 ;-23.658668 ;-19.109498 ;
33.400000 ;-23.670229 ;-19.110643 ;
33.500000 ;-23.664771 ;-19.110873 ;
33.600000 ;-23.648350 ;-19.110511 ;
33.700000 ;-23.653452 ;-19.111302 ;
33.800000 ;-23.684501 ;-19.113477 ;
33.900000 ;-23.682734 ;-19.113892 ;
34.000000 ;-23.646913 ;-19.112485 ;
34.100000 ;-23.644846 ;-19.112886 ;
34.200000 ;-23.672915 ;-19.114894 ;
34.300000 ;-23.667531 ;-19.115103 ;
34.400000 ;-23.653848 ;-19.114868 ;
34.500000 ;-23.667702 ;-19.116110 ;
34.600000 ;-23.669805 ;-19.116717 ;
34.700000 ;-23.667458 ;-19.117082 ;
34.800000 ;-23.674027 ;-19.117924 ;
34.900000 ;-23.675417 ;-19.118486 ;
35.000000 ;-23.672299 ;-19.118802 ;
35.100000 ;-23.677626 ;-19.119571 ;
35.200000 ;-23.684705 ;-19.120431 ;
35.300000 ;-23.681540 ;-19.120738 ;
35.400000 ;-23.673116 ;-19.120760 ;
35.500000 ;-23.681674 ;-19.121693 ;
35.600000 ;-23.703699 ;-19.123344 ;
35.700000 ;-23.699864 ;-19.123606 ;
35.800000 ;-23.671452 ;-19.122549 ;
35.900000 ;-23.665787 ;-19.122711 ;
36.000000 ;-23.700854 ;-19.125052 ;
36.100000 ;-23.702398 ;-19.125591 ;
36.200000 ;-23.669686 ;-19.124295 ;
36.300000 ;-23.677640 ;-19.125182 ;
36.400000 ;-23.692411 ;-19.126430 ;
36.500000 ;-23.685777 ;-19.126523 ;
36.600000 ;-23.689042 ;-19.127148 ;
36.700000 ;-23.695043 ;-19.127919 ;
36.800000 ;-23.692978 ;-19.128253 ;
36.900000 ;-23.694951 ;-19.128803 ;
37.000000 ;-23.700738 ;-19.129556 ;
37.100000 ;-23.699807 ;-19.129946 ;
37.200000 ;-23.695312 ;-19.130141 ;
37.300000 ;-23.702969 ;-19.130989 ;
37.400000 ;-23.715426 ;-19.132092 ;
37.500000 ;-23.711078 ;-19.132290 ;
37.600000 ;-23.693891 ;-19.131796 ;
37.700000 ;-23.693811 ;-19.132220 ;
37.800000 ;-23.708503 ;-19.133438 ;
37.900000 ;-23.706714 ;-19.133765 ;
38.000000 ;-23.700510 ;-19.133853 ;
38.100000 ;-23.709039 ;-19.134734 ;
38.200000 ;-23.710790 ;-19.135247 ;
38.300000 ;-23.706974 ;-19.135458 ;
38.400000 ;-23.712728 ;-19.136184 ;
38.500000 ;-23.717644 ;-19.136863 ;
38.600000 ;-23.713522 ;-19.137053 ;
38.700000 ;-23.709255 ;-19.137233 ;
38.800000 ;-23.722400 ;-19.138350 ;
38.900000 ;-23.731556 ;-19.139249 ;
39.000000 ;-23.720238 ;-19.139045 ;
39.100000 ;-23.703753 ;-19.138561 ;
39.200000 ;-23.721069 ;-19.139895 ;
39.300000 ;-23.742765 ;-19.141460 ;
39.400000 ;-23.726618 ;-19.140989 ;
39.500000 ;-23.699033 ;-19.139905 ;
39.600000 ;-23.719491 ;-19.141404 ;
39.700000 ;-23.730716 ;-19.142401 ;
39.800000 ;-23.716631 ;-19.142033 ;
39.900000 ;-23.719282 ;-19.142532 ;
40.000000 ;-23.723454 ;-19.142869 ;
40.100000 ;-23.729533 ;-19.144001 ;
40.200000 ;-23.766384 ;-19.150257 ;
40.300000 ;-23.844085 ;-19.165258 ;
40.400000 ;-23.940326 ;-19.189082 ;
40.500000 ;-24.076115 ;-19.223957 ;
40.600000 ;-24.227985 ;-19.268468 ;
40.700000 ;-24.386921 ;-19.321744 ;
40.800000 ;-24.558721 ;-19.383862 ;
40.900000 ;-24.732771 ;-19.453412 ;
41.000000 ;-24.902161 ;-19.529118 ;
41.100000 ;-25.071152 ;-19.610651 ;
41.200000 ;-25.253809 ;-19.698407 ;
41.300000 ;-25.431562 ;-19.790284 ;
41.400000 ;-25.584181 ;-19.884138 ;
41.500000 ;-25.718617 ;-19.979817 ;
41.600000 ;-25.868791 ;-20.079145 ;
41.700000 ;-26.036035 ;-20.181690 ;
41.800000 ;-26.179516 ;-20.284049 ;
41.900000 ;-26.312891 ;-20.386679 ;
42.000000 ;-26.454617 ;-20.490424 ;
42.100000 ;-26.584695 ;-20.593459 ;
42.200000 ;-26.707068 ;-20.695674 ;
42.300000 ;-26.832518 ;-20.797491 ;
42.400000 ;-26.949874 ;-20.897765 ;
42.500000 ;-27.055085 ;-20.995887 ;
42.600000 ;-27.157705 ;-21.092275 ;
42.700000 ;-27.275252 ;-21.187981 ;
42.800000 ;-27.381868 ;-21.280824 ;
42.900000 ;-27.458448 ;-21.369140 ;
43.000000 ;-27.519857 ;-21.453854 ;
43.100000 ;-27.609177 ;-21.538051 ;
43.200000 ;-27.702551 ;-21.619773 ;
43.300000 ;-27.769605 ;-21.696557 ;
43.400000 ;-27.836692 ;-21.770322 ;
43.500000 ;-27.908406 ;-21.841335 ;
43.600000 ;-27.967212 ;-21.908168 ;
43.700000 ;-28.022045 ;-21.971471 ;
43.800000 ;-28.080817 ;-22.031838 ;
43.900000 ;-28.129685 ;-22.088180 ;
44.000000 ;-28.167334 ;-22.140410 ;
44.100000 ;-28.208590 ;-22.189724 ;
44.200000 ;-28.263658 ;-22.236986 ;
44.300000 ;-28.301124 ;-22.279761 ;
44.400000 ;-28.311908 ;-22.317402 ;
44.500000 ;-28.321205 ;-22.352006 ;
44.600000 ;-28.362727 ;-22.386366 ;
44.700000 ;-28.392226 ;-22.417046 ;
44.800000 ;-28.400709 ;-22.443434 ;
44.900000 ;-28.421316 ;-22.468320 ;
45.000000 ;-28.441423 ;-22.490809 ;
45.100000 ;-28.449864 ;-22.510121 ;
45.200000 ;-28.460519 ;-22.527506 ;
45.300000 ;-28.475957 ;-22.543298 ;
45.400000 ;-28.481551 ;-22.556438 ;
45.500000 ;-28.478929 ;-22.567182 ;
45.600000 ;-28.486850 ;-22.577172 ;
45.700000 ;-28.506153 ;-22.586597 ;
45.800000 ;-28.505860 ;-22.593055 ;
45.900000 ;-28.484092 ;-22.596503 ;
46.000000 ;-28.473397 ;-22.599695 ;
46.100000 ;-28.505717 ;-22.605329 ;
46.200000 ;-28.515114 ;-22.608142 ;
46.300000 ;-28.476448 ;-22.606182 ;
46.400000 ;-28.448995 ;-22.604357 ;
46.500000 ;-28.475883 ;-22.606253 ;
46.600000 ;-28.474506 ;-22.605234 ;
46.700000 ;-28.449247 ;-22.601729 ;
46.800000 ;-28.453808 ;-22.600170 ;
46.900000 ;-28.452642 ;-22.597731 ;
47.000000 ;-28.440228 ;-22.594022 ;
47.100000 ;-28.437787 ;-22.590823 ;
47.200000 ;-28.434251 ;-22.587282 ;
47.300000 ;-28.422435 ;-22.582864 ;
47.400000 ;-28.413140 ;-22.578486 ;
47.500000 ;-28.415713 ;-22.574947 ;
47.600000 ;-28.410274 ;-22.570667 ;
47.700000 ;-28.391057 ;-22.565212 ;
47.800000 ;-28.374384 ;-22.559932 ;
47.900000 ;-28.389316 ;-22.557208 ;
48.000000 ;-28.398594 ;-22.554046 ;
48.100000 ;-28.368817 ;-22.547760 ;
48.200000 ;-28.325129 ;-22.540405 ;
48.300000 ;-28.336731 ;-22.537595 ;
48.400000 ;-28.357594 ;-22.535621 ;
48.500000 ;-28.329347 ;-22.529777 ;
48.600000 ;-28.296195 ;-22.523645 ;
48.700000 ;-28.310111 ;-22.521431 ;
48.800000 ;-28.305315 ;-22.517829 ;
48.900000 ;-28.289405 ;-22.513459 ;
49.000000 ;-28.289795 ;-22.510539 ;
49.100000 ;-28.283660 ;-22.507230 ;
49.200000 ;-28.271445 ;-22.503569 ;
49.300000 ;-28.268734 ;-22.500818 ;
49.400000 ;-28.265809 ;-22.498191 ;
49.500000 ;-28.253660 ;-22.494963 ;
49.600000 ;-28.240070 ;-22.491760 ;
49.700000 ;-28.245461 ;-22.490228 ;
49.800000 ;-28.251690 ;-22.488902 ;
49.900000 ;-28.234070 ;-22.485791 ;
50.000000 ;-28.202683 ;-22.481703 ;
50.100000 ;-28.199214 ;-22.479996 ;
50.200000 ;-28.208524 ;-22.479447 ;
50.300000 ;-28.196589 ;-22.477311 ;
50.400000 ;-28.184621 ;-22.475293 ;
50.500000 ;-28.186577 ;-22.474514 ;
50.600000 ;-28.179798 ;-22.473143 ;
50.700000 ;-28.169388 ;-22.471589 ;
50.800000 ;-28.169731 ;-22.471006 ;
50.900000 ;-28.166562 ;-22.470240 ;
51.000000 ;-28.154231 ;-22.468833 ;
51.100000 ;-28.144487 ;-22.467726 ;
51.200000 ;-28.154462 ;-22.468294 ;
51.300000 ;-28.156690 ;-22.468323 ;
51.400000 ;-28.135469 ;-22.466545 ;
51.500000 ;-28.109472 ;-22.464457 ;
51.600000 ;-28.124244 ;-22.465721 ;
51.700000 ;-28.147297 ;-22.467718 ;
51.800000 ;-28.122714 ;-22.465951 ;
51.900000 ;-28.077001 ;-22.462546 ;
52.000000 ;-28.091811 ;-22.464060 ;
52.100000 ;-28.105316 ;-22.465522 ;
52.200000 ;-28.083735 ;-22.464214 ;
52.300000 ;-28.078077 ;-22.464232 ;
52.400000 ;-28.083616 ;-22.465191 ;
52.500000 ;-28.075463 ;-22.465089 ;
52.600000 ;-28.070951 ;-22.465317 ;
52.700000 ;-28.072185 ;-22.466040 ;
52.800000 ;-28.065829 ;-22.466183 ;
52.900000 ;-28.056766 ;-22.466137 ;
53.000000 ;-28.060297 ;-22.467129 ;
53.100000 ;-28.062636 ;-22.468048 ;
53.200000 ;-28.051057 ;-22.467869 ;
53.300000 ;-28.034611 ;-22.467316 ;
53.400000 ;-28.043037 ;-22.468780 ;
53.500000 ;-28.064380 ;-22.471296 ;
53.600000 ;-28.051203 ;-22.471051 ;
53.700000 ;-28.010085 ;-22.468570 ;
53.800000 ;-28.004550 ;-22.468956 ;
53.900000 ;-28.038069 ;-22.472487 ;
54.000000 ;-28.029417 ;-22.472638 ;
54.100000 ;-27.991220 ;-22.470420 ;
54.200000 ;-28.002197 ;-22.472153 ;
54.300000 ;-28.009338 ;-22.473577 ;
54.400000 ;-27.997069 ;-22.473442 ;
54.500000 ;-27.998721 ;-22.474424 ;
54.600000 ;-27.999771 ;-22.475355 ;
54.700000 ;-27.992400 ;-22.475605 ;
54.800000 ;-27.990858 ;-22.476319 ;
54.900000 ;-27.993801 ;-22.477388 ;
55.000000 ;-27.988401 ;-22.477780 ;
55.100000 ;-27.977881 ;-22.477752 ;
55.200000 ;-27.981431 ;-22.478849 ;
55.300000 ;-27.995097 ;-22.480750 ;
55.400000 ;-27.988339 ;-22.481000 ;
55.500000 ;-27.961967 ;-22.479663 ;
55.600000 ;-27.951580 ;-22.479600 ;
55.700000 ;-27.967379 ;-22.481632 ;
55.800000 ;-27.964817 ;-22.482177 ;
55.900000 ;-27.952148 ;-22.481897 ;
56.000000 ;-27.957688 ;-22.483069 ;
56.100000 ;-27.957293 ;-22.483752 ;
56.200000 ;-27.949762 ;-22.483848 ;
56.300000 ;-27.951538 ;-22.484679 ;
56.400000 ;-27.954017 ;-22.485554 ;
56.500000 ;-27.947097 ;-22.485659 ;
56.600000 ;-27.938182 ;-22.485590 ;
56.700000 ;-27.947545 ;-22.486977 ;
56.800000 ;-27.957713 ;-22.488414 ;
56.900000 ;-27.945157 ;-22.488011 ;
57.000000 ;-27.920175 ;-22.486595 ;
57.100000 ;-27.925833 ;-22.487627 ;
57.200000 ;-27.957613 ;-22.490744 ;
57.300000 ;-27.948227 ;-22.490541 ;
57.400000 ;-27.904002 ;-22.487525 ;
57.500000 ;-27.906766 ;-22.488268 ;
57.600000 ;-27.930264 ;-22.490662 ;
57.700000 ;-27.917758 ;-22.490150 ;
57.800000 ;-27.906287 ;-22.489708 ;
57.900000 ;-27.916761 ;-22.491013 ;
58.000000 ;-27.914032 ;-22.491244 ;
58.100000 ;-27.909194 ;-22.491290 ;
58.200000 ;-27.913672 ;-22.492072 ;
58.300000 ;-27.911832 ;-22.492332 ;
58.400000 ;-27.904628 ;-22.492147 ;
58.500000 ;-27.907651 ;-22.492771 ;
58.600000 ;-27.914571 ;-22.493695 ;
58.700000 ;-27.908542 ;-22.493564 ;
58.800000 ;-27.893697 ;-22.492712 ;
58.900000 ;-27.896234 ;-22.493243 ;
59.000000 ;-27.922354 ;-22.495659 ;
59.100000 ;-27.920527 ;-22.495816 ;
59.200000 ;-27.884426 ;-22.493205 ;
59.300000 ;-27.866193 ;-22.492017 ;
59.400000 ;-27.902316 ;-22.495185 ;
59.500000 ;-27.907306 ;-22.495841 ;
59.600000 ;-27.871541 ;-22.493212 ;
59.700000 ;-27.873750 ;-22.493622 ;
59.800000 ;-27.887666 ;-22.494959 ;
59.900000 ;-27.879434 ;-22.494505 ;
60.000000 ;-27.879030 ;-22.494669 ;
60.100000 ;-27.883728 ;-22.495232 ;
60.200000 ;-27.879367 ;-22.495056 ;
60.300000 ;-27.877034 ;-22.495032 ;
60.400000 ;-27.882339 ;-22.495612 ;
60.500000 ;-27.880742 ;-22.495626 ;
60.600000 ;-27.871915 ;-22.495049 ;
60.700000 ;-27.872181 ;-22.495194 ;
60.800000 ;-27.888540 ;-22.496623 ;
60.900000 ;-27.888841 ;-22.496751 ;
61.000000 ;-27.866465 ;-22.495047 ;
61.100000 ;-27.849630 ;-22.493778 ;
61.200000 ;-27.866431 ;-22.495205 ;
61.300000 ;-27.870222 ;-22.495578 ;
61.400000 ;-27.857934 ;-22.494649 ;
61.500000 ;-27.862342 ;-22.495054 ;
61.600000 ;-27.865500 ;-22.495351 ;
61.700000 ;-27.859755 ;-22.494923 ;
61.800000 ;-27.860323 ;-22.494994 ;
61.900000 ;-27.865382 ;-22.495420 ;
62.000000 ;-27.861691 ;-22.495133 ;
62.100000 ;-27.852995 ;-22.494437 ;
62.200000 ;-27.859078 ;-22.494922 ;
62.300000 ;-27.873251 ;-22.496050 ;
62.400000 ;-27.866943 ;-22.495525 ;
62.500000 ;-27.843265 ;-22.493596 ;
62.600000 ;-27.839445 ;-22.493256 ;
62.700000 ;-27.873674 ;-22.495968 ;
62.800000 ;-27.876230 ;-22.496130 ;
62.900000 ;-27.835798 ;-22.492832 ;
63.000000 ;-27.824253 ;-22.491848 ;
63.100000 ;-27.852990 ;-22.494093 ;
63.200000 ;-27.848717 ;-22.493681 ;
63.300000 ;-27.831267 ;-22.492205 ;
63.400000 ;-27.843329 ;-22.493094 ;
63.500000 ;-27.844517 ;-22.493103 ;
63.600000 ;-27.838542 ;-22.492530 ;
63.700000 ;-27.843660 ;-22.492845 ;
63.800000 ;-27.844532 ;-22.492812 ;
63.900000 ;-27.838404 ;-22.492212 ;
64.000000 ;-27.839119 ;-22.492157 ;
64.100000 ;-27.848055 ;-22.492758 ;
64.200000 ;-27.845953 ;-22.492468 ;
64.300000 ;-27.832375 ;-22.491250 ;
64.400000 ;-27.828792 ;-22.490831 ;
64.500000 ;-27.855188 ;-22.492818 ;
64.600000 ;-27.862398 ;-22.493259 ;
64.700000 ;-27.831957 ;-22.490670 ;
64.800000 ;-27.803652 ;-22.488248 ;
64.900000 ;-27.835453 ;-22.490652 ;
65.000000 ;-27.851784 ;-22.491810 ;
65.100000 ;-27.821065 ;-22.489186 ;
65.200000 ;-27.811412 ;-22.488251 ;
65.300000 ;-27.829766 ;-22.489561 ;
65.400000 ;-27.825795 ;-22.489073 ;
65.500000 ;-27.821780 ;-22.488578 ;
65.600000 ;-27.828412 ;-22.488935 ;
65.700000 ;-27.826355 ;-22.488591 ;
65.800000 ;-27.822461 ;-22.488096 ;
65.900000 ;-27.828208 ;-22.488373 ;
66.000000 ;-27.829232 ;-22.488267 ;
66.100000 ;-27.821719 ;-22.487472 ;
66.200000 ;-27.818371 ;-22.487010 ;
66.300000 ;-27.834488 ;-22.488110 ;
66.400000 ;-27.840434 ;-22.488389 ;
66.500000 ;-27.822253 ;-22.486727 ;
66.600000 ;-27.800734 ;-22.484793 ;
66.700000 ;-27.813942 ;-22.485649 ;
66.800000 ;-27.823002 ;-22.486169 ;
66.900000 ;-27.812302 ;-22.485099 ;
67.000000 ;-27.813154 ;-22.484955 ;
67.100000 ;-27.818719 ;-22.485188 ;
67.200000 ;-27.814655 ;-22.484645 ;
67.300000 ;-27.812971 ;-22.484291 ;
67.400000 ;-27.819166 ;-22.484569 ;
67.500000 ;-27.818060 ;-22.484257 ;
67.600000 ;-27.809686 ;-22.483360 ;
67.700000 ;-27.811321 ;-22.483265 ;
67.800000 ;-27.827377 ;-22.484329 ;
67.900000 ;-27.826774 ;-22.484052 ;
68.000000 ;-27.805290 ;-22.482094 ;
68.100000 ;-27.792837 ;-22.480861 ;
68.200000 ;-27.824548 ;-22.483175 ;
68.300000 ;-27.838071 ;-22.484028 ;
68.400000 ;-27.804055 ;-22.481061 ;
68.500000 ;-27.777450 ;-22.478688 ;
68.600000 ;-27.807718 ;-22.480880 ;
68.700000 ;-27.812116 ;-22.480994 ;
68.800000 ;-27.791930 ;-22.479132 ;
68.900000 ;-27.801164 ;-22.479632 ;
69.000000 ;-27.805935 ;-22.479772 ;
69.100000 ;-27.799758 ;-22.479031 ;
69.200000 ;-27.803508 ;-22.479086 ;
69.300000 ;-27.806458 ;-22.479077 ;
69.400000 ;-27.801522 ;-22.478432 ;
69.500000 ;-27.799417 ;-22.478014 ;
69.600000 ;-27.808846 ;-22.478522 ;
69.700000 ;-27.810247 ;-22.478385 ;
69.800000 ;-27.798415 ;-22.477182 ;
69.900000 ;-27.789904 ;-22.476246 ;
70.000000 ;-27.812620 ;-22.477819 ;
70.100000 ;-27.827879 ;-22.478792 ;
70.200000 ;-27.804644 ;-22.476673 ;
70.300000 ;-27.769857 ;-22.473624 ;
70.400000 ;-27.791121 ;-22.475076 ;
70.500000 ;-27.817378 ;-22.476930 ;
70.600000 ;-27.794771 ;-22.474860 ;
70.700000 ;-27.771846 ;-22.472765 ;
70.800000 ;-27.792809 ;-22.474193 ;
70.900000 ;-27.793964 ;-22.474028 ;
71.000000 ;-27.786135 ;-22.473141 ;
71.100000 ;-27.793644 ;-22.473486 ;
71.200000 ;-27.793918 ;-22.473249 ;
71.300000 ;-27.788944 ;-22.472590 ;
71.400000 ;-27.793676 ;-22.472711 ;
71.500000 ;-27.796885 ;-22.472709 ;
71.600000 ;-27.790981 ;-22.471974 ;
71.700000 ;-27.784924 ;-22.471226 ;
71.800000 ;-27.798204 ;-22.472033 ;
71.900000 ;-27.809067 ;-22.472646 ;
72.000000 ;-27.795946 ;-22.471330 ;
72.100000 ;-27.771811 ;-22.469130 ;
72.200000 ;-27.777993 ;-22.469365 ;
72.300000 ;-27.791641 ;-22.470200 ;
72.400000 ;-27.784124 ;-22.469335 ;
72.500000 ;-27.780201 ;-22.468759 ;
72.600000 ;-27.787471 ;-22.469081 ;
72.700000 ;-27.785499 ;-22.468661 ;
72.800000 ;-27.781525 ;-22.468080 ;
72.900000 ;-27.787763 ;-22.468320 ;
73.000000 ;-27.789104 ;-22.468166 ;
73.100000 ;-27.781656 ;-22.467306 ;
73.200000 ;-27.778852 ;-22.466819 ;
73.300000 ;-27.794710 ;-22.467832 ;
73.400000 ;-27.799657 ;-22.467969 ;
73.500000 ;-27.781721 ;-22.466266 ;
73.600000 ;-27.762987 ;-22.464500 ;
73.700000 ;-27.787158 ;-22.466180 ;
73.800000 ;-27.810571 ;-22.467800 ;
73.900000 ;-27.785828 ;-22.465555 ;
74.000000 ;-27.748508 ;-22.462299 ;
74.100000 ;-27.773011 ;-22.464006 ;
74.200000 ;-27.786453 ;-22.464826 ;
74.300000 ;-27.767523 ;-22.463047 ;
74.400000 ;-27.770234 ;-22.463005 ;
74.500000 ;-27.778422 ;-22.463404 ;
74.600000 ;-27.773419 ;-22.462742 ;
74.700000 ;-27.774488 ;-22.462568 ;
74.800000 ;-27.779111 ;-22.462681 ;
74.900000 ;-27.775808 ;-22.462156 ;
75.000000 ;-27.771357 ;-22.461539 ;
75.100000 ;-27.779711 ;-22.461952 ;
75.200000 ;-27.784367 ;-22.462068 ;
75.300000 ;-27.775074 ;-22.461063 ;
75.400000 ;-27.763300 ;-22.459860 ;
75.500000 ;-27.779135 ;-22.460874 ;
75.600000 ;-27.801118 ;-22.462384 ;
75.700000 ;-27.786750 ;-22.460974 ;
75.800000 ;-27.749370 ;-22.457716 ;
75.900000 ;-27.755528 ;-22.457954 ;
76.000000 ;-27.789357 ;-22.460415 ;
76.100000 ;-27.777739 ;-22.459229 ;
76.200000 ;-27.745322 ;-22.456374 ;
76.300000 ;-27.763326 ;-22.457566 ;
76.400000 ;-27.770360 ;-22.457877 ;
76.500000 ;-27.760800 ;-22.456856 ;
76.600000 ;-27.766892 ;-22.457092 ;
76.700000 ;-27.769616 ;-22.457058 ;
76.800000 ;-27.764655 ;-22.456406 ;
76.900000 ;-27.767119 ;-22.456352 ;
77.000000 ;-27.772106 ;-22.456500 ;
77.100000 ;-27.768278 ;-22.455941 ;
77.200000 ;-27.760675 ;-22.455079 ;
77.300000 ;-27.769208 ;-22.455514 ;
77.400000 ;-27.783966 ;-22.456449 ;
77.500000 ;-27.776797 ;-22.455624 ;
77.600000 ;-27.752390 ;-22.453414 ;
77.700000 ;-27.749140 ;-22.452903 ;
77.800000 ;-27.766178 ;-22.454023 ;
77.900000 ;-27.763362 ;-22.453549 ;
78.000000 ;-27.754528 ;-22.452593 ;
78.100000 ;-27.762601 ;-22.452994 ;
78.200000 ;-27.763149 ;-22.452792 ;
78.300000 ;-27.757855 ;-22.452120 ;
78.400000 ;-27.762711 ;-22.452265 ;
78.500000 ;-27.766330 ;-22.452311 ;
78.600000 ;-27.760527 ;-22.451600 ;
78.700000 ;-27.754500 ;-22.450871 ;
78.800000 ;-27.767556 ;-22.451677 ;
78.900000 ;-27.777612 ;-22.452241 ;
79.000000 ;-27.764588 ;-22.450953 ;
79.100000 ;-27.742298 ;-22.448920 ;
79.200000 ;-27.755102 ;-22.449707 ;
79.300000 ;-27.786130 ;-22.451957 ;
79.400000 ;-27.773124 ;-22.450674 ;
79.500000 ;-27.731200 ;-22.447071 ;
79.600000 ;-27.742617 ;-22.447748 ;
79.700000 ;-27.764513 ;-22.449267 ;
79.800000 ;-27.750663 ;-22.447917 ;
79.900000 ;-27.744101 ;-22.447153 ;
80.000000 ;-27.750651 ;-22.447442 ;
