0.000000 ;-27.500000 ;-20.600000 ;
0.100000 ;-27.490693 ;-20.616076 ;
0.200000 ;-27.486663 ;-20.627578 ;
0.300000 ;-27.477752 ;-20.634687 ;
0.400000 ;-27.456455 ;-20.637627 ;
0.500000 ;-27.442624 ;-20.638855 ;
0.600000 ;-27.453776 ;-20.640521 ;
0.700000 ;-27.452602 ;-20.639739 ;
0.800000 ;-27.428418 ;-20.635893 ;
0.900000 ;-27.414361 ;-20.632266 ;
1.000000 ;-27.434264 ;-20.631234 ;
1.100000 ;-27.435310 ;-20.628197 ;
1.200000 ;-27.410758 ;-20.622675 ;
1.300000 ;-27.409747 ;-20.619201 ;
1.400000 ;-27.423539 ;-20.617062 ;
1.500000 ;-27.416668 ;-20.613114 ;
1.600000 ;-27.406847 ;-20.608995 ;
1.700000 ;-27.416739 ;-20.606773 ;
1.800000 ;-27.417582 ;-20.603876 ;
1.900000 ;-27.409100 ;-20.600291 ;
2.000000 ;-27.413505 ;-20.598024 ;
2.100000 ;-27.420206 ;-20.596123 ;
2.200000 ;-27.414718 ;-20.593285 ;
2.300000 ;-27.406539 ;-20.590359 ;
2.400000 ;-27.418021 ;-20.589354 ;
2.500000 ;-27.427046 ;-20.588273 ;
2.600000 ;-27.415777 ;-20.585505 ;
2.700000 ;-27.400363 ;-20.582496 ;
2.800000 ;-27.417202 ;-20.582511 ;
2.900000 ;-27.432552 ;-20.582509 ;
3.000000 ;-27.416154 ;-20.579765 ;
3.100000 ;-27.395319 ;-20.576724 ;
3.200000 ;-27.415543 ;-20.577467 ;
3.300000 ;-27.424181 ;-20.577260 ;
3.400000 ;-27.407746 ;-20.574883 ;
3.500000 ;-27.408444 ;-20.574122 ;
3.600000 ;-27.419712 ;-20.574382 ;
3.700000 ;-27.415469 ;-20.573315 ;
3.800000 ;-27.410856 ;-20.572276 ;
3.900000 ;-27.419765 ;-20.572509 ;
4.000000 ;-27.420568 ;-20.572065 ;
4.100000 ;-27.413019 ;-20.570919 ;
4.200000 ;-27.417108 ;-20.570864 ;
4.300000 ;-27.427149 ;-20.571385 ;
4.400000 ;-27.423117 ;-20.570679 ;
4.500000 ;-27.410222 ;-20.569212 ;
4.600000 ;-27.417354 ;-20.569576 ;
4.700000 ;-27.436280 ;-20.571028 ;
4.800000 ;-27.429919 ;-20.570238 ;
4.900000 ;-27.405058 ;-20.567811 ;
5.000000 ;-27.411005 ;-20.568172 ;
5.100000 ;-27.434059 ;-20.570091 ;
5.200000 ;-27.425461 ;-20.569188 ;
5.300000 ;-27.402991 ;-20.567058 ;
5.400000 ;-27.417896 ;-20.568298 ;
5.500000 ;-27.425718 ;-20.568918 ;
5.600000 ;-27.414929 ;-20.567879 ;
5.700000 ;-27.417693 ;-20.568071 ;
5.800000 ;-27.425179 ;-20.568697 ;
5.900000 ;-27.421021 ;-20.568288 ;
6.000000 ;-27.417792 ;-20.567972 ;
6.100000 ;-27.426632 ;-20.568748 ;
6.200000 ;-27.427930 ;-20.568855 ;
6.300000 ;-27.419107 ;-20.568060 ;
6.400000 ;-27.419054 ;-20.568060 ;
6.500000 ;-27.435010 ;-20.569503 ;
6.600000 ;-27.435901 ;-20.569599 ;
6.700000 ;-27.417500 ;-20.567968 ;
6.800000 ;-27.410676 ;-20.567380 ;
6.900000 ;-27.436878 ;-20.569763 ;
7.000000 ;-27.441982 ;-20.570255 ;
7.100000 ;-27.414802 ;-20.567853 ;
7.200000 ;-27.407792 ;-20.567264 ;
7.300000 ;-27.430722 ;-20.569366 ;
7.400000 ;-27.428376 ;-20.569201 ;
7.500000 ;-27.412340 ;-20.567809 ;
7.600000 ;-27.423679 ;-20.568878 ;
7.700000 ;-27.428167 ;-20.569332 ;
7.800000 ;-27.420802 ;-20.568724 ;
7.900000 ;-27.424731 ;-20.569132 ;
8.000000 ;-27.430451 ;-20.569702 ;
8.100000 ;-27.426097 ;-20.569369 ;
8.200000 ;-27.421572 ;-20.569021 ;
8.300000 ;-27.432107 ;-20.570027 ;
8.400000 ;-27.436795 ;-20.570509 ;
8.500000 ;-27.426252 ;-20.569623 ;
8.600000 ;-27.416611 ;-20.568819 ;
8.700000 ;-27.435726 ;-20.570599 ;
8.800000 ;-27.448882 ;-20.571845 ;
8.900000 ;-27.430254 ;-20.570237 ;
9.000000 ;-27.405898 ;-20.568115 ;
9.100000 ;-27.427817 ;-20.570149 ;
9.200000 ;-27.443635 ;-20.571635 ;
9.300000 ;-27.423374 ;-20.569883 ;
9.400000 ;-27.412796 ;-20.569001 ;
9.500000 ;-27.430231 ;-20.570634 ;
9.600000 ;-27.429328 ;-20.570620 ;
9.700000 ;-27.420952 ;-20.569935 ;
9.800000 ;-27.425867 ;-20.570443 ;
9.900000 ;-27.438734 ;-20.577099 ;
10.000000 ;-27.447167 ;-20.601558 ;
10.100000 ;-27.455363 ;-20.646599 ;
10.200000 ;-27.430524 ;-20.690350 ;
10.300000 ;-27.379835 ;-20.724979 ;
10.400000 ;-27.304141 ;-20.745224 ;
10.500000 ;-27.201889 ;-20.747975 ;
10.600000 ;-27.084603 ;-20.734206 ;
10.700000 ;-26.956556 ;-20.704944 ;
10.800000 ;-26.820005 ;-20.660854 ;
10.900000 ;-26.676356 ;-20.602865 ;
11.000000 ;-26.530645 ;-20.533700 ;
11.100000 ;-26.386834 ;-20.455827 ;
11.200000 ;-26.246179 ;-20.370890 ;
11.300000 ;-26.107233 ;-20.279717 ;
11.400000 ;-25.965781 ;-20.182505 ;
11.500000 ;-25.825053 ;-20.081389 ;
11.600000 ;-25.697259 ;-19.978706 ;
11.700000 ;-25.579570 ;-19.875177 ;
11.800000 ;-25.454722 ;-19.770223 ;
11.900000 ;-25.330371 ;-19.665218 ;
12.000000 ;-25.224508 ;-19.562181 ;
12.100000 ;-25.130399 ;-19.461124 ;
12.200000 ;-25.021056 ;-19.360436 ;
12.300000 ;-24.911691 ;-19.261652 ;
12.400000 ;-24.829643 ;-19.167075 ;
12.500000 ;-24.762745 ;-19.076043 ;
12.600000 ;-24.669100 ;-18.985671 ;
12.700000 ;-24.575745 ;-18.898076 ;
12.800000 ;-24.514407 ;-18.815609 ;
12.900000 ;-24.460304 ;-18.736562 ;
13.000000 ;-24.378415 ;-18.658490 ;
13.100000 ;-24.311877 ;-18.584434 ;
13.200000 ;-24.263963 ;-18.514594 ;
13.300000 ;-24.203218 ;-18.446768 ;
13.400000 ;-24.143684 ;-18.381876 ;
13.500000 ;-24.098514 ;-18.320746 ;
13.600000 ;-24.053045 ;-18.262322 ;
13.700000 ;-23.999747 ;-18.206029 ;
13.800000 ;-23.957205 ;-18.153020 ;
13.900000 ;-23.925246 ;-18.103198 ;
14.000000 ;-23.884014 ;-18.055170 ;
14.100000 ;-23.835612 ;-18.008993 ;
14.200000 ;-23.804554 ;-17.966165 ;
14.300000 ;-23.787780 ;-17.926399 ;
14.400000 ;-23.753757 ;-17.887572 ;
14.500000 ;-23.705316 ;-17.849785 ;
14.600000 ;-23.682531 ;-17.815512 ;
14.700000 ;-23.679219 ;-17.784273 ;
14.800000 ;-23.647320 ;-17.752932 ;
14.900000 ;-23.609074 ;-17.722822 ;
15.000000 ;-23.596209 ;-17.695864 ;
15.100000 ;-23.584407 ;-17.670457 ;
15.200000 ;-23.552934 ;-17.645227 ;
15.300000 ;-23.533714 ;-17.622101 ;
15.400000 ;-23.523300 ;-17.600797 ;
15.500000 ;-23.500322 ;-17.579924 ;
15.600000 ;-23.480904 ;-17.560418 ;
15.700000 ;-23.471631 ;-17.542628 ;
15.800000 ;-23.458496 ;-17.525634 ;
15.900000 ;-23.435478 ;-17.509012 ;
16.000000 ;-23.422716 ;-17.493947 ;
16.100000 ;-23.421646 ;-17.480477 ;
16.200000 ;-23.410881 ;-17.467246 ;
16.300000 ;-23.382551 ;-17.453732 ;
16.400000 ;-23.372032 ;-17.442048 ;
16.500000 ;-23.382962 ;-17.432377 ;
16.600000 ;-23.378040 ;-17.422408 ;
16.700000 ;-23.347635 ;-17.411521 ;
16.800000 ;-23.340958 ;-17.402669 ;
16.900000 ;-23.354557 ;-17.395611 ;
17.000000 ;-23.339882 ;-17.387373 ;
17.100000 ;-23.323246 ;-17.379518 ;
17.200000 ;-23.324818 ;-17.373237 ;
17.300000 ;-23.320034 ;-17.367021 ;
17.400000 ;-23.307022 ;-17.360732 ;
17.500000 ;-23.304105 ;-17.355450 ;
17.600000 ;-23.303662 ;-17.350692 ;
17.700000 ;-23.291961 ;-17.345613 ;
17.800000 ;-23.285376 ;-17.341175 ;
17.900000 ;-23.288484 ;-17.337635 ;
18.000000 ;-23.286818 ;-17.334105 ;
18.100000 ;-23.269939 ;-17.329942 ;
18.200000 ;-23.264361 ;-17.326721 ;
18.300000 ;-23.276379 ;-17.324802 ;
18.400000 ;-23.281596 ;-17.322711 ;
18.500000 ;-23.257184 ;-17.319062 ;
18.600000 ;-23.248830 ;-17.316581 ;
18.700000 ;-23.269360 ;-17.316027 ;
18.800000 ;-23.275286 ;-17.314783 ;
18.900000 ;-23.253538 ;-17.312052 ;
19.000000 ;-23.253373 ;-17.310773 ;
19.100000 ;-23.266009 ;-17.310412 ;
19.200000 ;-23.255102 ;-17.308787 ;
19.300000 ;-23.250090 ;-17.307647 ;
19.400000 ;-23.255435 ;-17.307250 ;
19.500000 ;-23.250958 ;-17.306385 ;
19.600000 ;-23.245535 ;-17.305574 ;
19.700000 ;-23.248897 ;-17.305390 ;
19.800000 ;-23.251633 ;-17.305265 ;
19.900000 ;-23.241955 ;-17.304491 ;
20.000000 ;-23.238616 ;-17.304178 ;
20.100000 ;-23.248076 ;-17.304709 ;
20.200000 ;-23.254520 ;-17.305134 ;
20.300000 ;-23.236525 ;-17.304167 ;
20.400000 ;-23.228120 ;-17.303837 ;
20.500000 ;-23.246776 ;-17.305185 ;
20.600000 ;-23.264472 ;-17.306533 ;
20.700000 ;-23.242431 ;-17.305557 ;
20.800000 ;-23.233600 ;-17.305417 ;
20.900000 ;-23.254393 ;-17.307092 ;
21.000000 ;-23.257522 ;-17.307757 ;
21.100000 ;-23.244457 ;-17.307492 ;
21.200000 ;-23.248816 ;-17.308301 ;
21.300000 ;-23.253760 ;-17.309179 ;
21.400000 ;-23.246959 ;-17.309387 ;
21.500000 ;-23.248075 ;-17.310095 ;
21.600000 ;-23.253588 ;-17.311091 ;
21.700000 ;-23.248610 ;-17.311485 ;
21.800000 ;-23.245778 ;-17.312028 ;
21.900000 ;-23.252415 ;-17.313156 ;
22.000000 ;-23.258149 ;-17.314249 ;
22.100000 ;-23.246186 ;-17.314301 ;
22.200000 ;-23.240135 ;-17.314721 ;
22.300000 ;-23.254242 ;-17.316358 ;
22.400000 ;-23.270868 ;-17.318159 ;
22.500000 ;-23.253551 ;-17.317941 ;
22.600000 ;-23.238377 ;-17.317859 ;
22.700000 ;-23.258118 ;-17.319875 ;
22.800000 ;-23.281397 ;-17.322113 ;
22.900000 ;-23.262028 ;-17.321806 ;
23.000000 ;-23.257054 ;-17.322362 ;
23.100000 ;-23.272731 ;-17.324158 ;
23.200000 ;-23.268557 ;-17.324773 ;
23.300000 ;-23.263867 ;-17.325360 ;
23.400000 ;-23.270024 ;-17.326596 ;
23.500000 ;-23.269726 ;-17.327449 ;
23.600000 ;-23.266023 ;-17.328100 ;
23.700000 ;-23.270079 ;-17.329215 ;
23.800000 ;-23.275722 ;-17.330425 ;
23.900000 ;-23.268897 ;-17.330889 ;
24.000000 ;-23.265049 ;-17.331530 ;
24.100000 ;-23.274602 ;-17.332971 ;
24.200000 ;-23.286232 ;-17.334535 ;
24.300000 ;-23.272899 ;-17.334602 ;
24.400000 ;-23.258328 ;-17.334592 ;
24.500000 ;-23.273958 ;-17.336389 ;
24.600000 ;-23.302019 ;-17.338929 ;
24.700000 ;-23.288519 ;-17.338977 ;
24.800000 ;-23.270893 ;-17.338770 ;
24.900000 ;-23.288071 ;-17.340645 ;
25.000000 ;-23.303019 ;-17.342387 ;
25.100000 ;-23.288945 ;-17.342385 ;
25.200000 ;-23.290173 ;-17.343294 ;
25.300000 ;-23.297826 ;-17.344583 ;
25.400000 ;-23.292341 ;-17.345082 ;
25.500000 ;-23.292891 ;-17.345937 ;
25.600000 ;-23.298924 ;-17.347116 ;
25.700000 ;-23.296085 ;-17.347759 ;
25.800000 ;-23.293023 ;-17.348384 ;
25.900000 ;-23.299006 ;-17.349545 ;
26.000000 ;-23.306842 ;-17.350812 ;
26.100000 ;-23.297460 ;-17.351042 ;
26.200000 ;-23.287711 ;-17.351244 ;
26.300000 ;-23.299277 ;-17.352720 ;
26.400000 ;-23.321088 ;-17.354806 ;
26.500000 ;-23.312564 ;-17.355067 ;
26.600000 ;-23.288739 ;-17.354400 ;
26.700000 ;-23.301278 ;-17.355914 ;
26.800000 ;-23.334042 ;-17.358641 ;
26.900000 ;-23.321672 ;-17.358652 ;
27.000000 ;-23.309719 ;-17.358680 ;
27.100000 ;-23.323252 ;-17.360231 ;
27.200000 ;-23.324200 ;-17.361025 ;
27.300000 ;-23.318266 ;-17.361400 ;
27.400000 ;-23.323012 ;-17.362410 ;
27.500000 ;-23.324511 ;-17.363220 ;
27.600000 ;-23.320867 ;-17.363718 ;
27.700000 ;-23.323972 ;-17.364614 ;
27.800000 ;-23.330190 ;-17.365692 ;
27.900000 ;-23.325053 ;-17.366084 ;
28.000000 ;-23.319461 ;-17.366443 ;
28.100000 ;-23.327227 ;-17.367600 ;
28.200000 ;-23.341035 ;-17.369114 ;
28.300000 ;-23.333391 ;-17.369335 ;
28.400000 ;-23.312463 ;-17.368750 ;
28.500000 ;-23.321555 ;-17.369967 ;
28.600000 ;-23.354544 ;-17.372620 ;
28.700000 ;-23.353998 ;-17.373251 ;
28.800000 ;-23.328336 ;-17.372362 ;
28.900000 ;-23.337759 ;-17.373579 ;
29.000000 ;-23.361444 ;-17.375653 ;
29.100000 ;-23.348096 ;-17.375496 ;
29.200000 ;-23.345382 ;-17.375972 ;
29.300000 ;-23.353530 ;-17.377095 ;
29.400000 ;-23.349138 ;-17.377463 ;
29.500000 ;-23.348537 ;-17.378053 ;
29.600000 ;-23.354104 ;-17.379009 ;
29.700000 ;-23.352697 ;-17.379543 ;
29.800000 ;-23.348915 ;-17.379929 ;
29.900000 ;-23.353539 ;-17.380816 ;
30.000000 ;-23.362077 ;-17.381935 ;
30.100000 ;-23.355699 ;-17.382153 ;
30.200000 ;-23.342378 ;-17.381948 ;
30.300000 ;-23.349878 ;-17.382992 ;
30.400000 ;-23.373828 ;-17.385025 ;
30.500000 ;-23.375910 ;-17.385737 ;
30.600000 ;-23.346139 ;-17.384521 ;
30.700000 ;-23.348571 ;-17.385244 ;
30.800000 ;-23.384859 ;-17.388009 ;
30.900000 ;-23.384418 ;-17.388558 ;
31.000000 ;-23.366108 ;-17.388023 ;
31.100000 ;-23.375189 ;-17.389132 ;
31.200000 ;-23.380947 ;-17.390040 ;
31.300000 ;-23.373800 ;-17.390168 ;
31.400000 ;-23.376740 ;-17.390898 ;
31.500000 ;-23.379477 ;-17.391614 ;
31.600000 ;-23.375703 ;-17.391934 ;
31.700000 ;-23.377625 ;-17.392594 ;
31.800000 ;-23.383798 ;-17.393507 ;
31.900000 ;-23.380422 ;-17.393841 ;
32.000000 ;-23.373210 ;-17.393941 ;
32.100000 ;-23.378653 ;-17.394800 ;
32.200000 ;-23.393159 ;-17.396202 ;
32.300000 ;-23.391889 ;-17.396651 ;
32.400000 ;-23.366809 ;-17.395657 ;
32.500000 ;-23.367865 ;-17.396238 ;
32.600000 ;-23.401506 ;-17.398788 ;
32.700000 ;-23.415811 ;-17.400169 ;
32.800000 ;-23.385509 ;-17.398848 ;
32.900000 ;-23.385322 ;-17.399341 ;
33.000000 ;-23.412684 ;-17.401498 ;
33.100000 ;-23.404120 ;-17.401487 ;
33.200000 ;-23.397562 ;-17.401591 ;
33.300000 ;-23.404970 ;-17.402534 ;
33.400000 ;-23.402069 ;-17.402854 ;
33.500000 ;-23.400293 ;-17.403239 ;
33.600000 ;-23.405120 ;-17.404018 ;
33.700000 ;-23.405051 ;-17.404501 ;
33.800000 ;-23.400628 ;-17.404718 ;
33.900000 ;-23.403754 ;-17.405388 ;
34.000000 ;-23.412340 ;-17.406385 ;
34.100000 ;-23.409331 ;-17.406679 ;
34.200000 ;-23.393539 ;-17.406198 ;
34.300000 ;-23.396423 ;-17.406844 ;
34.400000 ;-23.420218 ;-17.408751 ;
34.500000 ;-23.432002 ;-17.409931 ;
34.600000 ;-23.415644 ;-17.409408 ;
34.700000 ;-23.415632 ;-17.409868 ;
34.800000 ;-23.424912 ;-17.410887 ;
34.900000 ;-23.419269 ;-17.411005 ;
35.000000 ;-23.419219 ;-17.411458 ;
35.100000 ;-23.423866 ;-17.412191 ;
35.200000 ;-23.420811 ;-17.412458 ;
35.300000 ;-23.419255 ;-17.412813 ;
35.400000 ;-23.424819 ;-17.413595 ;
35.500000 ;-23.429654 ;-17.414332 ;
35.600000 ;-23.418721 ;-17.414113 ;
35.700000 ;-23.411932 ;-17.414143 ;
35.800000 ;-23.424744 ;-17.415356 ;
35.900000 ;-23.444596 ;-17.416992 ;
36.000000 ;-23.438133 ;-17.417037 ;
36.100000 ;-23.428646 ;-17.416895 ;
36.200000 ;-23.436722 ;-17.417813 ;
36.300000 ;-23.439201 ;-17.418391 ;
36.400000 ;-23.434186 ;-17.418515 ;
36.500000 ;-23.437304 ;-17.419127 ;
36.600000 ;-23.440579 ;-17.419747 ;
36.700000 ;-23.435739 ;-17.419876 ;
36.800000 ;-23.436190 ;-17.420322 ;
36.900000 ;-23.443730 ;-17.421194 ;
37.000000 ;-23.444853 ;-17.421677 ;
37.100000 ;-23.431465 ;-17.421280 ;
37.200000 ;-23.430622 ;-17.421639 ;
37.300000 ;-23.448750 ;-17.423146 ;
37.400000 ;-23.462017 ;-17.424357 ;
37.500000 ;-23.437041 ;-17.423248 ;
37.600000 ;-23.424163 ;-17.422868 ;
37.700000 ;-23.452296 ;-17.424977 ;
37.800000 ;-23.476559 ;-17.426853 ;
37.900000 ;-23.451807 ;-17.425753 ;
38.000000 ;-23.448469 ;-17.425946 ;
38.100000 ;-23.465848 ;-17.427392 ;
38.200000 ;-23.458409 ;-17.427337 ;
38.300000 ;-23.455225 ;-17.427537 ;
38.400000 ;-23.461022 ;-17.428278 ;
38.500000 ;-23.458091 ;-17.428490 ;
38.600000 ;-23.456375 ;-17.428774 ;
38.700000 ;-23.461348 ;-17.429460 ;
38.800000 ;-23.463096 ;-17.429950 ;
38.900000 ;-23.455441 ;-17.429869 ;
39.000000 ;-23.455572 ;-17.430257 ;
39.100000 ;-23.466818 ;-17.431317 ;
39.200000 ;-23.473267 ;-17.432085 ;
39.300000 ;-23.452630 ;-17.431209 ;
39.400000 ;-23.442976 ;-17.430996 ;
39.500000 ;-23.466504 ;-17.432796 ;
39.600000 ;-23.494027 ;-17.434840 ;
39.700000 ;-23.481328 ;-17.434442 ;
39.800000 ;-23.476095 ;-17.434493 ;
39.900000 ;-23.473296 ;-17.434654 ;
40.000000 ;-23.474058 ;-17.435068 ;
40.100000 ;-23.496949 ;-17.439247 ;
40.200000 ;-23.555490 ;-17.451469 ;
40.300000 ;-23.651572 ;-17.473875 ;
40.400000 ;-23.776566 ;-17.506789 ;
40.500000 ;-23.918000 ;-17.549487 ;
40.600000 ;-24.078397 ;-17.602234 ;
40.700000 ;-24.246558 ;-17.663610 ;
40.800000 ;-24.414630 ;-17.732197 ;
40.900000 ;-24.585168 ;-17.807658 ;
41.000000 ;-24.769989 ;-17.890402 ;
41.100000 ;-24.950724 ;-17.978045 ;
41.200000 ;-25.109096 ;-18.068306 ;
41.300000 ;-25.250795 ;-18.160945 ;
41.400000 ;-25.405459 ;-18.257758 ;
41.500000 ;-25.578799 ;-18.358642 ;
41.600000 ;-25.730224 ;-18.459782 ;
41.700000 ;-25.869521 ;-18.561395 ;
41.800000 ;-26.017788 ;-18.664632 ;
41.900000 ;-26.155238 ;-18.767501 ;
42.000000 ;-26.284303 ;-18.869776 ;
42.100000 ;-26.416098 ;-18.971966 ;
42.200000 ;-26.540896 ;-19.072931 ;
42.300000 ;-26.653768 ;-19.171936 ;
42.400000 ;-26.762495 ;-19.269319 ;
42.500000 ;-26.885227 ;-19.366318 ;
42.600000 ;-27.001630 ;-19.460976 ;
42.700000 ;-27.088696 ;-19.551108 ;
42.800000 ;-27.156273 ;-19.637333 ;
42.900000 ;-27.245720 ;-19.722962 ;
43.000000 ;-27.349267 ;-19.807176 ;
43.100000 ;-27.427146 ;-19.886415 ;
43.200000 ;-27.498496 ;-19.962200 ;
43.300000 ;-27.578166 ;-20.035709 ;
43.400000 ;-27.645826 ;-20.105090 ;
43.500000 ;-27.707068 ;-20.170767 ;
43.600000 ;-27.772719 ;-20.233647 ;
43.700000 ;-27.830229 ;-20.292606 ;
43.800000 ;-27.876124 ;-20.347336 ;
43.900000 ;-27.921783 ;-20.398859 ;
44.000000 ;-27.982943 ;-20.448614 ;
44.100000 ;-28.031695 ;-20.494162 ;
44.200000 ;-28.052855 ;-20.534206 ;
44.300000 ;-28.064394 ;-20.570437 ;
44.400000 ;-28.106592 ;-20.606559 ;
44.500000 ;-28.147297 ;-20.639785 ;
44.600000 ;-28.164284 ;-20.668214 ;
44.700000 ;-28.186247 ;-20.694558 ;
44.800000 ;-28.213453 ;-20.718962 ;
44.900000 ;-28.229021 ;-20.740015 ;
45.000000 ;-28.242619 ;-20.758722 ;
45.100000 ;-28.262981 ;-20.776003 ;
45.200000 ;-28.275366 ;-20.790644 ;
45.300000 ;-28.277945 ;-20.802604 ;
45.400000 ;-28.285516 ;-20.813354 ;
45.500000 ;-28.309317 ;-20.824041 ;
45.600000 ;-28.318583 ;-20.831976 ;
45.700000 ;-28.303466 ;-20.836372 ;
45.800000 ;-28.287880 ;-20.839523 ;
45.900000 ;-28.316229 ;-20.845591 ;
46.000000 ;-28.341662 ;-20.850398 ;
46.100000 ;-28.315473 ;-20.849588 ;
46.200000 ;-28.274652 ;-20.846631 ;
46.300000 ;-28.298122 ;-20.848822 ;
46.400000 ;-28.310826 ;-20.849385 ;
46.500000 ;-28.288977 ;-20.846225 ;
46.600000 ;-28.287665 ;-20.844442 ;
46.700000 ;-28.292266 ;-20.842765 ;
46.800000 ;-28.283210 ;-20.839469 ;
46.900000 ;-28.279357 ;-20.836332 ;
47.000000 ;-28.278853 ;-20.833237 ;
47.100000 ;-28.270309 ;-20.829193 ;
47.200000 ;-28.260025 ;-20.824817 ;
47.300000 ;-28.262184 ;-20.821443 ;
47.400000 ;-28.261228 ;-20.817688 ;
47.500000 ;-28.246132 ;-20.812582 ;
47.600000 ;-28.227116 ;-20.807085 ;
47.700000 ;-28.234256 ;-20.803961 ;
47.800000 ;-28.252466 ;-20.801859 ;
47.900000 ;-28.234597 ;-20.796515 ;
48.000000 ;-28.188594 ;-20.788670 ;
48.100000 ;-28.179555 ;-20.784254 ;
48.200000 ;-28.210620 ;-20.783565 ;
48.300000 ;-28.198409 ;-20.779050 ;
48.400000 ;-28.155233 ;-20.771835 ;
48.500000 ;-28.162068 ;-20.769272 ;
48.600000 ;-28.165752 ;-20.766546 ;
48.700000 ;-28.149752 ;-20.762166 ;
48.800000 ;-28.147274 ;-20.759147 ;
48.900000 ;-28.144319 ;-20.756222 ;
49.000000 ;-28.133063 ;-20.752686 ;
49.100000 ;-28.127391 ;-20.749798 ;
49.200000 ;-28.126251 ;-20.747464 ;
49.300000 ;-28.117009 ;-20.744539 ;
49.400000 ;-28.102548 ;-20.741283 ;
49.500000 ;-28.101499 ;-20.739382 ;
49.600000 ;-28.111673 ;-20.738636 ;
49.700000 ;-28.102038 ;-20.736235 ;
49.800000 ;-28.071869 ;-20.732110 ;
49.900000 ;-28.054900 ;-20.729309 ;
50.000000 ;-28.067312 ;-20.729292 ;
50.100000 ;-28.062555 ;-20.727848 ;
50.200000 ;-28.045613 ;-20.725423 ;
50.300000 ;-28.046802 ;-20.724751 ;
50.400000 ;-28.043396 ;-20.723777 ;
50.500000 ;-28.032394 ;-20.722224 ;
50.600000 ;-28.029800 ;-20.721534 ;
50.700000 ;-28.029114 ;-20.721116 ;
50.800000 ;-28.019377 ;-20.719975 ;
50.900000 ;-28.006597 ;-20.718649 ;
51.000000 ;-28.010926 ;-20.718956 ;
51.100000 ;-28.019181 ;-20.719698 ;
51.200000 ;-28.005465 ;-20.718536 ;
51.300000 ;-27.976754 ;-20.716093 ;
51.400000 ;-27.973533 ;-20.716020 ;
51.500000 ;-28.004258 ;-20.719077 ;
51.600000 ;-27.997965 ;-20.718857 ;
51.700000 ;-27.950676 ;-20.714997 ;
51.800000 ;-27.940788 ;-20.714564 ;
51.900000 ;-27.964875 ;-20.717244 ;
52.000000 ;-27.953881 ;-20.716809 ;
52.100000 ;-27.934767 ;-20.715686 ;
52.200000 ;-27.943157 ;-20.717082 ;
52.300000 ;-27.939486 ;-20.717428 ;
52.400000 ;-27.930665 ;-20.717343 ;
52.500000 ;-27.932340 ;-20.718236 ;
52.600000 ;-27.928908 ;-20.718696 ;
52.700000 ;-27.919237 ;-20.718620 ;
52.800000 ;-27.917795 ;-20.719309 ;
52.900000 ;-27.922957 ;-20.720615 ;
53.000000 ;-27.916430 ;-20.720885 ;
53.100000 ;-27.899392 ;-20.720223 ;
53.200000 ;-27.894639 ;-20.720683 ;
53.300000 ;-27.918790 ;-20.723762 ;
53.400000 ;-27.920918 ;-20.724866 ;
53.500000 ;-27.885547 ;-20.722596 ;
53.600000 ;-27.855596 ;-20.720820 ;
53.700000 ;-27.886609 ;-20.724545 ;
53.800000 ;-27.898673 ;-20.726567 ;
53.900000 ;-27.863561 ;-20.724341 ;
54.000000 ;-27.853037 ;-20.724330 ;
54.100000 ;-27.868420 ;-20.726651 ;
54.200000 ;-27.861243 ;-20.726936 ;
54.300000 ;-27.855480 ;-20.727345 ;
54.400000 ;-27.859309 ;-20.728614 ;
54.500000 ;-27.854450 ;-20.729094 ;
54.600000 ;-27.848585 ;-20.729477 ;
54.700000 ;-27.851927 ;-20.730683 ;
54.800000 ;-27.850168 ;-20.731420 ;
54.900000 ;-27.840260 ;-20.731414 ;
55.000000 ;-27.835357 ;-20.731849 ;
55.100000 ;-27.849526 ;-20.733995 ;
55.200000 ;-27.852581 ;-20.735128 ;
55.300000 ;-27.831690 ;-20.734089 ;
55.400000 ;-27.808378 ;-20.732820 ;
55.500000 ;-27.820015 ;-20.734690 ;
55.600000 ;-27.826741 ;-20.736105 ;
55.700000 ;-27.813983 ;-20.735750 ;
55.800000 ;-27.813243 ;-20.736466 ;
55.900000 ;-27.816710 ;-20.737546 ;
56.000000 ;-27.810715 ;-20.737759 ;
56.100000 ;-27.807447 ;-20.738204 ;
56.200000 ;-27.811744 ;-20.739317 ;
56.300000 ;-27.808722 ;-20.739755 ;
56.400000 ;-27.798668 ;-20.739543 ;
56.500000 ;-27.798849 ;-20.740240 ;
56.600000 ;-27.813262 ;-20.742206 ;
56.700000 ;-27.810916 ;-20.742645 ;
56.800000 ;-27.787724 ;-20.741188 ;
56.900000 ;-27.773510 ;-20.740525 ;
57.000000 ;-27.803858 ;-20.743867 ;
57.100000 ;-27.816442 ;-20.745592 ;
57.200000 ;-27.780912 ;-20.742965 ;
57.300000 ;-27.751667 ;-20.740888 ;
57.400000 ;-27.780662 ;-20.744046 ;
57.500000 ;-27.784329 ;-20.744906 ;
57.600000 ;-27.762705 ;-20.743471 ;
57.700000 ;-27.770286 ;-20.744654 ;
57.800000 ;-27.773921 ;-20.745466 ;
57.900000 ;-27.766564 ;-20.745271 ;
58.000000 ;-27.768914 ;-20.745937 ;
58.100000 ;-27.770647 ;-20.746533 ;
58.200000 ;-27.764596 ;-20.746412 ;
58.300000 ;-27.761187 ;-20.746515 ;
58.400000 ;-27.769357 ;-20.747650 ;
58.500000 ;-27.769789 ;-20.748072 ;
58.600000 ;-27.757017 ;-20.747289 ;
58.700000 ;-27.747062 ;-20.746746 ;
58.800000 ;-27.768222 ;-20.748998 ;
58.900000 ;-27.783316 ;-20.750690 ;
59.000000 ;-27.759849 ;-20.748890 ;
59.100000 ;-27.723139 ;-20.745882 ;
59.200000 ;-27.741547 ;-20.747832 ;
59.300000 ;-27.768393 ;-20.750532 ;
59.400000 ;-27.746184 ;-20.748798 ;
59.500000 ;-27.720075 ;-20.746700 ;
59.600000 ;-27.740242 ;-20.748761 ;
59.700000 ;-27.741410 ;-20.749096 ;
59.800000 ;-27.732271 ;-20.748490 ;
59.900000 ;-27.738809 ;-20.749287 ;
60.000000 ;-27.738545 ;-20.749458 ;
60.100000 ;-27.732697 ;-20.749115 ;
60.200000 ;-27.736269 ;-20.749611 ;
60.300000 ;-27.738872 ;-20.750008 ;
60.400000 ;-27.732467 ;-20.749583 ;
60.500000 ;-27.725344 ;-20.749082 ;
60.600000 ;-27.737137 ;-20.750278 ;
60.700000 ;-27.747940 ;-20.751376 ;
60.800000 ;-27.735058 ;-20.750326 ;
60.900000 ;-27.709920 ;-20.748161 ;
61.000000 ;-27.713591 ;-20.748586 ;
61.100000 ;-27.727311 ;-20.749908 ;
61.200000 ;-27.719973 ;-20.749322 ;
61.300000 ;-27.714325 ;-20.748880 ;
61.400000 ;-27.721095 ;-20.749549 ;
61.500000 ;-27.718941 ;-20.749404 ;
61.600000 ;-27.713946 ;-20.748995 ;
61.700000 ;-27.719320 ;-20.749514 ;
61.800000 ;-27.720489 ;-20.749645 ;
61.900000 ;-27.712741 ;-20.748964 ;
62.000000 ;-27.708466 ;-20.748588 ;
62.100000 ;-27.723281 ;-20.749928 ;
62.200000 ;-27.728876 ;-20.750428 ;
62.300000 ;-27.711421 ;-20.748842 ;
62.400000 ;-27.690913 ;-20.746973 ;
62.500000 ;-27.711867 ;-20.748838 ;
62.600000 ;-27.737135 ;-20.751086 ;
62.700000 ;-27.714746 ;-20.749030 ;
62.800000 ;-27.674774 ;-20.745383 ;
62.900000 ;-27.695715 ;-20.747220 ;
63.000000 ;-27.711205 ;-20.748560 ;
63.100000 ;-27.692857 ;-20.746843 ;
63.200000 ;-27.692684 ;-20.746760 ;
63.300000 ;-27.701226 ;-20.747456 ;
63.400000 ;-27.696348 ;-20.746935 ;
63.500000 ;-27.696036 ;-20.746821 ;
63.600000 ;-27.700500 ;-20.747133 ;
63.700000 ;-27.697276 ;-20.746745 ;
63.800000 ;-27.691922 ;-20.746161 ;
63.900000 ;-27.699130 ;-20.746705 ;
64.000000 ;-27.704167 ;-20.747048 ;
64.100000 ;-27.695367 ;-20.746138 ;
64.200000 ;-27.682534 ;-20.744860 ;
64.300000 ;-27.695299 ;-20.745887 ;
64.400000 ;-27.718578 ;-20.747858 ;
64.500000 ;-27.706951 ;-20.746678 ;
64.600000 ;-27.669113 ;-20.743128 ;
64.700000 ;-27.669050 ;-20.742980 ;
64.800000 ;-27.704297 ;-20.746013 ;
64.900000 ;-27.696636 ;-20.745176 ;
65.000000 ;-27.662057 ;-20.741909 ;
65.100000 ;-27.676805 ;-20.743083 ;
65.200000 ;-27.685613 ;-20.743717 ;
65.300000 ;-27.675871 ;-20.742676 ;
65.400000 ;-27.680419 ;-20.742919 ;
65.500000 ;-27.683596 ;-20.743036 ;
65.600000 ;-27.678571 ;-20.742409 ;
65.700000 ;-27.679675 ;-20.742332 ;
65.800000 ;-27.684742 ;-20.742610 ;
65.900000 ;-27.681413 ;-20.742127 ;
66.000000 ;-27.673248 ;-20.741205 ;
66.100000 ;-27.679382 ;-20.741570 ;
66.200000 ;-27.694798 ;-20.742771 ;
66.300000 ;-27.689702 ;-20.742118 ;
66.400000 ;-27.665541 ;-20.739743 ;
66.500000 ;-27.657947 ;-20.738859 ;
66.600000 ;-27.675413 ;-20.740234 ;
66.700000 ;-27.674470 ;-20.739947 ;
66.800000 ;-27.663946 ;-20.738793 ;
66.900000 ;-27.671332 ;-20.739252 ;
67.000000 ;-27.672637 ;-20.739161 ;
67.100000 ;-27.666949 ;-20.738437 ;
67.200000 ;-27.670505 ;-20.738545 ;
67.300000 ;-27.674612 ;-20.738700 ;
67.400000 ;-27.669396 ;-20.738013 ;
67.500000 ;-27.662226 ;-20.737147 ;
67.600000 ;-27.673096 ;-20.737907 ;
67.700000 ;-27.684708 ;-20.738733 ;
67.800000 ;-27.673872 ;-20.737532 ;
67.900000 ;-27.650682 ;-20.735215 ;
68.000000 ;-27.657521 ;-20.735605 ;
68.100000 ;-27.690450 ;-20.738346 ;
68.200000 ;-27.682967 ;-20.737444 ;
68.300000 ;-27.640697 ;-20.733404 ;
68.400000 ;-27.644070 ;-20.733476 ;
68.500000 ;-27.668942 ;-20.735485 ;
68.600000 ;-27.658306 ;-20.734292 ;
68.700000 ;-27.647661 ;-20.733098 ;
68.800000 ;-27.659408 ;-20.733920 ;
68.900000 ;-27.658195 ;-20.733572 ;
69.000000 ;-27.654360 ;-20.732987 ;
69.100000 ;-27.660005 ;-20.733255 ;
69.200000 ;-27.659563 ;-20.732973 ;
69.300000 ;-27.653556 ;-20.732189 ;
69.400000 ;-27.657264 ;-20.732280 ;
69.500000 ;-27.665429 ;-20.732772 ;
69.600000 ;-27.660989 ;-20.732126 ;
69.700000 ;-27.647357 ;-20.730650 ;
69.800000 ;-27.649706 ;-20.730615 ;
69.900000 ;-27.676690 ;-20.732801 ;
70.000000 ;-27.677371 ;-20.732616 ;
70.100000 ;-27.643391 ;-20.729304 ;
70.200000 ;-27.623893 ;-20.727297 ;
70.300000 ;-27.660084 ;-20.730308 ;
70.400000 ;-27.668211 ;-20.730792 ;
70.500000 ;-27.634349 ;-20.727492 ;
70.600000 ;-27.634750 ;-20.727279 ;
70.700000 ;-27.650385 ;-20.728436 ;
70.800000 ;-27.643830 ;-20.727593 ;
70.900000 ;-27.643210 ;-20.727284 ;
71.000000 ;-27.649086 ;-20.727561 ;
71.100000 ;-27.645985 ;-20.727027 ;
71.200000 ;-27.643811 ;-20.726576 ;
71.300000 ;-27.649893 ;-20.726870 ;
71.400000 ;-27.649687 ;-20.726597 ;
71.500000 ;-27.641846 ;-20.725634 ;
71.600000 ;-27.641442 ;-20.725342 ;
71.700000 ;-27.658338 ;-20.726610 ;
71.800000 ;-27.661058 ;-20.726600 ;
71.900000 ;-27.640694 ;-20.724508 ;
72.000000 ;-27.622635 ;-20.722623 ;
72.100000 ;-27.638902 ;-20.723833 ;
72.200000 ;-27.645058 ;-20.724132 ;
72.300000 ;-27.633699 ;-20.722852 ;
72.400000 ;-27.637330 ;-20.722923 ;
72.500000 ;-27.641874 ;-20.723076 ;
72.600000 ;-27.637186 ;-20.722397 ;
72.700000 ;-27.637259 ;-20.722147 ;
72.800000 ;-27.643240 ;-20.722430 ;
72.900000 ;-27.641049 ;-20.721975 ;
73.000000 ;-27.632845 ;-20.720979 ;
73.100000 ;-27.637319 ;-20.721126 ;
73.200000 ;-27.652763 ;-20.722262 ;
73.300000 ;-27.649437 ;-20.721706 ;
73.400000 ;-27.627135 ;-20.719439 ;
73.500000 ;-27.619346 ;-20.718480 ;
73.600000 ;-27.652999 ;-20.721257 ;
73.700000 ;-27.661230 ;-20.721745 ;
73.800000 ;-27.624254 ;-20.718159 ;
73.900000 ;-27.605410 ;-20.716206 ;
74.000000 ;-27.635491 ;-20.718661 ;
74.100000 ;-27.635921 ;-20.718445 ;
74.200000 ;-27.616926 ;-20.716479 ;
74.300000 ;-27.628149 ;-20.717236 ;
74.400000 ;-27.631522 ;-20.717285 ;
74.500000 ;-27.625543 ;-20.716491 ;
74.600000 ;-27.630279 ;-20.716663 ;
74.700000 ;-27.632593 ;-20.716617 ;
74.800000 ;-27.627365 ;-20.715891 ;
74.900000 ;-27.626621 ;-20.715570 ;
75.000000 ;-27.636151 ;-20.716176 ;
75.100000 ;-27.636394 ;-20.715944 ;
75.200000 ;-27.624094 ;-20.714582 ;
75.300000 ;-27.617472 ;-20.713731 ;
75.400000 ;-27.641983 ;-20.715689 ;
75.500000 ;-27.654508 ;-20.716566 ;
75.600000 ;-27.628908 ;-20.714008 ;
75.700000 ;-27.596395 ;-20.710826 ;
75.800000 ;-27.621812 ;-20.712864 ;
75.900000 ;-27.644925 ;-20.714697 ;
76.000000 ;-27.619716 ;-20.712178 ;
76.100000 ;-27.601327 ;-20.710274 ;
76.200000 ;-27.621694 ;-20.711859 ;
76.300000 ;-27.621357 ;-20.711580 ;
76.400000 ;-27.614779 ;-20.710738 ;
76.500000 ;-27.622235 ;-20.711161 ;
76.600000 ;-27.621988 ;-20.710890 ;
76.700000 ;-27.617369 ;-20.710225 ;
76.800000 ;-27.622602 ;-20.710449 ;
76.900000 ;-27.625398 ;-20.710453 ;
77.000000 ;-27.619230 ;-20.709650 ;
77.100000 ;-27.613876 ;-20.708920 ;
77.200000 ;-27.628026 ;-20.709950 ;
77.300000 ;-27.637899 ;-20.710594 ;
77.400000 ;-27.623829 ;-20.709081 ;
77.500000 ;-27.600354 ;-20.706720 ;
77.600000 ;-27.608245 ;-20.707186 ;
77.700000 ;-27.621078 ;-20.708099 ;
77.800000 ;-27.613007 ;-20.707128 ;
77.900000 ;-27.610112 ;-20.706625 ;
78.000000 ;-27.617190 ;-20.707020 ;
78.100000 ;-27.614957 ;-20.706577 ;
78.200000 ;-27.611432 ;-20.706018 ;
78.300000 ;-27.617787 ;-20.706349 ;
78.400000 ;-27.618872 ;-20.706206 ;
78.500000 ;-27.611406 ;-20.705293 ;
78.600000 ;-27.609230 ;-20.704857 ;
78.700000 ;-27.625207 ;-20.706058 ;
78.800000 ;-27.629588 ;-20.706215 ;
78.900000 ;-27.611431 ;-20.704340 ;
79.000000 ;-27.593428 ;-20.702480 ;
79.100000 ;-27.618381 ;-20.704491 ;
79.200000 ;-27.640911 ;-20.706285 ;
79.300000 ;-27.615613 ;-20.703772 ;
79.400000 ;-27.579224 ;-20.700260 ;
79.500000 ;-27.604246 ;-20.702278 ;
79.600000 ;-27.617137 ;-20.703205 ;
79.700000 ;-27.598259 ;-20.701272 ;
79.800000 ;-27.600318 ;-20.701224 ;
79.900000 ;-27.605779 ;-20.701483 ;
80.000000 ;-27.605487 ;-20.701223 ;
