0.000000 ;-27.500000 ;-20.600000 ;
0.100000 ;-27.514376 ;-20.632232 ;
0.200000 ;-27.502847 ;-20.651854 ;
0.300000 ;-27.468758 ;-20.661607 ;
0.400000 ;-27.440777 ;-20.666009 ;
0.500000 ;-27.420373 ;-20.666714 ;
0.600000 ;-27.398050 ;-20.664028 ;
0.700000 ;-27.383679 ;-20.659785 ;
0.800000 ;-27.373034 ;-20.654295 ;
0.900000 ;-27.359437 ;-20.647437 ;
1.000000 ;-27.346708 ;-20.639982 ;
1.100000 ;-27.348878 ;-20.633552 ;
1.200000 ;-27.355271 ;-20.627378 ;
1.300000 ;-27.344707 ;-20.619680 ;
1.400000 ;-27.319673 ;-20.610798 ;
1.500000 ;-27.306868 ;-20.603239 ;
1.600000 ;-27.321760 ;-20.598463 ;
1.700000 ;-27.322747 ;-20.592762 ;
1.800000 ;-27.311568 ;-20.586309 ;
1.900000 ;-27.316434 ;-20.581623 ;
2.000000 ;-27.318414 ;-20.577020 ;
2.100000 ;-27.313646 ;-20.572148 ;
2.200000 ;-27.315858 ;-20.568220 ;
2.300000 ;-27.320684 ;-20.564834 ;
2.400000 ;-27.317443 ;-20.561025 ;
2.500000 ;-27.310285 ;-20.557146 ;
2.600000 ;-27.317884 ;-20.554841 ;
2.700000 ;-27.334522 ;-20.553583 ;
2.800000 ;-27.330286 ;-20.550703 ;
2.900000 ;-27.306230 ;-20.546279 ;
3.000000 ;-27.297223 ;-20.543388 ;
3.100000 ;-27.316346 ;-20.543175 ;
3.200000 ;-27.317814 ;-20.541568 ;
3.300000 ;-27.308351 ;-20.539150 ;
3.400000 ;-27.316178 ;-20.538409 ;
3.500000 ;-27.318730 ;-20.537334 ;
3.600000 ;-27.314634 ;-20.535792 ;
3.700000 ;-27.318831 ;-20.535099 ;
3.800000 ;-27.323699 ;-20.534569 ;
3.900000 ;-27.320040 ;-20.533378 ;
4.000000 ;-27.314181 ;-20.532079 ;
4.100000 ;-27.325058 ;-20.532344 ;
4.200000 ;-27.338568 ;-20.532915 ;
4.300000 ;-27.330552 ;-20.531645 ;
4.400000 ;-27.308034 ;-20.529151 ;
4.500000 ;-27.308293 ;-20.528730 ;
4.600000 ;-27.324836 ;-20.529803 ;
4.700000 ;-27.321846 ;-20.529191 ;
4.800000 ;-27.314511 ;-20.528237 ;
4.900000 ;-27.323186 ;-20.528739 ;
5.000000 ;-27.324306 ;-20.528606 ;
5.100000 ;-27.319734 ;-20.528000 ;
5.200000 ;-27.325233 ;-20.528315 ;
5.300000 ;-27.329718 ;-20.528565 ;
5.400000 ;-27.324836 ;-20.528009 ;
5.500000 ;-27.319219 ;-20.527408 ;
5.600000 ;-27.332172 ;-20.528472 ;
5.700000 ;-27.343495 ;-20.529409 ;
5.800000 ;-27.332396 ;-20.528374 ;
5.900000 ;-27.310881 ;-20.526430 ;
6.000000 ;-27.321454 ;-20.527341 ;
6.100000 ;-27.353134 ;-20.530133 ;
6.200000 ;-27.344126 ;-20.529332 ;
6.300000 ;-27.304399 ;-20.525821 ;
6.400000 ;-27.312047 ;-20.526510 ;
6.500000 ;-27.335607 ;-20.528616 ;
6.600000 ;-27.324977 ;-20.527700 ;
6.700000 ;-27.316721 ;-20.527001 ;
6.800000 ;-27.328859 ;-20.528112 ;
6.900000 ;-27.328236 ;-20.528096 ;
7.000000 ;-27.325258 ;-20.527875 ;
7.100000 ;-27.331755 ;-20.528497 ;
7.200000 ;-27.332281 ;-20.528592 ;
7.300000 ;-27.327074 ;-20.528182 ;
7.400000 ;-27.331144 ;-20.528596 ;
7.500000 ;-27.340401 ;-20.529472 ;
7.600000 ;-27.337407 ;-20.529263 ;
7.700000 ;-27.324656 ;-20.528191 ;
7.800000 ;-27.326053 ;-20.528374 ;
7.900000 ;-27.353314 ;-20.530849 ;
8.000000 ;-27.356895 ;-20.531228 ;
8.100000 ;-27.325738 ;-20.528530 ;
8.200000 ;-27.304521 ;-20.526712 ;
8.300000 ;-27.339200 ;-20.529845 ;
8.400000 ;-27.350863 ;-20.530942 ;
8.500000 ;-27.320269 ;-20.528297 ;
8.600000 ;-27.317571 ;-20.528123 ;
8.700000 ;-27.334748 ;-20.529707 ;
8.800000 ;-27.330372 ;-20.529382 ;
8.900000 ;-27.328664 ;-20.529293 ;
9.000000 ;-27.335814 ;-20.529989 ;
9.100000 ;-27.334314 ;-20.529918 ;
9.200000 ;-27.331626 ;-20.529741 ;
9.300000 ;-27.338337 ;-20.530398 ;
9.400000 ;-27.340179 ;-20.530622 ;
9.500000 ;-27.333588 ;-20.530099 ;
9.600000 ;-27.330874 ;-20.529919 ;
9.700000 ;-27.334002 ;-20.530257 ;
9.800000 ;-27.334542 ;-20.529786 ;
9.900000 ;-27.345184 ;-20.536615 ;
10.000000 ;-27.377399 ;-20.569659 ;
10.100000 ;-27.393821 ;-20.614702 ;
10.200000 ;-27.380403 ;-20.658451 ;
10.300000 ;-27.341096 ;-20.692929 ;
10.400000 ;-27.267767 ;-20.712044 ;
10.500000 ;-27.171742 ;-20.714720 ;
10.600000 ;-27.057290 ;-20.700858 ;
10.700000 ;-26.933062 ;-20.670988 ;
10.800000 ;-26.814714 ;-20.626857 ;
10.900000 ;-26.682749 ;-20.569397 ;
11.000000 ;-26.526788 ;-20.499901 ;
11.100000 ;-26.355149 ;-20.420394 ;
11.200000 ;-26.194850 ;-20.333639 ;
11.300000 ;-26.071618 ;-20.242267 ;
11.400000 ;-25.941041 ;-20.145208 ;
11.500000 ;-25.799240 ;-20.043489 ;
11.600000 ;-25.673421 ;-19.940362 ;
11.700000 ;-25.549066 ;-19.835645 ;
11.800000 ;-25.425839 ;-19.730170 ;
11.900000 ;-25.312662 ;-19.625364 ;
12.000000 ;-25.203511 ;-19.521401 ;
12.100000 ;-25.094075 ;-19.418498 ;
12.200000 ;-24.988856 ;-19.317444 ;
12.300000 ;-24.902958 ;-19.219701 ;
12.400000 ;-24.827126 ;-19.124886 ;
12.500000 ;-24.735218 ;-19.031386 ;
12.600000 ;-24.627307 ;-18.939394 ;
12.700000 ;-24.530651 ;-18.850975 ;
12.800000 ;-24.474301 ;-18.768262 ;
12.900000 ;-24.410957 ;-18.687985 ;
13.000000 ;-24.336453 ;-18.609900 ;
13.100000 ;-24.278253 ;-18.535899 ;
13.200000 ;-24.220297 ;-18.464867 ;
13.300000 ;-24.161055 ;-18.396670 ;
13.400000 ;-24.110389 ;-18.331918 ;
13.500000 ;-24.061941 ;-18.270130 ;
13.600000 ;-24.010384 ;-18.210890 ;
13.700000 ;-23.960610 ;-18.154444 ;
13.800000 ;-23.927650 ;-18.101672 ;
13.900000 ;-23.899615 ;-18.051721 ;
14.000000 ;-23.853886 ;-18.003076 ;
14.100000 ;-23.794123 ;-17.955880 ;
14.200000 ;-23.750829 ;-17.911977 ;
14.300000 ;-23.735210 ;-17.871974 ;
14.400000 ;-23.705322 ;-17.833139 ;
14.500000 ;-23.668533 ;-17.795852 ;
14.600000 ;-23.646794 ;-17.761397 ;
14.700000 ;-23.621220 ;-17.728512 ;
14.800000 ;-23.593206 ;-17.697202 ;
14.900000 ;-23.573436 ;-17.668046 ;
15.000000 ;-23.553258 ;-17.640433 ;
15.100000 ;-23.527709 ;-17.613986 ;
15.200000 ;-23.503651 ;-17.589051 ;
15.300000 ;-23.496526 ;-17.566491 ;
15.400000 ;-23.488502 ;-17.545159 ;
15.500000 ;-23.460926 ;-17.523871 ;
15.600000 ;-23.422982 ;-17.503119 ;
15.700000 ;-23.409481 ;-17.484935 ;
15.800000 ;-23.408958 ;-17.468568 ;
15.900000 ;-23.391228 ;-17.452158 ;
16.000000 ;-23.374236 ;-17.436727 ;
16.100000 ;-23.368136 ;-17.422834 ;
16.200000 ;-23.355723 ;-17.409402 ;
16.300000 ;-23.342205 ;-17.396700 ;
16.400000 ;-23.336855 ;-17.385233 ;
16.500000 ;-23.328318 ;-17.374288 ;
16.600000 ;-23.313614 ;-17.363651 ;
16.700000 ;-23.302865 ;-17.353884 ;
16.800000 ;-23.308572 ;-17.345686 ;
16.900000 ;-23.306346 ;-17.337590 ;
17.000000 ;-23.284442 ;-17.328873 ;
17.100000 ;-23.259468 ;-17.320484 ;
17.200000 ;-23.263813 ;-17.314296 ;
17.300000 ;-23.266424 ;-17.308456 ;
17.400000 ;-23.252581 ;-17.302077 ;
17.500000 ;-23.248047 ;-17.296647 ;
17.600000 ;-23.248087 ;-17.291864 ;
17.700000 ;-23.240569 ;-17.286996 ;
17.800000 ;-23.235271 ;-17.282596 ;
17.900000 ;-23.236624 ;-17.278902 ;
18.000000 ;-23.232222 ;-17.275172 ;
18.100000 ;-23.222147 ;-17.271393 ;
18.200000 ;-23.220707 ;-17.268384 ;
18.300000 ;-23.231657 ;-17.266347 ;
18.400000 ;-23.228687 ;-17.263735 ;
18.500000 ;-23.208119 ;-17.260321 ;
18.600000 ;-23.195124 ;-17.257557 ;
18.700000 ;-23.220451 ;-17.257215 ;
18.800000 ;-23.230952 ;-17.256194 ;
18.900000 ;-23.200193 ;-17.252957 ;
19.000000 ;-23.175206 ;-17.250222 ;
19.100000 ;-23.200007 ;-17.250526 ;
19.200000 ;-23.202854 ;-17.249696 ;
19.300000 ;-23.185076 ;-17.247805 ;
19.400000 ;-23.192362 ;-17.247499 ;
19.500000 ;-23.195407 ;-17.247064 ;
19.600000 ;-23.189919 ;-17.246245 ;
19.700000 ;-23.192979 ;-17.246028 ;
19.800000 ;-23.194764 ;-17.245834 ;
19.900000 ;-23.190319 ;-17.245369 ;
20.000000 ;-23.189227 ;-17.245185 ;
20.100000 ;-23.197139 ;-17.245604 ;
20.200000 ;-23.197644 ;-17.245668 ;
20.300000 ;-23.187536 ;-17.245185 ;
20.400000 ;-23.181756 ;-17.245020 ;
20.500000 ;-23.202740 ;-17.246465 ;
20.600000 ;-23.214502 ;-17.247432 ;
20.700000 ;-23.193292 ;-17.246544 ;
20.800000 ;-23.165197 ;-17.245309 ;
20.900000 ;-23.187013 ;-17.247008 ;
21.000000 ;-23.208088 ;-17.248702 ;
21.100000 ;-23.187179 ;-17.248007 ;
21.200000 ;-23.172191 ;-17.247695 ;
21.300000 ;-23.190335 ;-17.249335 ;
21.400000 ;-23.190661 ;-17.249971 ;
21.500000 ;-23.186653 ;-17.250384 ;
21.600000 ;-23.193735 ;-17.251469 ;
21.700000 ;-23.194134 ;-17.252189 ;
21.800000 ;-23.191658 ;-17.252765 ;
21.900000 ;-23.197420 ;-17.253840 ;
22.000000 ;-23.200299 ;-17.254765 ;
22.100000 ;-23.195887 ;-17.255284 ;
22.200000 ;-23.193513 ;-17.255936 ;
22.300000 ;-23.207800 ;-17.257570 ;
22.400000 ;-23.215803 ;-17.258850 ;
22.500000 ;-23.203355 ;-17.258956 ;
22.600000 ;-23.185644 ;-17.258767 ;
22.700000 ;-23.196442 ;-17.260242 ;
22.800000 ;-23.206973 ;-17.261707 ;
22.900000 ;-23.200286 ;-17.262179 ;
23.000000 ;-23.201552 ;-17.263120 ;
23.100000 ;-23.208176 ;-17.264377 ;
23.200000 ;-23.206791 ;-17.265173 ;
23.300000 ;-23.206701 ;-17.266047 ;
23.400000 ;-23.213567 ;-17.267329 ;
23.500000 ;-23.214618 ;-17.268275 ;
23.600000 ;-23.209430 ;-17.268859 ;
23.700000 ;-23.212125 ;-17.269902 ;
23.800000 ;-23.227435 ;-17.271678 ;
23.900000 ;-23.229073 ;-17.272659 ;
24.000000 ;-23.212899 ;-17.272606 ;
24.100000 ;-23.203746 ;-17.272960 ;
24.200000 ;-23.232181 ;-17.275492 ;
24.300000 ;-23.245845 ;-17.277164 ;
24.400000 ;-23.218879 ;-17.276479 ;
24.500000 ;-23.197941 ;-17.276146 ;
24.600000 ;-23.225452 ;-17.278619 ;
24.700000 ;-23.230796 ;-17.279798 ;
24.800000 ;-23.215713 ;-17.279787 ;
24.900000 ;-23.225682 ;-17.281233 ;
25.000000 ;-23.231199 ;-17.282414 ;
25.100000 ;-23.227922 ;-17.283079 ;
25.200000 ;-23.233252 ;-17.284242 ;
25.300000 ;-23.237243 ;-17.285323 ;
25.400000 ;-23.234766 ;-17.286022 ;
25.500000 ;-23.235573 ;-17.286908 ;
25.600000 ;-23.245366 ;-17.288313 ;
25.700000 ;-23.247552 ;-17.289270 ;
25.800000 ;-23.239019 ;-17.289597 ;
25.900000 ;-23.235088 ;-17.290189 ;
26.000000 ;-23.257679 ;-17.292317 ;
26.100000 ;-23.270027 ;-17.293844 ;
26.200000 ;-23.249729 ;-17.293469 ;
26.300000 ;-23.224094 ;-17.292780 ;
26.400000 ;-23.248368 ;-17.294988 ;
26.500000 ;-23.268995 ;-17.296974 ;
26.600000 ;-23.248241 ;-17.296550 ;
26.700000 ;-23.236335 ;-17.296639 ;
26.800000 ;-23.255084 ;-17.298507 ;
26.900000 ;-23.255601 ;-17.299305 ;
27.000000 ;-23.252820 ;-17.299906 ;
27.100000 ;-23.260734 ;-17.301127 ;
27.200000 ;-23.261675 ;-17.301935 ;
27.300000 ;-23.260005 ;-17.302585 ;
27.400000 ;-23.266642 ;-17.303716 ;
27.500000 ;-23.269992 ;-17.304649 ;
27.600000 ;-23.265983 ;-17.305148 ;
27.700000 ;-23.264553 ;-17.305792 ;
27.800000 ;-23.279725 ;-17.307399 ;
27.900000 ;-23.287487 ;-17.308569 ;
28.000000 ;-23.274812 ;-17.308543 ;
28.100000 ;-23.258261 ;-17.308286 ;
28.200000 ;-23.270711 ;-17.309716 ;
28.300000 ;-23.280709 ;-17.310997 ;
28.400000 ;-23.273839 ;-17.311288 ;
28.500000 ;-23.276325 ;-17.312122 ;
28.600000 ;-23.283005 ;-17.313196 ;
28.700000 ;-23.281550 ;-17.313789 ;
28.800000 ;-23.282153 ;-17.314499 ;
28.900000 ;-23.289296 ;-17.315586 ;
29.000000 ;-23.290163 ;-17.316302 ;
29.100000 ;-23.285028 ;-17.316662 ;
29.200000 ;-23.288861 ;-17.317542 ;
29.300000 ;-23.304198 ;-17.319090 ;
29.400000 ;-23.304807 ;-17.319773 ;
29.500000 ;-23.288212 ;-17.319446 ;
29.600000 ;-23.281191 ;-17.319676 ;
29.700000 ;-23.310759 ;-17.322034 ;
29.800000 ;-23.321584 ;-17.323294 ;
29.900000 ;-23.293021 ;-17.322255 ;
30.000000 ;-23.276691 ;-17.321929 ;
30.100000 ;-23.304102 ;-17.324149 ;
30.200000 ;-23.306895 ;-17.324924 ;
30.300000 ;-23.292417 ;-17.324687 ;
30.400000 ;-23.303581 ;-17.325947 ;
30.500000 ;-23.308165 ;-17.326818 ;
30.600000 ;-23.304847 ;-17.327223 ;
30.700000 ;-23.310703 ;-17.328161 ;
30.800000 ;-23.314234 ;-17.328959 ;
30.900000 ;-23.311404 ;-17.329381 ;
31.000000 ;-23.312969 ;-17.330056 ;
31.100000 ;-23.322738 ;-17.331209 ;
31.200000 ;-23.323976 ;-17.331858 ;
31.300000 ;-23.314880 ;-17.331899 ;
31.400000 ;-23.312389 ;-17.332323 ;
31.500000 ;-23.335999 ;-17.334269 ;
31.600000 ;-23.345717 ;-17.335400 ;
31.700000 ;-23.323232 ;-17.334645 ;
31.800000 ;-23.300135 ;-17.333854 ;
31.900000 ;-23.327660 ;-17.336017 ;
32.000000 ;-23.344460 ;-17.337546 ;
32.100000 ;-23.321160 ;-17.336730 ;
32.200000 ;-23.314155 ;-17.336867 ;
32.300000 ;-23.331670 ;-17.338435 ;
32.400000 ;-23.330327 ;-17.338893 ;
32.500000 ;-23.328843 ;-17.339341 ;
32.600000 ;-23.336336 ;-17.340312 ;
32.700000 ;-23.336416 ;-17.340846 ;
32.800000 ;-23.335133 ;-17.341296 ;
32.900000 ;-23.341918 ;-17.342217 ;
33.000000 ;-23.344438 ;-17.342885 ;
33.100000 ;-23.339813 ;-17.343131 ;
33.200000 ;-23.339442 ;-17.343624 ;
33.300000 ;-23.355149 ;-17.345056 ;
33.400000 ;-23.360945 ;-17.345905 ;
33.500000 ;-23.346496 ;-17.345564 ;
33.600000 ;-23.331365 ;-17.345181 ;
33.700000 ;-23.345772 ;-17.346528 ;
33.800000 ;-23.353729 ;-17.347493 ;
33.900000 ;-23.345919 ;-17.347529 ;
34.000000 ;-23.349968 ;-17.348260 ;
34.100000 ;-23.355754 ;-17.349091 ;
34.200000 ;-23.353509 ;-17.349447 ;
34.300000 ;-23.354979 ;-17.350020 ;
34.400000 ;-23.361745 ;-17.350901 ;
34.500000 ;-23.361526 ;-17.351368 ;
34.600000 ;-23.356135 ;-17.351530 ;
34.700000 ;-23.361792 ;-17.352339 ;
34.800000 ;-23.376374 ;-17.353668 ;
34.900000 ;-23.374510 ;-17.354030 ;
35.000000 ;-23.356911 ;-17.353467 ;
35.100000 ;-23.353697 ;-17.353746 ;
35.200000 ;-23.384203 ;-17.355997 ;
35.300000 ;-23.389983 ;-17.356796 ;
35.400000 ;-23.358690 ;-17.355424 ;
35.500000 ;-23.349462 ;-17.355345 ;
35.600000 ;-23.375739 ;-17.357343 ;
35.700000 ;-23.374481 ;-17.357721 ;
35.800000 ;-23.361567 ;-17.357414 ;
35.900000 ;-23.373639 ;-17.358574 ;
36.000000 ;-23.376515 ;-17.359191 ;
36.100000 ;-23.373371 ;-17.359451 ;
36.200000 ;-23.379644 ;-17.360264 ;
36.300000 ;-23.382138 ;-17.360852 ;
36.400000 ;-23.378750 ;-17.361092 ;
36.500000 ;-23.381589 ;-17.361696 ;
36.600000 ;-23.390875 ;-17.362678 ;
36.700000 ;-23.390380 ;-17.363082 ;
36.800000 ;-23.380550 ;-17.362935 ;
36.900000 ;-23.380862 ;-17.363383 ;
37.000000 ;-23.405217 ;-17.365240 ;
37.100000 ;-23.410658 ;-17.365984 ;
37.200000 ;-23.385118 ;-17.364909 ;
37.300000 ;-23.366602 ;-17.364247 ;
37.400000 ;-23.397534 ;-17.366483 ;
37.500000 ;-23.408652 ;-17.367551 ;
37.600000 ;-23.382375 ;-17.366424 ;
37.700000 ;-23.381924 ;-17.366816 ;
37.800000 ;-23.397370 ;-17.368138 ;
37.900000 ;-23.393716 ;-17.368333 ;
38.000000 ;-23.394226 ;-17.368772 ;
38.100000 ;-23.400886 ;-17.369573 ;
38.200000 ;-23.399808 ;-17.369915 ;
38.300000 ;-23.399391 ;-17.370295 ;
38.400000 ;-23.406103 ;-17.371093 ;
38.500000 ;-23.407329 ;-17.371566 ;
38.600000 ;-23.402046 ;-17.371653 ;
38.700000 ;-23.403691 ;-17.372148 ;
38.800000 ;-23.419566 ;-17.373477 ;
38.900000 ;-23.422355 ;-17.374035 ;
39.000000 ;-23.405746 ;-17.373450 ;
39.100000 ;-23.393500 ;-17.373121 ;
39.200000 ;-23.409667 ;-17.374463 ;
39.300000 ;-23.414697 ;-17.375146 ;
39.400000 ;-23.406275 ;-17.375035 ;
39.500000 ;-23.412215 ;-17.375770 ;
39.600000 ;-23.416660 ;-17.376415 ;
39.700000 ;-23.413610 ;-17.376616 ;
39.800000 ;-23.413721 ;-17.376929 ;
39.900000 ;-23.410677 ;-17.376636 ;
40.000000 ;-23.415112 ;-17.377158 ;
40.100000 ;-23.438942 ;-17.381136 ;
40.200000 ;-23.498445 ;-17.392676 ;
40.300000 ;-23.596467 ;-17.414415 ;
40.400000 ;-23.704185 ;-17.445015 ;
40.500000 ;-23.845287 ;-17.486864 ;
40.600000 ;-24.013014 ;-17.539453 ;
40.700000 ;-24.176901 ;-17.599909 ;
40.800000 ;-24.344564 ;-17.668197 ;
40.900000 ;-24.525884 ;-17.744414 ;
41.000000 ;-24.700351 ;-17.826222 ;
41.100000 ;-24.865758 ;-17.912679 ;
41.200000 ;-25.038270 ;-18.004307 ;
41.300000 ;-25.213888 ;-18.100114 ;
41.400000 ;-25.372556 ;-18.197887 ;
41.500000 ;-25.517103 ;-18.297214 ;
41.600000 ;-25.673986 ;-18.399552 ;
41.700000 ;-25.843559 ;-18.504422 ;
41.800000 ;-25.983890 ;-18.608069 ;
41.900000 ;-26.095549 ;-18.710072 ;
42.000000 ;-26.227619 ;-18.813836 ;
42.100000 ;-26.382996 ;-18.919232 ;
42.200000 ;-26.502917 ;-19.021225 ;
42.300000 ;-26.597320 ;-19.120266 ;
42.400000 ;-26.723549 ;-19.220653 ;
42.500000 ;-26.842397 ;-19.318942 ;
42.600000 ;-26.938177 ;-19.413578 ;
42.700000 ;-27.040569 ;-19.506758 ;
42.800000 ;-27.142852 ;-19.597706 ;
42.900000 ;-27.230053 ;-19.684971 ;
43.000000 ;-27.313712 ;-19.769341 ;
43.100000 ;-27.403997 ;-19.851515 ;
43.200000 ;-27.482449 ;-19.929793 ;
43.300000 ;-27.546409 ;-20.003833 ;
43.400000 ;-27.614056 ;-20.075093 ;
43.500000 ;-27.695744 ;-20.144402 ;
43.600000 ;-27.758125 ;-20.208822 ;
43.700000 ;-27.794082 ;-20.267706 ;
43.800000 ;-27.834370 ;-20.323719 ;
43.900000 ;-27.910082 ;-20.379597 ;
44.000000 ;-27.963728 ;-20.430327 ;
44.100000 ;-27.976537 ;-20.474291 ;
44.200000 ;-28.001261 ;-20.516209 ;
44.300000 ;-28.058778 ;-20.558008 ;
44.400000 ;-28.089052 ;-20.594446 ;
44.500000 ;-28.101203 ;-20.626430 ;
44.600000 ;-28.136187 ;-20.657718 ;
44.700000 ;-28.162359 ;-20.685597 ;
44.800000 ;-28.174938 ;-20.709758 ;
44.900000 ;-28.195521 ;-20.732259 ;
45.000000 ;-28.215733 ;-20.752474 ;
45.100000 ;-28.224008 ;-20.769493 ;
45.200000 ;-28.229244 ;-20.784243 ;
45.300000 ;-28.248582 ;-20.798392 ;
45.400000 ;-28.262126 ;-20.810277 ;
45.500000 ;-28.257208 ;-20.818879 ;
45.600000 ;-28.247913 ;-20.825588 ;
45.700000 ;-28.267430 ;-20.833513 ;
45.800000 ;-28.288301 ;-20.840292 ;
45.900000 ;-28.273194 ;-20.842663 ;
46.000000 ;-28.241556 ;-20.842485 ;
46.100000 ;-28.255542 ;-20.845468 ;
46.200000 ;-28.275028 ;-20.848084 ;
46.300000 ;-28.256117 ;-20.846459 ;
46.400000 ;-28.235899 ;-20.844026 ;
46.500000 ;-28.248860 ;-20.843973 ;
46.600000 ;-28.245525 ;-20.841911 ;
46.700000 ;-28.231543 ;-20.838418 ;
46.800000 ;-28.233318 ;-20.835939 ;
46.900000 ;-28.229912 ;-20.832646 ;
47.000000 ;-28.217578 ;-20.828254 ;
47.100000 ;-28.212928 ;-20.824313 ;
47.200000 ;-28.213735 ;-20.820666 ;
47.300000 ;-28.203823 ;-20.815901 ;
47.400000 ;-28.186381 ;-20.810341 ;
47.500000 ;-28.184005 ;-20.806056 ;
47.600000 ;-28.194961 ;-20.802922 ;
47.700000 ;-28.184090 ;-20.797804 ;
47.800000 ;-28.151465 ;-20.790734 ;
47.900000 ;-28.137445 ;-20.785363 ;
48.000000 ;-28.161724 ;-20.783480 ;
48.100000 ;-28.157298 ;-20.779086 ;
48.200000 ;-28.115625 ;-20.771430 ;
48.300000 ;-28.104236 ;-20.766584 ;
48.400000 ;-28.118568 ;-20.764149 ;
48.500000 ;-28.105285 ;-20.759354 ;
48.600000 ;-28.087227 ;-20.754255 ;
48.700000 ;-28.090411 ;-20.751188 ;
48.800000 ;-28.083234 ;-20.747328 ;
48.900000 ;-28.069964 ;-20.743062 ;
49.000000 ;-28.068507 ;-20.739996 ;
49.100000 ;-28.063710 ;-20.736776 ;
49.200000 ;-28.050258 ;-20.732927 ;
49.300000 ;-28.040992 ;-20.729599 ;
49.400000 ;-28.046147 ;-20.727706 ;
49.500000 ;-28.041711 ;-20.725102 ;
49.600000 ;-28.020629 ;-20.721152 ;
49.700000 ;-28.002552 ;-20.717611 ;
49.800000 ;-28.019415 ;-20.717333 ;
49.900000 ;-28.028946 ;-20.716536 ;
50.000000 ;-27.998643 ;-20.712315 ;
50.100000 ;-27.960050 ;-20.707482 ;
50.200000 ;-27.977668 ;-20.707794 ;
50.300000 ;-27.988812 ;-20.707650 ;
50.400000 ;-27.960850 ;-20.704135 ;
50.500000 ;-27.947389 ;-20.702028 ;
50.600000 ;-27.956232 ;-20.702020 ;
50.700000 ;-27.947434 ;-20.700543 ;
50.800000 ;-27.937551 ;-20.699070 ;
50.900000 ;-27.938775 ;-20.698684 ;
51.000000 ;-27.932323 ;-20.697706 ;
51.100000 ;-27.921336 ;-20.696412 ;
51.200000 ;-27.921602 ;-20.696206 ;
51.300000 ;-27.921173 ;-20.696018 ;
51.400000 ;-27.909548 ;-20.694906 ;
51.500000 ;-27.895325 ;-20.693635 ;
51.600000 ;-27.902677 ;-20.694355 ;
51.700000 ;-27.914008 ;-20.695494 ;
51.800000 ;-27.898008 ;-20.694257 ;
51.900000 ;-27.864734 ;-20.691536 ;
52.000000 ;-27.864652 ;-20.691826 ;
52.100000 ;-27.893521 ;-20.694745 ;
52.200000 ;-27.881780 ;-20.694094 ;
52.300000 ;-27.838887 ;-20.690711 ;
52.400000 ;-27.844334 ;-20.691672 ;
52.500000 ;-27.857106 ;-20.693320 ;
52.600000 ;-27.841833 ;-20.692506 ;
52.700000 ;-27.836144 ;-20.692575 ;
52.800000 ;-27.840121 ;-20.693533 ;
52.900000 ;-27.832912 ;-20.693520 ;
53.000000 ;-27.827160 ;-20.693660 ;
53.100000 ;-27.829225 ;-20.694517 ;
53.200000 ;-27.824472 ;-20.694785 ;
53.300000 ;-27.813929 ;-20.694553 ;
53.400000 ;-27.814155 ;-20.695296 ;
53.500000 ;-27.822335 ;-20.696759 ;
53.600000 ;-27.815472 ;-20.696893 ;
53.700000 ;-27.794634 ;-20.695791 ;
53.800000 ;-27.787529 ;-20.695918 ;
53.900000 ;-27.815054 ;-20.699137 ;
54.000000 ;-27.818756 ;-20.700239 ;
54.100000 ;-27.780880 ;-20.697641 ;
54.200000 ;-27.753467 ;-20.695975 ;
54.300000 ;-27.783788 ;-20.699449 ;
54.400000 ;-27.787999 ;-20.700599 ;
54.500000 ;-27.758290 ;-20.698729 ;
54.600000 ;-27.761253 ;-20.699762 ;
54.700000 ;-27.768287 ;-20.701153 ;
54.800000 ;-27.759118 ;-20.701096 ;
54.900000 ;-27.758362 ;-20.701782 ;
55.000000 ;-27.760207 ;-20.702693 ;
55.100000 ;-27.753840 ;-20.702865 ;
55.200000 ;-27.748969 ;-20.703162 ;
55.300000 ;-27.753997 ;-20.704333 ;
55.400000 ;-27.752487 ;-20.704912 ;
55.500000 ;-27.740808 ;-20.704575 ;
55.600000 ;-27.733560 ;-20.704622 ;
55.700000 ;-27.751279 ;-20.706883 ;
55.800000 ;-27.758956 ;-20.708240 ;
55.900000 ;-27.735961 ;-20.706852 ;
56.000000 ;-27.705967 ;-20.704829 ;
56.100000 ;-27.725029 ;-20.707163 ;
56.200000 ;-27.751361 ;-20.710132 ;
56.300000 ;-27.727341 ;-20.708608 ;
56.400000 ;-27.689938 ;-20.705880 ;
56.500000 ;-27.711160 ;-20.708355 ;
56.600000 ;-27.717760 ;-20.709516 ;
56.700000 ;-27.702273 ;-20.708697 ;
56.800000 ;-27.706981 ;-20.709663 ;
56.900000 ;-27.709180 ;-20.710391 ;
57.000000 ;-27.702360 ;-20.710302 ;
57.100000 ;-27.703278 ;-20.710890 ;
57.200000 ;-27.705519 ;-20.711581 ;
57.300000 ;-27.699781 ;-20.711548 ;
57.400000 ;-27.692822 ;-20.711393 ;
57.500000 ;-27.701048 ;-20.712577 ;
57.600000 ;-27.707696 ;-20.713608 ;
57.700000 ;-27.696299 ;-20.713017 ;
57.800000 ;-27.676745 ;-20.711687 ;
57.900000 ;-27.684674 ;-20.712791 ;
58.000000 ;-27.714973 ;-20.715874 ;
58.100000 ;-27.706380 ;-20.715483 ;
58.200000 ;-27.661779 ;-20.711872 ;
58.300000 ;-27.655681 ;-20.711675 ;
58.400000 ;-27.687960 ;-20.714881 ;
58.500000 ;-27.680438 ;-20.714533 ;
58.600000 ;-27.654759 ;-20.712558 ;
58.700000 ;-27.668620 ;-20.714088 ;
58.800000 ;-27.671091 ;-20.714591 ;
58.900000 ;-27.663501 ;-20.714186 ;
59.000000 ;-27.668026 ;-20.714848 ;
59.100000 ;-27.668238 ;-20.715114 ;
59.200000 ;-27.662010 ;-20.714794 ;
59.300000 ;-27.663168 ;-20.715121 ;
59.400000 ;-27.668639 ;-20.715821 ;
59.500000 ;-27.664314 ;-20.715637 ;
59.600000 ;-27.652923 ;-20.714812 ;
59.700000 ;-27.655239 ;-20.715198 ;
59.800000 ;-27.676936 ;-20.717300 ;
59.900000 ;-27.676174 ;-20.717391 ;
60.000000 ;-27.646125 ;-20.714863 ;
60.100000 ;-27.625459 ;-20.713160 ;
60.200000 ;-27.660220 ;-20.716382 ;
60.300000 ;-27.675378 ;-20.717851 ;
60.400000 ;-27.638694 ;-20.714698 ;
60.500000 ;-27.619135 ;-20.713058 ;
60.600000 ;-27.643936 ;-20.715355 ;
60.700000 ;-27.642119 ;-20.715274 ;
60.800000 ;-27.631878 ;-20.714435 ;
60.900000 ;-27.640135 ;-20.715232 ;
61.000000 ;-27.639350 ;-20.715216 ;
61.100000 ;-27.634546 ;-20.714833 ;
61.200000 ;-27.638948 ;-20.715262 ;
61.300000 ;-27.639379 ;-20.715329 ;
61.400000 ;-27.632685 ;-20.714753 ;
61.500000 ;-27.630807 ;-20.714598 ;
61.600000 ;-27.643004 ;-20.715690 ;
61.700000 ;-27.644981 ;-20.715864 ;
61.800000 ;-27.629009 ;-20.714432 ;
61.900000 ;-27.613738 ;-20.713054 ;
62.000000 ;-27.626047 ;-20.714127 ;
62.100000 ;-27.631906 ;-20.714618 ;
62.200000 ;-27.620417 ;-20.713557 ;
62.300000 ;-27.620083 ;-20.713484 ;
62.400000 ;-27.626462 ;-20.714001 ;
62.500000 ;-27.622081 ;-20.713554 ;
62.600000 ;-27.616990 ;-20.713038 ;
62.700000 ;-27.624194 ;-20.713610 ;
62.800000 ;-27.625208 ;-20.713625 ;
62.900000 ;-27.615675 ;-20.712695 ;
63.000000 ;-27.612022 ;-20.712283 ;
63.100000 ;-27.627652 ;-20.713584 ;
63.200000 ;-27.630706 ;-20.713759 ;
63.300000 ;-27.611469 ;-20.711943 ;
63.400000 ;-27.596765 ;-20.710526 ;
63.500000 ;-27.621612 ;-20.712625 ;
63.600000 ;-27.633031 ;-20.713525 ;
63.700000 ;-27.606301 ;-20.711025 ;
63.800000 ;-27.587583 ;-20.709232 ;
63.900000 ;-27.611228 ;-20.711205 ;
64.000000 ;-27.612938 ;-20.711222 ;
64.100000 ;-27.595192 ;-20.709502 ;
64.200000 ;-27.602944 ;-20.710048 ;
64.300000 ;-27.607787 ;-20.710330 ;
64.400000 ;-27.600432 ;-20.709522 ;
64.500000 ;-27.601972 ;-20.709503 ;
64.600000 ;-27.606939 ;-20.709784 ;
64.700000 ;-27.602502 ;-20.709224 ;
64.800000 ;-27.596230 ;-20.708497 ;
64.900000 ;-27.604968 ;-20.709104 ;
65.000000 ;-27.610508 ;-20.709422 ;
65.100000 ;-27.600195 ;-20.708325 ;
65.200000 ;-27.586784 ;-20.706949 ;
65.300000 ;-27.601854 ;-20.708106 ;
65.400000 ;-27.620032 ;-20.709537 ;
65.500000 ;-27.604419 ;-20.707957 ;
65.600000 ;-27.572921 ;-20.704960 ;
65.700000 ;-27.586565 ;-20.705977 ;
65.800000 ;-27.608697 ;-20.707748 ;
65.900000 ;-27.592343 ;-20.706092 ;
66.000000 ;-27.572897 ;-20.704158 ;
66.100000 ;-27.590035 ;-20.705477 ;
66.200000 ;-27.591503 ;-20.705398 ;
66.300000 ;-27.581853 ;-20.704327 ;
66.400000 ;-27.588550 ;-20.704709 ;
66.500000 ;-27.590533 ;-20.704669 ;
66.600000 ;-27.584187 ;-20.703885 ;
66.700000 ;-27.585988 ;-20.703824 ;
66.800000 ;-27.592282 ;-20.704161 ;
66.900000 ;-27.588410 ;-20.703591 ;
67.000000 ;-27.578578 ;-20.702488 ;
67.100000 ;-27.584851 ;-20.702818 ;
67.200000 ;-27.600877 ;-20.704015 ;
67.300000 ;-27.594955 ;-20.703255 ;
67.400000 ;-27.570317 ;-20.700828 ;
67.500000 ;-27.567834 ;-20.700371 ;
67.600000 ;-27.599093 ;-20.702916 ;
67.700000 ;-27.598514 ;-20.702627 ;
67.800000 ;-27.562760 ;-20.699207 ;
67.900000 ;-27.561929 ;-20.698892 ;
68.000000 ;-27.583433 ;-20.700563 ;
68.100000 ;-27.575743 ;-20.699635 ;
68.200000 ;-27.565694 ;-20.698496 ;
68.300000 ;-27.576222 ;-20.699186 ;
68.400000 ;-27.575563 ;-20.698879 ;
68.500000 ;-27.570016 ;-20.698136 ;
68.600000 ;-27.575856 ;-20.698405 ;
68.700000 ;-27.577088 ;-20.698263 ;
68.800000 ;-27.570465 ;-20.697421 ;
68.900000 ;-27.570189 ;-20.697143 ;
69.000000 ;-27.581274 ;-20.697875 ;
69.100000 ;-27.581001 ;-20.697596 ;
69.200000 ;-27.566268 ;-20.696028 ;
69.300000 ;-27.559000 ;-20.695123 ;
69.400000 ;-27.584593 ;-20.697144 ;
69.500000 ;-27.595006 ;-20.697813 ;
69.600000 ;-27.567234 ;-20.695083 ;
69.700000 ;-27.539598 ;-20.692364 ;
69.800000 ;-27.567998 ;-20.694631 ;
69.900000 ;-27.581115 ;-20.695537 ;
70.000000 ;-27.555546 ;-20.693003 ;
70.100000 ;-27.551859 ;-20.692414 ;
70.200000 ;-27.566033 ;-20.693413 ;
70.300000 ;-27.561379 ;-20.692735 ;
70.400000 ;-27.558560 ;-20.692221 ;
70.500000 ;-27.564952 ;-20.692526 ;
70.600000 ;-27.562961 ;-20.692083 ;
70.700000 ;-27.558144 ;-20.691389 ;
70.800000 ;-27.564444 ;-20.691684 ;
70.900000 ;-27.567406 ;-20.691682 ;
71.000000 ;-27.559894 ;-20.690747 ;
71.100000 ;-27.552966 ;-20.689864 ;
71.200000 ;-27.568236 ;-20.690956 ;
71.300000 ;-27.579926 ;-20.691730 ;
71.400000 ;-27.564641 ;-20.690103 ;
71.500000 ;-27.538577 ;-20.687516 ;
71.600000 ;-27.552056 ;-20.688447 ;
71.700000 ;-27.582099 ;-20.690853 ;
71.800000 ;-27.567257 ;-20.689268 ;
71.900000 ;-27.528957 ;-20.685595 ;
72.000000 ;-27.545372 ;-20.686788 ;
72.100000 ;-27.559917 ;-20.687814 ;
72.200000 ;-27.546103 ;-20.686318 ;
72.300000 ;-27.547077 ;-20.686137 ;
72.400000 ;-27.554366 ;-20.686517 ;
72.500000 ;-27.550150 ;-20.685874 ;
72.600000 ;-27.549734 ;-20.685568 ;
72.700000 ;-27.554977 ;-20.685767 ;
72.800000 ;-27.552726 ;-20.685298 ;
72.900000 ;-27.546411 ;-20.684467 ;
73.000000 ;-27.552704 ;-20.684759 ;
73.100000 ;-27.561998 ;-20.685319 ;
73.200000 ;-27.555662 ;-20.684487 ;
73.300000 ;-27.539140 ;-20.682749 ;
73.400000 ;-27.542646 ;-20.682793 ;
73.500000 ;-27.572461 ;-20.685179 ;
73.600000 ;-27.571442 ;-20.684822 ;
73.700000 ;-27.533790 ;-20.681207 ;
73.800000 ;-27.519621 ;-20.679680 ;
73.900000 ;-27.554137 ;-20.682483 ;
74.000000 ;-27.555163 ;-20.682309 ;
74.100000 ;-27.526300 ;-20.679478 ;
74.200000 ;-27.536463 ;-20.680117 ;
74.300000 ;-27.545004 ;-20.680612 ;
74.400000 ;-27.537571 ;-20.679685 ;
74.500000 ;-27.541030 ;-20.679727 ;
74.600000 ;-27.544746 ;-20.679793 ;
74.700000 ;-27.540365 ;-20.679138 ;
74.800000 ;-27.539708 ;-20.678815 ;
74.900000 ;-27.546668 ;-20.679170 ;
75.000000 ;-27.545780 ;-20.678827 ;
75.100000 ;-27.536430 ;-20.677731 ;
75.200000 ;-27.535577 ;-20.677392 ;
75.300000 ;-27.555871 ;-20.678935 ;
75.400000 ;-27.560195 ;-20.679057 ;
75.500000 ;-27.536686 ;-20.676704 ;
75.600000 ;-27.514545 ;-20.674472 ;
75.700000 ;-27.543247 ;-20.676763 ;
75.800000 ;-27.565497 ;-20.678482 ;
75.900000 ;-27.536566 ;-20.675652 ;
76.000000 ;-27.505589 ;-20.672639 ;
76.100000 ;-27.532373 ;-20.674761 ;
76.200000 ;-27.537935 ;-20.674997 ;
76.300000 ;-27.523283 ;-20.673436 ;
76.400000 ;-27.531661 ;-20.673922 ;
76.500000 ;-27.534895 ;-20.673952 ;
76.600000 ;-27.529740 ;-20.673235 ;
76.700000 ;-27.533456 ;-20.673308 ;
76.800000 ;-27.536533 ;-20.673324 ;
76.900000 ;-27.531845 ;-20.672650 ;
77.000000 ;-27.528127 ;-20.672063 ;
77.100000 ;-27.538927 ;-20.672768 ;
77.200000 ;-27.544189 ;-20.672981 ;
77.300000 ;-27.532575 ;-20.671693 ;
77.400000 ;-27.517369 ;-20.670085 ;
77.500000 ;-27.533767 ;-20.671290 ;
77.600000 ;-27.561091 ;-20.673467 ;
77.700000 ;-27.546691 ;-20.671936 ;
77.800000 ;-27.503880 ;-20.667877 ;
77.900000 ;-27.509259 ;-20.668103 ;
78.000000 ;-27.541223 ;-20.670694 ;
78.100000 ;-27.529508 ;-20.669403 ;
78.200000 ;-27.506002 ;-20.667066 ;
78.300000 ;-27.523066 ;-20.668334 ;
78.400000 ;-27.525675 ;-20.668317 ;
78.500000 ;-27.519517 ;-20.667520 ;
78.600000 ;-27.525781 ;-20.667829 ;
78.700000 ;-27.526559 ;-20.667649 ;
78.800000 ;-27.521599 ;-20.666960 ;
78.900000 ;-27.525138 ;-20.667028 ;
79.000000 ;-27.530571 ;-20.667265 ;
79.100000 ;-27.526194 ;-20.666629 ;
79.200000 ;-27.516938 ;-20.665560 ;
79.300000 ;-27.524479 ;-20.665986 ;
79.400000 ;-27.544555 ;-20.667527 ;
79.500000 ;-27.539932 ;-20.666873 ;
79.600000 ;-27.510714 ;-20.664031 ;
79.700000 ;-27.498984 ;-20.662744 ;
79.800000 ;-27.518867 ;-20.664270 ;
79.900000 ;-27.519508 ;-20.664085 ;
80.000000 ;-27.512570 ;-20.663228 ;
