0.000000 ;-27.500000 ;-20.600000 ;
0.100000 ;-27.225103 ;-20.652125 ;
0.200000 ;-27.036666 ;-20.687828 ;
0.300000 ;-26.914716 ;-20.711135 ;
0.400000 ;-26.817000 ;-20.722806 ;
0.500000 ;-26.739560 ;-20.726066 ;
0.600000 ;-26.682632 ;-20.723689 ;
0.700000 ;-26.632790 ;-20.716672 ;
0.800000 ;-26.594039 ;-20.706921 ;
0.900000 ;-26.567443 ;-20.695674 ;
1.000000 ;-26.544794 ;-20.683209 ;
1.100000 ;-26.515330 ;-20.669332 ;
1.200000 ;-26.494810 ;-20.655836 ;
1.300000 ;-26.492019 ;-20.643808 ;
1.400000 ;-26.497874 ;-20.632710 ;
1.500000 ;-26.487190 ;-20.620533 ;
1.600000 ;-26.468626 ;-20.608162 ;
1.700000 ;-26.467282 ;-20.597949 ;
1.800000 ;-26.471360 ;-20.588836 ;
1.900000 ;-26.460564 ;-20.578958 ;
2.000000 ;-26.456372 ;-20.570309 ;
2.100000 ;-26.460230 ;-20.563009 ;
2.200000 ;-26.455927 ;-20.555534 ;
2.300000 ;-26.448360 ;-20.548312 ;
2.400000 ;-26.450941 ;-20.542559 ;
2.500000 ;-26.459300 ;-20.537839 ;
2.600000 ;-26.452541 ;-20.532177 ;
2.700000 ;-26.436698 ;-20.526105 ;
2.800000 ;-26.441210 ;-20.522328 ;
2.900000 ;-26.463626 ;-20.520588 ;
3.000000 ;-26.467037 ;-20.517424 ;
3.100000 ;-26.437707 ;-20.511533 ;
3.200000 ;-26.435780 ;-20.508485 ;
3.300000 ;-26.467897 ;-20.508873 ;
3.400000 ;-26.472776 ;-20.506972 ;
3.500000 ;-26.451090 ;-20.502825 ;
3.600000 ;-26.455584 ;-20.501322 ;
3.700000 ;-26.468374 ;-20.500779 ;
3.800000 ;-26.458011 ;-20.498256 ;
3.900000 ;-26.456610 ;-20.496724 ;
4.000000 ;-26.462907 ;-20.496051 ;
4.100000 ;-26.458412 ;-20.494506 ;
4.200000 ;-26.455417 ;-20.493221 ;
4.300000 ;-26.460734 ;-20.492816 ;
4.400000 ;-26.464272 ;-20.492344 ;
4.500000 ;-26.454123 ;-20.490690 ;
4.600000 ;-26.450465 ;-20.489720 ;
4.700000 ;-26.461883 ;-20.490225 ;
4.800000 ;-26.473884 ;-20.490850 ;
4.900000 ;-26.456302 ;-20.488786 ;
5.000000 ;-26.438014 ;-20.486711 ;
5.100000 ;-26.454598 ;-20.487926 ;
5.200000 ;-26.487262 ;-20.490680 ;
5.300000 ;-26.474066 ;-20.489209 ;
5.400000 ;-26.450669 ;-20.486825 ;
5.500000 ;-26.465275 ;-20.488008 ;
5.600000 ;-26.484895 ;-20.489685 ;
5.700000 ;-26.468473 ;-20.488035 ;
5.800000 ;-26.466105 ;-20.487715 ;
5.900000 ;-26.474238 ;-20.488390 ;
6.000000 ;-26.468094 ;-20.487756 ;
6.100000 ;-26.465896 ;-20.487504 ;
6.200000 ;-26.471158 ;-20.487959 ;
6.300000 ;-26.469730 ;-20.487804 ;
6.400000 ;-26.463300 ;-20.487195 ;
6.500000 ;-26.465772 ;-20.487423 ;
6.600000 ;-26.474931 ;-20.488280 ;
6.700000 ;-26.471813 ;-20.488003 ;
6.800000 ;-26.453953 ;-20.486362 ;
6.900000 ;-26.454618 ;-20.486449 ;
7.000000 ;-26.477696 ;-20.488622 ;
7.100000 ;-26.490946 ;-20.489885 ;
7.200000 ;-26.460548 ;-20.487095 ;
7.300000 ;-26.448289 ;-20.485994 ;
7.400000 ;-26.478746 ;-20.488867 ;
7.500000 ;-26.497950 ;-20.490694 ;
7.600000 ;-26.472905 ;-20.488408 ;
7.700000 ;-26.471065 ;-20.488280 ;
7.800000 ;-26.485445 ;-20.489662 ;
7.900000 ;-26.476530 ;-20.488877 ;
8.000000 ;-26.473258 ;-20.488617 ;
8.100000 ;-26.478653 ;-20.489162 ;
8.200000 ;-26.475182 ;-20.488883 ;
8.300000 ;-26.471497 ;-20.488584 ;
8.400000 ;-26.475627 ;-20.489011 ;
8.500000 ;-26.479870 ;-20.489447 ;
8.600000 ;-26.470265 ;-20.488597 ;
8.700000 ;-26.464307 ;-20.488084 ;
8.800000 ;-26.473884 ;-20.489015 ;
8.900000 ;-26.488171 ;-20.490383 ;
9.000000 ;-26.475667 ;-20.489260 ;
9.100000 ;-26.450407 ;-20.486951 ;
9.200000 ;-26.460077 ;-20.487890 ;
9.300000 ;-26.497088 ;-20.491369 ;
9.400000 ;-26.497238 ;-20.491419 ;
9.500000 ;-26.466383 ;-20.488586 ;
9.600000 ;-26.472568 ;-20.489198 ;
9.700000 ;-26.498353 ;-20.491633 ;
9.800000 ;-26.488590 ;-20.490760 ;
9.900000 ;-26.493790 ;-20.495311 ;
10.000000 ;-26.511906 ;-20.519187 ;
10.100000 ;-26.537195 ;-20.563876 ;
10.200000 ;-26.530257 ;-20.608755 ;
10.300000 ;-26.496399 ;-20.645699 ;
10.400000 ;-26.431583 ;-20.668652 ;
10.500000 ;-26.339718 ;-20.674926 ;
10.600000 ;-26.228066 ;-20.664846 ;
10.700000 ;-26.101213 ;-20.638932 ;
10.800000 ;-25.970630 ;-20.598331 ;
10.900000 ;-25.844881 ;-20.544979 ;
11.000000 ;-25.703997 ;-20.479556 ;
11.100000 ;-25.542011 ;-20.403396 ;
11.200000 ;-25.370813 ;-20.318721 ;
11.300000 ;-25.220141 ;-20.228633 ;
11.400000 ;-25.097584 ;-20.134899 ;
11.500000 ;-24.962310 ;-20.036072 ;
11.600000 ;-24.823340 ;-19.934019 ;
11.700000 ;-24.700295 ;-19.831351 ;
11.800000 ;-24.577249 ;-19.727620 ;
11.900000 ;-24.456952 ;-19.623809 ;
12.000000 ;-24.347162 ;-19.521192 ;
12.100000 ;-24.240459 ;-19.419731 ;
12.200000 ;-24.133629 ;-19.319639 ;
12.300000 ;-24.032063 ;-19.221726 ;
12.400000 ;-23.950648 ;-19.127424 ;
12.500000 ;-23.875782 ;-19.035948 ;
12.600000 ;-23.784806 ;-18.945814 ;
12.700000 ;-23.680438 ;-18.857375 ;
12.800000 ;-23.591057 ;-18.772835 ;
12.900000 ;-23.537685 ;-18.693801 ;
13.000000 ;-23.474633 ;-18.616950 ;
13.100000 ;-23.403019 ;-18.542388 ;
13.200000 ;-23.347598 ;-18.471887 ;
13.300000 ;-23.291680 ;-18.404222 ;
13.400000 ;-23.234712 ;-18.339315 ;
13.500000 ;-23.186214 ;-18.277776 ;
13.600000 ;-23.139821 ;-18.219097 ;
13.700000 ;-23.090380 ;-18.162853 ;
13.800000 ;-23.042482 ;-18.109283 ;
13.900000 ;-23.010321 ;-18.059260 ;
14.000000 ;-22.983619 ;-18.011999 ;
14.100000 ;-22.940680 ;-17.965972 ;
14.200000 ;-22.884059 ;-17.921264 ;
14.300000 ;-22.841231 ;-17.879616 ;
14.400000 ;-22.826061 ;-17.841853 ;
14.500000 ;-22.798495 ;-17.805233 ;
14.600000 ;-22.762471 ;-17.769935 ;
14.700000 ;-22.741274 ;-17.737408 ;
14.800000 ;-22.717511 ;-17.706427 ;
14.900000 ;-22.690348 ;-17.676861 ;
15.000000 ;-22.670608 ;-17.649334 ;
15.100000 ;-22.652092 ;-17.623371 ;
15.200000 ;-22.628366 ;-17.598485 ;
15.300000 ;-22.604181 ;-17.574914 ;
15.400000 ;-22.594411 ;-17.553540 ;
15.500000 ;-22.588950 ;-17.533650 ;
15.600000 ;-22.566419 ;-17.513830 ;
15.700000 ;-22.530472 ;-17.494252 ;
15.800000 ;-22.510477 ;-17.476723 ;
15.900000 ;-22.511580 ;-17.461511 ;
16.000000 ;-22.498228 ;-17.446314 ;
16.100000 ;-22.478272 ;-17.431582 ;
16.200000 ;-22.472613 ;-17.418588 ;
16.300000 ;-22.462593 ;-17.406109 ;
16.400000 ;-22.448401 ;-17.394115 ;
16.500000 ;-22.441807 ;-17.383305 ;
16.600000 ;-22.435508 ;-17.373183 ;
16.700000 ;-22.422832 ;-17.363295 ;
16.800000 ;-22.409423 ;-17.353959 ;
16.900000 ;-22.410653 ;-17.346099 ;
17.000000 ;-22.413626 ;-17.338881 ;
17.100000 ;-22.398899 ;-17.331068 ;
17.200000 ;-22.372764 ;-17.323023 ;
17.300000 ;-22.366296 ;-17.316650 ;
17.400000 ;-22.373655 ;-17.311557 ;
17.500000 ;-22.365194 ;-17.305883 ;
17.600000 ;-22.353767 ;-17.300402 ;
17.700000 ;-22.355342 ;-17.296083 ;
17.800000 ;-22.351036 ;-17.291736 ;
17.900000 ;-22.342750 ;-17.287458 ;
18.000000 ;-22.342803 ;-17.283994 ;
18.100000 ;-22.341925 ;-17.280752 ;
18.200000 ;-22.333892 ;-17.277333 ;
18.300000 ;-22.325828 ;-17.274162 ;
18.400000 ;-22.333123 ;-17.272171 ;
18.500000 ;-22.338971 ;-17.270312 ;
18.600000 ;-22.326635 ;-17.267540 ;
18.700000 ;-22.305857 ;-17.264443 ;
18.800000 ;-22.311336 ;-17.263147 ;
18.900000 ;-22.335927 ;-17.263193 ;
19.000000 ;-22.326963 ;-17.261341 ;
19.100000 ;-22.290919 ;-17.257982 ;
19.200000 ;-22.293204 ;-17.257122 ;
19.300000 ;-22.311974 ;-17.257404 ;
19.400000 ;-22.302288 ;-17.256062 ;
19.500000 ;-22.292927 ;-17.254859 ;
19.600000 ;-22.301523 ;-17.254872 ;
19.700000 ;-22.299961 ;-17.254363 ;
19.800000 ;-22.296298 ;-17.253822 ;
19.900000 ;-22.300315 ;-17.253843 ;
20.000000 ;-22.299722 ;-17.253666 ;
20.100000 ;-22.294676 ;-17.253294 ;
20.200000 ;-22.297096 ;-17.253456 ;
20.300000 ;-22.303774 ;-17.253948 ;
20.400000 ;-22.300756 ;-17.253908 ;
20.500000 ;-22.289911 ;-17.253447 ;
20.600000 ;-22.290167 ;-17.253725 ;
20.700000 ;-22.312334 ;-17.255398 ;
20.800000 ;-22.315772 ;-17.255970 ;
20.900000 ;-22.290065 ;-17.254802 ;
21.000000 ;-22.270434 ;-17.254050 ;
21.100000 ;-22.298493 ;-17.256259 ;
21.200000 ;-22.310109 ;-17.257491 ;
21.300000 ;-22.285134 ;-17.256515 ;
21.400000 ;-22.280395 ;-17.256815 ;
21.500000 ;-22.295441 ;-17.258356 ;
21.600000 ;-22.292726 ;-17.258830 ;
21.700000 ;-22.290970 ;-17.259387 ;
21.800000 ;-22.297108 ;-17.260452 ;
21.900000 ;-22.296386 ;-17.261114 ;
22.000000 ;-22.294438 ;-17.261719 ;
22.100000 ;-22.300085 ;-17.262808 ;
22.200000 ;-22.302038 ;-17.263684 ;
22.300000 ;-22.297271 ;-17.264161 ;
22.400000 ;-22.295515 ;-17.264834 ;
22.500000 ;-22.309417 ;-17.266482 ;
22.600000 ;-22.316080 ;-17.267693 ;
22.700000 ;-22.303501 ;-17.267730 ;
22.800000 ;-22.286766 ;-17.267520 ;
22.900000 ;-22.297246 ;-17.268991 ;
23.000000 ;-22.306991 ;-17.270420 ;
23.100000 ;-22.300464 ;-17.270852 ;
23.200000 ;-22.301116 ;-17.271731 ;
23.300000 ;-22.307433 ;-17.272962 ;
23.400000 ;-22.306172 ;-17.273729 ;
23.500000 ;-22.305328 ;-17.274523 ;
23.600000 ;-22.311706 ;-17.275763 ;
23.700000 ;-22.313145 ;-17.276700 ;
23.800000 ;-22.308168 ;-17.277241 ;
23.900000 ;-22.308790 ;-17.278127 ;
24.000000 ;-22.323137 ;-17.279857 ;
24.100000 ;-22.326836 ;-17.280930 ;
24.200000 ;-22.312776 ;-17.280909 ;
24.300000 ;-22.300457 ;-17.280993 ;
24.400000 ;-22.323293 ;-17.283236 ;
24.500000 ;-22.341767 ;-17.285206 ;
24.600000 ;-22.321532 ;-17.284796 ;
24.700000 ;-22.294018 ;-17.283939 ;
24.800000 ;-22.316286 ;-17.286139 ;
24.900000 ;-22.327666 ;-17.287662 ;
25.000000 ;-22.313668 ;-17.287618 ;
25.100000 ;-22.317760 ;-17.288687 ;
25.200000 ;-22.325624 ;-17.289985 ;
25.300000 ;-22.323042 ;-17.290633 ;
25.400000 ;-22.325375 ;-17.291580 ;
25.500000 ;-22.330518 ;-17.292697 ;
25.600000 ;-22.329390 ;-17.293421 ;
25.700000 ;-22.327213 ;-17.294076 ;
25.800000 ;-22.335201 ;-17.295353 ;
25.900000 ;-22.340633 ;-17.296468 ;
26.000000 ;-22.334996 ;-17.296894 ;
26.100000 ;-22.326750 ;-17.297155 ;
26.200000 ;-22.339628 ;-17.298713 ;
26.300000 ;-22.359694 ;-17.300708 ;
26.400000 ;-22.351551 ;-17.300960 ;
26.500000 ;-22.322979 ;-17.299950 ;
26.600000 ;-22.325220 ;-17.300835 ;
26.700000 ;-22.355263 ;-17.303423 ;
26.800000 ;-22.350961 ;-17.303889 ;
26.900000 ;-22.324847 ;-17.303008 ;
27.000000 ;-22.338138 ;-17.304555 ;
27.100000 ;-22.347349 ;-17.305842 ;
27.200000 ;-22.341320 ;-17.306182 ;
27.300000 ;-22.346402 ;-17.307205 ;
27.400000 ;-22.350979 ;-17.308191 ;
27.500000 ;-22.348802 ;-17.308754 ;
27.600000 ;-22.351017 ;-17.309584 ;
27.700000 ;-22.357017 ;-17.310643 ;
27.800000 ;-22.356483 ;-17.311293 ;
27.900000 ;-22.351564 ;-17.311666 ;
28.000000 ;-22.357066 ;-17.312680 ;
28.100000 ;-22.371625 ;-17.314248 ;
28.200000 ;-22.370710 ;-17.314855 ;
28.300000 ;-22.353536 ;-17.314451 ;
28.400000 ;-22.346489 ;-17.314671 ;
28.500000 ;-22.362519 ;-17.316312 ;
28.600000 ;-22.365081 ;-17.317114 ;
28.700000 ;-22.357595 ;-17.317290 ;
28.800000 ;-22.364535 ;-17.318356 ;
28.900000 ;-22.368164 ;-17.319212 ;
29.000000 ;-22.365309 ;-17.319661 ;
29.100000 ;-22.368781 ;-17.320498 ;
29.200000 ;-22.374430 ;-17.321466 ;
29.300000 ;-22.372786 ;-17.321978 ;
29.400000 ;-22.368020 ;-17.322292 ;
29.500000 ;-22.376194 ;-17.323403 ;
29.600000 ;-22.388804 ;-17.324784 ;
29.700000 ;-22.384441 ;-17.325111 ;
29.800000 ;-22.367321 ;-17.324644 ;
29.900000 ;-22.368299 ;-17.325294 ;
30.000000 ;-22.397437 ;-17.327678 ;
30.100000 ;-22.399583 ;-17.328390 ;
30.200000 ;-22.368757 ;-17.327062 ;
30.300000 ;-22.363377 ;-17.327307 ;
30.400000 ;-22.387796 ;-17.329388 ;
30.500000 ;-22.385639 ;-17.329818 ;
30.600000 ;-22.373773 ;-17.329644 ;
30.700000 ;-22.385293 ;-17.330918 ;
30.800000 ;-22.388066 ;-17.331645 ;
30.900000 ;-22.385010 ;-17.332006 ;
31.000000 ;-22.390878 ;-17.332919 ;
31.100000 ;-22.393528 ;-17.333627 ;
31.200000 ;-22.390445 ;-17.333977 ;
31.300000 ;-22.392368 ;-17.334634 ;
31.400000 ;-22.401408 ;-17.335729 ;
31.500000 ;-22.402027 ;-17.336298 ;
31.600000 ;-22.393092 ;-17.336271 ;
31.700000 ;-22.390688 ;-17.336647 ;
31.800000 ;-22.412903 ;-17.338544 ;
31.900000 ;-22.422340 ;-17.339646 ;
32.000000 ;-22.401431 ;-17.338866 ;
32.100000 ;-22.378297 ;-17.337946 ;
32.200000 ;-22.402633 ;-17.339965 ;
32.300000 ;-22.420552 ;-17.341578 ;
32.400000 ;-22.400082 ;-17.340811 ;
32.500000 ;-22.389160 ;-17.340637 ;
32.600000 ;-22.406588 ;-17.342218 ;
32.700000 ;-22.406913 ;-17.342732 ;
32.800000 ;-22.403457 ;-17.343009 ;
32.900000 ;-22.410816 ;-17.343956 ;
33.000000 ;-22.411769 ;-17.344502 ;
33.100000 ;-22.409454 ;-17.344841 ;
33.200000 ;-22.415167 ;-17.345678 ;
33.300000 ;-22.418700 ;-17.346376 ;
33.400000 ;-22.414986 ;-17.346621 ;
33.500000 ;-22.412046 ;-17.346911 ;
33.600000 ;-22.424886 ;-17.348180 ;
33.700000 ;-22.434187 ;-17.349226 ;
33.800000 ;-22.424192 ;-17.349070 ;
33.900000 ;-22.406532 ;-17.348436 ;
34.000000 ;-22.414043 ;-17.349365 ;
34.100000 ;-22.425900 ;-17.350561 ;
34.200000 ;-22.420853 ;-17.350702 ;
34.300000 ;-22.419454 ;-17.351068 ;
34.400000 ;-22.426627 ;-17.351967 ;
34.500000 ;-22.426321 ;-17.352397 ;
34.600000 ;-22.424483 ;-17.352729 ;
34.700000 ;-22.430879 ;-17.353572 ;
34.800000 ;-22.433376 ;-17.354170 ;
34.900000 ;-22.428765 ;-17.354323 ;
35.000000 ;-22.427599 ;-17.354688 ;
35.100000 ;-22.441556 ;-17.355993 ;
35.200000 ;-22.447319 ;-17.356785 ;
35.300000 ;-22.434691 ;-17.356431 ;
35.400000 ;-22.420440 ;-17.355974 ;
35.500000 ;-22.439819 ;-17.357606 ;
35.600000 ;-22.461068 ;-17.359349 ;
35.700000 ;-22.444305 ;-17.358731 ;
35.800000 ;-22.414577 ;-17.357308 ;
35.900000 ;-22.433520 ;-17.358909 ;
36.000000 ;-22.447374 ;-17.360187 ;
36.100000 ;-22.434273 ;-17.359785 ;
36.200000 ;-22.435691 ;-17.360288 ;
36.300000 ;-22.444386 ;-17.361242 ;
36.400000 ;-22.442178 ;-17.361514 ;
36.500000 ;-22.443288 ;-17.361991 ;
36.600000 ;-22.448708 ;-17.362736 ;
36.700000 ;-22.447948 ;-17.363093 ;
36.800000 ;-22.445006 ;-17.363311 ;
36.900000 ;-22.452097 ;-17.364154 ;
37.000000 ;-22.458230 ;-17.364936 ;
37.100000 ;-22.453220 ;-17.365020 ;
37.200000 ;-22.444113 ;-17.364848 ;
37.300000 ;-22.454377 ;-17.365880 ;
37.400000 ;-22.475411 ;-17.367580 ;
37.500000 ;-22.469558 ;-17.367605 ;
37.600000 ;-22.441098 ;-17.366224 ;
37.700000 ;-22.439118 ;-17.366490 ;
37.800000 ;-22.469520 ;-17.368766 ;
37.900000 ;-22.467784 ;-17.369038 ;
38.000000 ;-22.441034 ;-17.367755 ;
38.100000 ;-22.451837 ;-17.368811 ;
38.200000 ;-22.461996 ;-17.369823 ;
38.300000 ;-22.455929 ;-17.369821 ;
38.400000 ;-22.459831 ;-17.370440 ;
38.500000 ;-22.464648 ;-17.371115 ;
38.600000 ;-22.462379 ;-17.371345 ;
38.700000 ;-22.463616 ;-17.371793 ;
38.800000 ;-22.469600 ;-17.372536 ;
38.900000 ;-22.469281 ;-17.372883 ;
39.000000 ;-22.463932 ;-17.372915 ;
39.100000 ;-22.467918 ;-17.373528 ;
39.200000 ;-22.482579 ;-17.374806 ;
39.300000 ;-22.482615 ;-17.375169 ;
39.400000 ;-22.465544 ;-17.374464 ;
39.500000 ;-22.456419 ;-17.374253 ;
39.600000 ;-22.472169 ;-17.375594 ;
39.700000 ;-22.475398 ;-17.376150 ;
39.800000 ;-22.467313 ;-17.375999 ;
39.900000 ;-22.470338 ;-17.376440 ;
40.000000 ;-22.471243 ;-17.376526 ;
40.100000 ;-22.481542 ;-17.378277 ;
40.200000 ;-22.524190 ;-17.386091 ;
40.300000 ;-22.606742 ;-17.403380 ;
40.400000 ;-22.706886 ;-17.429788 ;
40.500000 ;-22.846564 ;-17.467742 ;
40.600000 ;-23.003329 ;-17.515561 ;
40.700000 ;-23.165953 ;-17.571995 ;
40.800000 ;-23.340562 ;-17.637135 ;
40.900000 ;-23.518394 ;-17.709593 ;
41.000000 ;-23.691679 ;-17.787900 ;
41.100000 ;-23.863220 ;-17.871612 ;
41.200000 ;-24.045247 ;-17.961135 ;
41.300000 ;-24.225275 ;-18.054665 ;
41.400000 ;-24.384241 ;-18.149920 ;
41.500000 ;-24.525427 ;-18.246532 ;
41.600000 ;-24.674752 ;-18.346069 ;
41.700000 ;-24.842461 ;-18.448863 ;
41.800000 ;-24.990694 ;-18.551293 ;
41.900000 ;-25.123532 ;-18.653212 ;
42.000000 ;-25.266280 ;-18.756250 ;
42.100000 ;-25.400270 ;-18.858479 ;
42.200000 ;-25.523114 ;-18.959325 ;
42.300000 ;-25.647743 ;-19.059531 ;
42.400000 ;-25.769242 ;-19.158365 ;
42.500000 ;-25.878097 ;-19.254720 ;
42.600000 ;-25.978585 ;-19.348691 ;
42.700000 ;-26.088513 ;-19.441572 ;
42.800000 ;-26.201980 ;-19.532633 ;
42.900000 ;-26.290406 ;-19.619145 ;
43.000000 ;-26.354862 ;-19.701017 ;
43.100000 ;-26.428626 ;-19.781027 ;
43.200000 ;-26.525851 ;-19.860296 ;
43.300000 ;-26.601832 ;-19.934716 ;
43.400000 ;-26.661742 ;-20.004647 ;
43.500000 ;-26.734081 ;-20.072587 ;
43.600000 ;-26.797737 ;-20.136567 ;
43.700000 ;-26.850208 ;-20.196324 ;
43.800000 ;-26.906145 ;-20.253181 ;
43.900000 ;-26.959874 ;-20.306625 ;
44.000000 ;-27.001297 ;-20.355754 ;
44.100000 ;-27.035726 ;-20.401098 ;
44.200000 ;-27.082020 ;-20.444453 ;
44.300000 ;-27.130238 ;-20.484976 ;
44.400000 ;-27.155015 ;-20.520390 ;
44.500000 ;-27.160745 ;-20.551199 ;
44.600000 ;-27.182895 ;-20.580816 ;
44.700000 ;-27.239236 ;-20.611029 ;
44.800000 ;-27.264078 ;-20.635786 ;
44.900000 ;-27.244146 ;-20.653956 ;
45.000000 ;-27.243233 ;-20.671675 ;
45.100000 ;-27.285399 ;-20.691341 ;
45.200000 ;-27.296961 ;-20.706130 ;
45.300000 ;-27.287870 ;-20.717108 ;
45.400000 ;-27.305847 ;-20.728914 ;
45.500000 ;-27.315703 ;-20.738345 ;
45.600000 ;-27.314441 ;-20.745237 ;
45.700000 ;-27.321537 ;-20.751554 ;
45.800000 ;-27.326543 ;-20.756419 ;
45.900000 ;-27.322920 ;-20.759325 ;
46.000000 ;-27.320170 ;-20.761274 ;
46.100000 ;-27.328325 ;-20.763318 ;
46.200000 ;-27.329352 ;-20.763843 ;
46.300000 ;-27.316388 ;-20.762290 ;
46.400000 ;-27.302544 ;-20.759984 ;
46.500000 ;-27.316429 ;-20.759714 ;
46.600000 ;-27.332416 ;-20.759128 ;
46.700000 ;-27.312391 ;-20.754686 ;
46.800000 ;-27.270640 ;-20.747804 ;
46.900000 ;-27.270610 ;-20.744546 ;
47.000000 ;-27.297801 ;-20.743595 ;
47.100000 ;-27.282428 ;-20.738404 ;
47.200000 ;-27.243845 ;-20.730846 ;
47.300000 ;-27.252385 ;-20.727610 ;
47.400000 ;-27.254335 ;-20.723658 ;
47.500000 ;-27.238478 ;-20.717966 ;
47.600000 ;-27.235623 ;-20.713476 ;
47.700000 ;-27.232382 ;-20.708950 ;
47.800000 ;-27.220912 ;-20.703673 ;
47.900000 ;-27.213857 ;-20.698862 ;
48.000000 ;-27.212372 ;-20.694643 ;
48.100000 ;-27.203465 ;-20.689810 ;
48.200000 ;-27.188272 ;-20.684483 ;
48.300000 ;-27.183088 ;-20.680212 ;
48.400000 ;-27.192601 ;-20.677448 ;
48.500000 ;-27.186201 ;-20.673318 ;
48.600000 ;-27.158031 ;-20.667279 ;
48.700000 ;-27.134354 ;-20.661808 ;
48.800000 ;-27.143861 ;-20.659609 ;
48.900000 ;-27.142613 ;-20.656551 ;
49.000000 ;-27.124718 ;-20.652086 ;
49.100000 ;-27.121271 ;-20.649135 ;
49.200000 ;-27.119102 ;-20.646461 ;
49.300000 ;-27.108161 ;-20.643121 ;
49.400000 ;-27.101025 ;-20.640293 ;
49.500000 ;-27.100406 ;-20.638232 ;
49.600000 ;-27.092653 ;-20.635654 ;
49.700000 ;-27.078464 ;-20.632621 ;
49.800000 ;-27.074010 ;-20.630648 ;
49.900000 ;-27.083463 ;-20.630122 ;
50.000000 ;-27.077715 ;-20.628310 ;
50.100000 ;-27.051789 ;-20.624742 ;
50.200000 ;-27.031566 ;-20.621839 ;
50.300000 ;-27.054213 ;-20.623079 ;
50.400000 ;-27.066814 ;-20.623502 ;
50.500000 ;-27.032925 ;-20.619690 ;
50.600000 ;-26.993527 ;-20.615474 ;
50.700000 ;-27.014329 ;-20.617000 ;
50.800000 ;-27.020492 ;-20.617260 ;
50.900000 ;-26.996481 ;-20.614796 ;
51.000000 ;-26.994415 ;-20.614478 ;
51.100000 ;-26.997166 ;-20.614700 ;
51.200000 ;-26.987494 ;-20.613844 ;
51.300000 ;-26.983274 ;-20.613579 ;
51.400000 ;-26.982965 ;-20.613755 ;
51.500000 ;-26.975429 ;-20.613326 ;
51.600000 ;-26.966055 ;-20.612793 ;
51.700000 ;-26.968629 ;-20.613441 ;
51.800000 ;-26.969623 ;-20.614000 ;
51.900000 ;-26.957702 ;-20.613406 ;
52.000000 ;-26.941033 ;-20.612420 ;
52.100000 ;-26.946755 ;-20.613576 ;
52.200000 ;-26.967030 ;-20.616138 ;
52.300000 ;-26.956352 ;-20.615846 ;
52.400000 ;-26.916858 ;-20.612897 ;
52.500000 ;-26.903336 ;-20.612410 ;
52.600000 ;-26.935626 ;-20.616237 ;
52.700000 ;-26.933720 ;-20.616899 ;
52.800000 ;-26.895813 ;-20.614223 ;
52.900000 ;-26.897548 ;-20.615273 ;
53.000000 ;-26.907728 ;-20.617132 ;
53.100000 ;-26.897092 ;-20.617063 ;
53.200000 ;-26.894145 ;-20.617729 ;
53.300000 ;-26.896169 ;-20.618872 ;
53.400000 ;-26.889756 ;-20.619238 ;
53.500000 ;-26.884668 ;-20.619738 ;
53.600000 ;-26.887293 ;-20.620966 ;
53.700000 ;-26.884076 ;-20.621654 ;
53.800000 ;-26.873666 ;-20.621674 ;
53.900000 ;-26.869618 ;-20.622291 ;
54.000000 ;-26.882773 ;-20.624518 ;
54.100000 ;-26.884041 ;-20.625634 ;
54.200000 ;-26.863049 ;-20.624666 ;
54.300000 ;-26.840707 ;-20.623569 ;
54.400000 ;-26.851425 ;-20.625559 ;
54.500000 ;-26.857420 ;-20.627103 ;
54.600000 ;-26.844879 ;-20.626908 ;
54.700000 ;-26.842906 ;-20.627693 ;
54.800000 ;-26.846129 ;-20.628957 ;
54.900000 ;-26.840359 ;-20.629370 ;
55.000000 ;-26.835766 ;-20.629885 ;
55.100000 ;-26.839522 ;-20.631169 ;
55.200000 ;-26.837256 ;-20.631880 ;
55.300000 ;-26.827450 ;-20.631874 ;
55.400000 ;-26.824298 ;-20.632478 ;
55.500000 ;-26.837667 ;-20.634615 ;
55.600000 ;-26.838815 ;-20.635596 ;
55.700000 ;-26.818741 ;-20.634579 ;
55.800000 ;-26.799436 ;-20.633620 ;
55.900000 ;-26.821356 ;-20.636502 ;
56.000000 ;-26.841788 ;-20.639231 ;
56.100000 ;-26.816665 ;-20.637688 ;
56.200000 ;-26.778020 ;-20.634866 ;
56.300000 ;-26.797972 ;-20.637504 ;
56.400000 ;-26.811052 ;-20.639485 ;
56.500000 ;-26.792249 ;-20.638471 ;
56.600000 ;-26.790314 ;-20.639018 ;
56.700000 ;-26.797567 ;-20.640408 ;
56.800000 ;-26.792066 ;-20.640589 ;
56.900000 ;-26.789827 ;-20.641060 ;
57.000000 ;-26.793229 ;-20.642043 ;
57.100000 ;-26.789657 ;-20.642357 ;
57.200000 ;-26.782908 ;-20.642358 ;
57.300000 ;-26.787482 ;-20.643403 ;
57.400000 ;-26.792559 ;-20.644480 ;
57.500000 ;-26.784885 ;-20.644348 ;
57.600000 ;-26.770719 ;-20.643594 ;
57.700000 ;-26.775984 ;-20.644641 ;
57.800000 ;-26.799978 ;-20.647425 ;
57.900000 ;-26.795615 ;-20.647543 ;
58.000000 ;-26.760346 ;-20.644756 ;
58.100000 ;-26.744485 ;-20.643767 ;
58.200000 ;-26.778692 ;-20.647444 ;
58.300000 ;-26.783237 ;-20.648336 ;
58.400000 ;-26.749215 ;-20.645610 ;
58.500000 ;-26.749506 ;-20.646075 ;
58.600000 ;-26.763350 ;-20.647791 ;
58.700000 ;-26.756187 ;-20.647529 ;
58.800000 ;-26.754190 ;-20.647737 ;
58.900000 ;-26.759022 ;-20.648569 ;
59.000000 ;-26.755438 ;-20.648600 ;
59.100000 ;-26.751795 ;-20.648612 ;
59.200000 ;-26.756641 ;-20.649406 ;
59.300000 ;-26.756328 ;-20.649703 ;
59.400000 ;-26.748290 ;-20.649266 ;
59.500000 ;-26.744891 ;-20.649250 ;
59.600000 ;-26.759673 ;-20.650922 ;
59.700000 ;-26.764669 ;-20.651666 ;
59.800000 ;-26.747031 ;-20.650282 ;
59.900000 ;-26.725363 ;-20.648509 ;
60.000000 ;-26.736134 ;-20.649758 ;
60.100000 ;-26.745376 ;-20.650852 ;
60.200000 ;-26.735405 ;-20.650139 ;
60.300000 ;-26.733789 ;-20.650197 ;
60.400000 ;-26.739239 ;-20.650904 ;
60.500000 ;-26.735728 ;-20.650762 ;
60.600000 ;-26.732110 ;-20.650600 ;
60.700000 ;-26.737471 ;-20.651268 ;
60.800000 ;-26.737458 ;-20.651422 ;
60.900000 ;-26.729511 ;-20.650825 ;
61.000000 ;-26.726742 ;-20.650702 ;
61.100000 ;-26.741298 ;-20.652191 ;
61.200000 ;-26.745298 ;-20.652683 ;
61.300000 ;-26.727819 ;-20.651157 ;
61.400000 ;-26.708804 ;-20.649478 ;
61.500000 ;-26.729532 ;-20.651506 ;
61.600000 ;-26.753317 ;-20.653813 ;
61.700000 ;-26.732318 ;-20.651926 ;
61.800000 ;-26.693709 ;-20.648384 ;
61.900000 ;-26.712013 ;-20.650152 ;
62.000000 ;-26.728356 ;-20.651730 ;
62.100000 ;-26.711955 ;-20.650240 ;
62.200000 ;-26.709095 ;-20.650007 ;
62.300000 ;-26.718212 ;-20.650886 ;
62.400000 ;-26.714491 ;-20.650558 ;
62.500000 ;-26.712602 ;-20.650393 ;
62.600000 ;-26.717345 ;-20.650842 ;
62.700000 ;-26.715372 ;-20.650655 ;
62.800000 ;-26.709517 ;-20.650099 ;
62.900000 ;-26.714387 ;-20.650539 ;
63.000000 ;-26.721024 ;-20.651139 ;
63.100000 ;-26.715186 ;-20.650565 ;
63.200000 ;-26.701935 ;-20.649293 ;
63.300000 ;-26.706144 ;-20.649647 ;
63.400000 ;-26.731413 ;-20.651964 ;
63.500000 ;-26.730227 ;-20.651804 ;
63.600000 ;-26.696999 ;-20.648642 ;
63.700000 ;-26.678751 ;-20.646874 ;
63.800000 ;-26.713152 ;-20.650022 ;
63.900000 ;-26.721368 ;-20.650719 ;
64.000000 ;-26.689144 ;-20.647634 ;
64.100000 ;-26.687031 ;-20.647356 ;
64.200000 ;-26.702720 ;-20.648736 ;
64.300000 ;-26.697284 ;-20.648136 ;
64.400000 ;-26.694914 ;-20.647819 ;
64.500000 ;-26.700863 ;-20.648274 ;
64.600000 ;-26.698505 ;-20.647948 ;
64.700000 ;-26.695053 ;-20.647516 ;
64.800000 ;-26.700520 ;-20.647914 ;
64.900000 ;-26.701450 ;-20.647883 ;
65.000000 ;-26.694388 ;-20.647102 ;
65.100000 ;-26.690751 ;-20.646636 ;
65.200000 ;-26.705641 ;-20.647899 ;
65.300000 ;-26.712499 ;-20.648409 ;
65.400000 ;-26.696688 ;-20.646795 ;
65.500000 ;-26.674920 ;-20.644620 ;
65.600000 ;-26.684616 ;-20.645383 ;
65.700000 ;-26.695518 ;-20.646257 ;
65.800000 ;-26.686866 ;-20.645299 ;
65.900000 ;-26.684593 ;-20.644935 ;
66.000000 ;-26.690977 ;-20.645377 ;
66.100000 ;-26.688516 ;-20.644989 ;
66.200000 ;-26.684853 ;-20.644485 ;
66.300000 ;-26.690655 ;-20.644864 ;
66.400000 ;-26.691735 ;-20.644799 ;
66.500000 ;-26.684573 ;-20.643960 ;
66.600000 ;-26.681295 ;-20.643483 ;
66.700000 ;-26.695920 ;-20.644676 ;
66.800000 ;-26.701658 ;-20.645037 ;
66.900000 ;-26.685739 ;-20.643370 ;
67.000000 ;-26.666219 ;-20.641365 ;
67.100000 ;-26.684785 ;-20.642917 ;
67.200000 ;-26.710745 ;-20.645158 ;
67.300000 ;-26.692909 ;-20.643307 ;
67.400000 ;-26.653857 ;-20.639471 ;
67.500000 ;-26.669457 ;-20.640737 ;
67.600000 ;-26.687998 ;-20.642277 ;
67.700000 ;-26.673310 ;-20.640711 ;
67.800000 ;-26.668758 ;-20.640090 ;
67.900000 ;-26.678837 ;-20.640834 ;
68.000000 ;-26.676141 ;-20.640382 ;
68.100000 ;-26.673850 ;-20.639966 ;
68.200000 ;-26.679128 ;-20.640256 ;
68.300000 ;-26.678020 ;-20.639947 ;
68.400000 ;-26.672381 ;-20.639214 ;
68.500000 ;-26.676776 ;-20.639417 ;
68.600000 ;-26.684266 ;-20.639908 ;
68.700000 ;-26.679618 ;-20.639263 ;
68.800000 ;-26.666647 ;-20.637839 ;
68.900000 ;-26.669067 ;-20.637852 ;
69.000000 ;-26.694843 ;-20.640047 ;
69.100000 ;-26.696332 ;-20.639972 ;
69.200000 ;-26.664689 ;-20.636800 ;
69.300000 ;-26.643553 ;-20.634608 ;
69.400000 ;-26.677027 ;-20.637516 ;
69.500000 ;-26.688449 ;-20.638365 ;
69.600000 ;-26.657826 ;-20.635288 ;
69.700000 ;-26.652497 ;-20.634571 ;
69.800000 ;-26.669418 ;-20.635930 ;
69.900000 ;-26.665333 ;-20.635326 ;
70.000000 ;-26.662020 ;-20.634793 ;
70.100000 ;-26.668544 ;-20.635178 ;
70.200000 ;-26.666969 ;-20.634805 ;
70.300000 ;-26.663234 ;-20.634230 ;
70.400000 ;-26.668772 ;-20.634521 ;
70.500000 ;-26.670521 ;-20.634457 ;
70.600000 ;-26.664035 ;-20.633623 ;
70.700000 ;-26.659725 ;-20.632992 ;
70.800000 ;-26.674079 ;-20.634104 ;
70.900000 ;-26.682495 ;-20.634661 ;
71.000000 ;-26.668261 ;-20.633101 ;
71.100000 ;-26.645998 ;-20.630791 ;
71.200000 ;-26.653832 ;-20.631291 ;
71.300000 ;-26.666101 ;-20.632206 ;
71.400000 ;-26.658593 ;-20.631274 ;
71.500000 ;-26.655122 ;-20.630718 ;
71.600000 ;-26.662058 ;-20.631134 ;
71.700000 ;-26.660384 ;-20.630745 ;
71.800000 ;-26.656339 ;-20.630134 ;
71.900000 ;-26.662128 ;-20.630441 ;
72.000000 ;-26.664008 ;-20.630384 ;
72.100000 ;-26.657391 ;-20.629532 ;
72.200000 ;-26.653301 ;-20.628916 ;
72.300000 ;-26.667449 ;-20.630004 ;
72.400000 ;-26.674716 ;-20.630449 ;
72.500000 ;-26.660254 ;-20.628864 ;
72.600000 ;-26.639985 ;-20.626735 ;
72.700000 ;-26.655600 ;-20.627959 ;
72.800000 ;-26.683559 ;-20.630336 ;
72.900000 ;-26.669069 ;-20.628751 ;
73.000000 ;-26.629444 ;-20.624818 ;
73.100000 ;-26.641245 ;-20.625685 ;
73.200000 ;-26.661961 ;-20.627384 ;
73.300000 ;-26.649128 ;-20.625952 ;
73.400000 ;-26.642250 ;-20.625076 ;
73.500000 ;-26.653078 ;-20.625853 ;
73.600000 ;-26.651341 ;-20.625455 ;
73.700000 ;-26.648339 ;-20.624940 ;
73.800000 ;-26.653877 ;-20.625222 ;
73.900000 ;-26.653491 ;-20.624951 ;
74.000000 ;-26.647923 ;-20.624195 ;
74.100000 ;-26.651469 ;-20.624292 ;
74.200000 ;-26.659586 ;-20.624815 ;
74.300000 ;-26.656060 ;-20.624251 ;
74.400000 ;-26.643285 ;-20.622823 ;
74.500000 ;-26.643516 ;-20.622610 ;
74.600000 ;-26.669377 ;-20.624791 ;
74.700000 ;-26.673672 ;-20.624959 ;
74.800000 ;-26.643781 ;-20.621935 ;
74.900000 ;-26.619455 ;-20.619430 ;
75.000000 ;-26.651071 ;-20.622148 ;
75.100000 ;-26.665979 ;-20.623307 ;
75.200000 ;-26.637273 ;-20.620398 ;
75.300000 ;-26.627813 ;-20.619284 ;
75.400000 ;-26.645882 ;-20.620738 ;
75.500000 ;-26.643301 ;-20.620265 ;
75.600000 ;-26.638718 ;-20.619606 ;
75.700000 ;-26.645646 ;-20.620020 ;
75.800000 ;-26.644827 ;-20.619712 ;
75.900000 ;-26.640713 ;-20.619096 ;
76.000000 ;-26.646014 ;-20.619360 ;
76.100000 ;-26.648499 ;-20.619361 ;
76.200000 ;-26.642568 ;-20.618576 ;
76.300000 ;-26.637493 ;-20.617871 ;
76.400000 ;-26.650856 ;-20.618889 ;
76.500000 ;-26.660800 ;-20.619588 ;
76.600000 ;-26.648297 ;-20.618192 ;
76.700000 ;-26.625551 ;-20.615838 ;
76.800000 ;-26.630870 ;-20.616106 ;
76.900000 ;-26.644462 ;-20.617146 ;
77.000000 ;-26.638271 ;-20.616341 ;
77.100000 ;-26.633284 ;-20.615648 ;
77.200000 ;-26.640635 ;-20.616107 ;
77.300000 ;-26.639768 ;-20.615799 ;
77.400000 ;-26.635291 ;-20.615154 ;
77.500000 ;-26.640782 ;-20.615441 ;
77.600000 ;-26.643428 ;-20.615462 ;
77.700000 ;-26.637376 ;-20.614672 ;
77.800000 ;-26.632406 ;-20.613983 ;
77.900000 ;-26.645643 ;-20.614994 ;
78.000000 ;-26.654478 ;-20.615595 ;
78.100000 ;-26.641665 ;-20.614175 ;
78.200000 ;-26.620662 ;-20.611991 ;
78.300000 ;-26.632593 ;-20.612881 ;
78.400000 ;-26.662445 ;-20.615445 ;
78.500000 ;-26.651810 ;-20.614233 ;
78.600000 ;-26.611919 ;-20.610291 ;
78.700000 ;-26.618831 ;-20.610715 ;
78.800000 ;-26.641764 ;-20.612633 ;
78.900000 ;-26.631219 ;-20.611430 ;
79.000000 ;-26.621579 ;-20.610312 ;
79.100000 ;-26.633053 ;-20.611163 ;
79.200000 ;-26.632399 ;-20.610883 ;
79.300000 ;-26.628560 ;-20.610305 ;
79.400000 ;-26.634211 ;-20.610614 ;
79.500000 ;-26.634570 ;-20.610429 ;
79.600000 ;-26.629099 ;-20.609701 ;
79.700000 ;-26.630183 ;-20.609584 ;
79.800000 ;-26.633180 ;-20.609647 ;
79.900000 ;-26.630945 ;-20.609222 ;
80.000000 ;-26.628432 ;-20.608771 ;
