0.000000 ;-27.500000 ;-20.600000 ;
0.100000 ;-28.123836 ;-20.529902 ;
0.200000 ;-28.525853 ;-20.480888 ;
0.300000 ;-28.791423 ;-20.450041 ;
0.400000 ;-28.996673 ;-20.436105 ;
0.500000 ;-29.147489 ;-20.433477 ;
0.600000 ;-29.268603 ;-20.439673 ;
0.700000 ;-29.363662 ;-20.451615 ;
0.800000 ;-29.434775 ;-20.467004 ;
0.900000 ;-29.496201 ;-20.485024 ;
1.000000 ;-29.548875 ;-20.504362 ;
1.100000 ;-29.585071 ;-20.523539 ;
1.200000 ;-29.608419 ;-20.542141 ;
1.300000 ;-29.635402 ;-20.560937 ;
1.400000 ;-29.680037 ;-20.580862 ;
1.500000 ;-29.703693 ;-20.598231 ;
1.600000 ;-29.691675 ;-20.611561 ;
1.700000 ;-29.668519 ;-20.623025 ;
1.800000 ;-29.688551 ;-20.637587 ;
1.900000 ;-29.713652 ;-20.651689 ;
2.000000 ;-29.712582 ;-20.662424 ;
2.100000 ;-29.718366 ;-20.672949 ;
2.200000 ;-29.727767 ;-20.682995 ;
2.300000 ;-29.728802 ;-20.691472 ;
2.400000 ;-29.732403 ;-20.699465 ;
2.500000 ;-29.739331 ;-20.707095 ;
2.600000 ;-29.739636 ;-20.713466 ;
2.700000 ;-29.735070 ;-20.718793 ;
2.800000 ;-29.740404 ;-20.724526 ;
2.900000 ;-29.759539 ;-20.731082 ;
3.000000 ;-29.761842 ;-20.735582 ;
3.100000 ;-29.740580 ;-20.737424 ;
3.200000 ;-29.719275 ;-20.738885 ;
3.300000 ;-29.735000 ;-20.743529 ;
3.400000 ;-29.746204 ;-20.747429 ;
3.500000 ;-29.736830 ;-20.749083 ;
3.600000 ;-29.738728 ;-20.751552 ;
3.700000 ;-29.744500 ;-20.754154 ;
3.800000 ;-29.741526 ;-20.755709 ;
3.900000 ;-29.741225 ;-20.757325 ;
4.000000 ;-29.747454 ;-20.759389 ;
4.100000 ;-29.746818 ;-20.760641 ;
4.200000 ;-29.739371 ;-20.761099 ;
4.300000 ;-29.740511 ;-20.762248 ;
4.400000 ;-29.759257 ;-20.764962 ;
4.500000 ;-29.762816 ;-20.766122 ;
4.600000 ;-29.741525 ;-20.764819 ;
4.700000 ;-29.719771 ;-20.763387 ;
4.800000 ;-29.735654 ;-20.765470 ;
4.900000 ;-29.745584 ;-20.766920 ;
5.000000 ;-29.735028 ;-20.766356 ;
5.100000 ;-29.736819 ;-20.766918 ;
5.200000 ;-29.742790 ;-20.767832 ;
5.300000 ;-29.739311 ;-20.767802 ;
5.400000 ;-29.738324 ;-20.767974 ;
5.500000 ;-29.744923 ;-20.768839 ;
5.600000 ;-29.744455 ;-20.769001 ;
5.700000 ;-29.736600 ;-20.768434 ;
5.800000 ;-29.737464 ;-20.768679 ;
5.900000 ;-29.755415 ;-20.770536 ;
6.000000 ;-29.758213 ;-20.770933 ;
6.100000 ;-29.737383 ;-20.769062 ;
6.200000 ;-29.718432 ;-20.767359 ;
6.300000 ;-29.735310 ;-20.769066 ;
6.400000 ;-29.743252 ;-20.769913 ;
6.500000 ;-29.731889 ;-20.768914 ;
6.600000 ;-29.734524 ;-20.769245 ;
6.700000 ;-29.740639 ;-20.769905 ;
6.800000 ;-29.736696 ;-20.769603 ;
6.900000 ;-29.735429 ;-20.769555 ;
7.000000 ;-29.742625 ;-20.770314 ;
7.100000 ;-29.742335 ;-20.770359 ;
7.200000 ;-29.734025 ;-20.769639 ;
7.300000 ;-29.734817 ;-20.769789 ;
7.400000 ;-29.752540 ;-20.771556 ;
7.500000 ;-29.754754 ;-20.771846 ;
7.600000 ;-29.733985 ;-20.769945 ;
7.700000 ;-29.717426 ;-20.768447 ;
7.800000 ;-29.747306 ;-20.771382 ;
7.900000 ;-29.768598 ;-20.773502 ;
8.000000 ;-29.739733 ;-20.770843 ;
8.100000 ;-29.703435 ;-20.767478 ;
8.200000 ;-29.731569 ;-20.770257 ;
8.300000 ;-29.744567 ;-20.771596 ;
8.400000 ;-29.724842 ;-20.769819 ;
8.500000 ;-29.728399 ;-20.770264 ;
8.600000 ;-29.737498 ;-20.771240 ;
8.700000 ;-29.732746 ;-20.770897 ;
8.800000 ;-29.733657 ;-20.771097 ;
8.900000 ;-29.739305 ;-20.771752 ;
9.000000 ;-29.736777 ;-20.771629 ;
9.100000 ;-29.731717 ;-20.771266 ;
9.200000 ;-29.739928 ;-20.772172 ;
9.300000 ;-29.746841 ;-20.772957 ;
9.400000 ;-29.739148 ;-20.772349 ;
9.500000 ;-29.725665 ;-20.771191 ;
9.600000 ;-29.729271 ;-20.771666 ;
9.700000 ;-29.732961 ;-20.772150 ;
9.800000 ;-29.734482 ;-20.772407 ;
9.900000 ;-29.743653 ;-20.779322 ;
10.000000 ;-29.765159 ;-20.811759 ;
10.100000 ;-29.766223 ;-20.855509 ;
10.200000 ;-29.753431 ;-20.899333 ;
10.300000 ;-29.690263 ;-20.931015 ;
10.400000 ;-29.599424 ;-20.947873 ;
10.500000 ;-29.487399 ;-20.948096 ;
10.600000 ;-29.356928 ;-20.930709 ;
10.700000 ;-29.213721 ;-20.897082 ;
10.800000 ;-29.059344 ;-20.848902 ;
10.900000 ;-28.898477 ;-20.787642 ;
11.000000 ;-28.741923 ;-20.714922 ;
11.100000 ;-28.602293 ;-20.633574 ;
11.200000 ;-28.452523 ;-20.543494 ;
11.300000 ;-28.279532 ;-20.445302 ;
11.400000 ;-28.092037 ;-20.341043 ;
11.500000 ;-27.920547 ;-20.234180 ;
11.600000 ;-27.798231 ;-20.128221 ;
11.700000 ;-27.671629 ;-20.020148 ;
11.800000 ;-27.532587 ;-19.910255 ;
11.900000 ;-27.410693 ;-19.801753 ;
12.000000 ;-27.290855 ;-19.694045 ;
12.100000 ;-27.173605 ;-19.587726 ;
12.200000 ;-27.066607 ;-19.483864 ;
12.300000 ;-26.963201 ;-19.382306 ;
12.400000 ;-26.860214 ;-19.283112 ;
12.500000 ;-26.762637 ;-19.186908 ;
12.600000 ;-26.686033 ;-19.095033 ;
12.700000 ;-26.616741 ;-19.006591 ;
12.800000 ;-26.529997 ;-18.919860 ;
12.900000 ;-26.427085 ;-18.834996 ;
13.000000 ;-26.335623 ;-18.754049 ;
13.100000 ;-26.286264 ;-18.679248 ;
13.200000 ;-26.230388 ;-18.607017 ;
13.300000 ;-26.161524 ;-18.536869 ;
13.400000 ;-26.108824 ;-18.470835 ;
13.500000 ;-26.056669 ;-18.407737 ;
13.600000 ;-26.002581 ;-18.347329 ;
13.700000 ;-25.956765 ;-18.290242 ;
13.800000 ;-25.913451 ;-18.235987 ;
13.900000 ;-25.866583 ;-18.184063 ;
14.000000 ;-25.820538 ;-18.134678 ;
14.100000 ;-25.790893 ;-18.088784 ;
14.200000 ;-25.769249 ;-18.045715 ;
14.300000 ;-25.729367 ;-18.003634 ;
14.400000 ;-25.671942 ;-17.962499 ;
14.500000 ;-25.625934 ;-17.924142 ;
14.600000 ;-25.614773 ;-17.890023 ;
14.700000 ;-25.591551 ;-17.856942 ;
14.800000 ;-25.556222 ;-17.824816 ;
14.900000 ;-25.536786 ;-17.795407 ;
15.000000 ;-25.515242 ;-17.767451 ;
15.100000 ;-25.489514 ;-17.740736 ;
15.200000 ;-25.471350 ;-17.715952 ;
15.300000 ;-25.454632 ;-17.692628 ;
15.400000 ;-25.432160 ;-17.670233 ;
15.500000 ;-25.408857 ;-17.649017 ;
15.600000 ;-25.401144 ;-17.629970 ;
15.700000 ;-25.398885 ;-17.612377 ;
15.800000 ;-25.377405 ;-17.594612 ;
15.900000 ;-25.339902 ;-17.576826 ;
16.000000 ;-25.318535 ;-17.561012 ;
16.100000 ;-25.323139 ;-17.547739 ;
16.200000 ;-25.311782 ;-17.534296 ;
16.300000 ;-25.291811 ;-17.521107 ;
16.400000 ;-25.287777 ;-17.509685 ;
16.500000 ;-25.279043 ;-17.498681 ;
16.600000 ;-25.265564 ;-17.488052 ;
16.700000 ;-25.260305 ;-17.478581 ;
16.800000 ;-25.255228 ;-17.469724 ;
16.900000 ;-25.243047 ;-17.460992 ;
17.000000 ;-25.230083 ;-17.452748 ;
17.100000 ;-25.233554 ;-17.446042 ;
17.200000 ;-25.238797 ;-17.439925 ;
17.300000 ;-25.223789 ;-17.432997 ;
17.400000 ;-25.195673 ;-17.425679 ;
17.500000 ;-25.189763 ;-17.420151 ;
17.600000 ;-25.199818 ;-17.415997 ;
17.700000 ;-25.191834 ;-17.411075 ;
17.800000 ;-25.180666 ;-17.406293 ;
17.900000 ;-25.183715 ;-17.402716 ;
18.000000 ;-25.180015 ;-17.399017 ;
18.100000 ;-25.172203 ;-17.395345 ;
18.200000 ;-25.173668 ;-17.392515 ;
18.300000 ;-25.173518 ;-17.389836 ;
18.400000 ;-25.165429 ;-17.386898 ;
18.500000 ;-25.157913 ;-17.384217 ;
18.600000 ;-25.167891 ;-17.382830 ;
18.700000 ;-25.174927 ;-17.381455 ;
18.800000 ;-25.161108 ;-17.378973 ;
18.900000 ;-25.138620 ;-17.376128 ;
19.000000 ;-25.147540 ;-17.375390 ;
19.100000 ;-25.176398 ;-17.376030 ;
19.200000 ;-25.165298 ;-17.374348 ;
19.300000 ;-25.124272 ;-17.370958 ;
19.400000 ;-25.129931 ;-17.370579 ;
19.500000 ;-25.151502 ;-17.371296 ;
19.600000 ;-25.140093 ;-17.370082 ;
19.700000 ;-25.131888 ;-17.369173 ;
19.800000 ;-25.141954 ;-17.369494 ;
19.900000 ;-25.140237 ;-17.369174 ;
20.000000 ;-25.137651 ;-17.368886 ;
20.100000 ;-25.142659 ;-17.369148 ;
20.200000 ;-25.141986 ;-17.369132 ;
20.300000 ;-25.137057 ;-17.368921 ;
20.400000 ;-25.141535 ;-17.369358 ;
20.500000 ;-25.148972 ;-17.370037 ;
20.600000 ;-25.144917 ;-17.370062 ;
20.700000 ;-25.133228 ;-17.369666 ;
20.800000 ;-25.136985 ;-17.370274 ;
20.900000 ;-25.162785 ;-17.372286 ;
21.000000 ;-25.163822 ;-17.372811 ;
21.100000 ;-25.132902 ;-17.371406 ;
21.200000 ;-25.115152 ;-17.370852 ;
21.300000 ;-25.149863 ;-17.373564 ;
21.400000 ;-25.159372 ;-17.374747 ;
21.500000 ;-25.129130 ;-17.373509 ;
21.600000 ;-25.129442 ;-17.374188 ;
21.700000 ;-25.145426 ;-17.375856 ;
21.800000 ;-25.141128 ;-17.376289 ;
21.900000 ;-25.141652 ;-17.377043 ;
22.000000 ;-25.148275 ;-17.378192 ;
22.100000 ;-25.146944 ;-17.378864 ;
22.200000 ;-25.146333 ;-17.379596 ;
22.300000 ;-25.153121 ;-17.380800 ;
22.400000 ;-25.154440 ;-17.381677 ;
22.500000 ;-25.148942 ;-17.382143 ;
22.600000 ;-25.149737 ;-17.383008 ;
22.700000 ;-25.166582 ;-17.384874 ;
22.800000 ;-25.171266 ;-17.385995 ;
22.900000 ;-25.154767 ;-17.385812 ;
23.000000 ;-25.138732 ;-17.385664 ;
23.100000 ;-25.154313 ;-17.387478 ;
23.200000 ;-25.162663 ;-17.388846 ;
23.300000 ;-25.154287 ;-17.389181 ;
23.400000 ;-25.158307 ;-17.390288 ;
23.500000 ;-25.164486 ;-17.391530 ;
23.600000 ;-25.162253 ;-17.392252 ;
23.700000 ;-25.163420 ;-17.393185 ;
23.800000 ;-25.170637 ;-17.394494 ;
23.900000 ;-25.170888 ;-17.395370 ;
24.000000 ;-25.165213 ;-17.395877 ;
24.100000 ;-25.169697 ;-17.397013 ;
24.200000 ;-25.185944 ;-17.398876 ;
24.300000 ;-25.186306 ;-17.399753 ;
24.400000 ;-25.168304 ;-17.399490 ;
24.500000 ;-25.159822 ;-17.399815 ;
24.600000 ;-25.191260 ;-17.402604 ;
24.700000 ;-25.204797 ;-17.404281 ;
24.800000 ;-25.175091 ;-17.403285 ;
24.900000 ;-25.152958 ;-17.402757 ;
25.000000 ;-25.182615 ;-17.405428 ;
25.100000 ;-25.188573 ;-17.406622 ;
25.200000 ;-25.172180 ;-17.406428 ;
25.300000 ;-25.182439 ;-17.407886 ;
25.400000 ;-25.188736 ;-17.409092 ;
25.500000 ;-25.185166 ;-17.409680 ;
25.600000 ;-25.190420 ;-17.410813 ;
25.700000 ;-25.195024 ;-17.411900 ;
25.800000 ;-25.192581 ;-17.412544 ;
25.900000 ;-25.192490 ;-17.413329 ;
26.000000 ;-25.202868 ;-17.414760 ;
26.100000 ;-25.206306 ;-17.415755 ;
26.200000 ;-25.197764 ;-17.416000 ;
26.300000 ;-25.191510 ;-17.416382 ;
26.400000 ;-25.213278 ;-17.418497 ;
26.500000 ;-25.230283 ;-17.420310 ;
26.600000 ;-25.212477 ;-17.419961 ;
26.700000 ;-25.181736 ;-17.418807 ;
26.800000 ;-25.199980 ;-17.420686 ;
26.900000 ;-25.227983 ;-17.423158 ;
27.000000 ;-25.211736 ;-17.422881 ;
27.100000 ;-25.189411 ;-17.422228 ;
27.200000 ;-25.210375 ;-17.424257 ;
27.300000 ;-25.214941 ;-17.425259 ;
27.400000 ;-25.208934 ;-17.425598 ;
27.500000 ;-25.217473 ;-17.426838 ;
27.600000 ;-25.220295 ;-17.427718 ;
27.700000 ;-25.217571 ;-17.428246 ;
27.800000 ;-25.223090 ;-17.429283 ;
27.900000 ;-25.228413 ;-17.430303 ;
28.000000 ;-25.225558 ;-17.430808 ;
28.100000 ;-25.221303 ;-17.431221 ;
28.200000 ;-25.233660 ;-17.432664 ;
28.300000 ;-25.246864 ;-17.434153 ;
28.400000 ;-25.238946 ;-17.434324 ;
28.500000 ;-25.218500 ;-17.433712 ;
28.600000 ;-25.222249 ;-17.434601 ;
28.700000 ;-25.238038 ;-17.436234 ;
28.800000 ;-25.234896 ;-17.436682 ;
28.900000 ;-25.230914 ;-17.437074 ;
29.000000 ;-25.239774 ;-17.438262 ;
29.100000 ;-25.240879 ;-17.438963 ;
29.200000 ;-25.238273 ;-17.439427 ;
29.300000 ;-25.245226 ;-17.440484 ;
29.400000 ;-25.249339 ;-17.441359 ;
29.500000 ;-25.245079 ;-17.441707 ;
29.600000 ;-25.242474 ;-17.442155 ;
29.700000 ;-25.257477 ;-17.443695 ;
29.800000 ;-25.266485 ;-17.444858 ;
29.900000 ;-25.254425 ;-17.444704 ;
30.000000 ;-25.236873 ;-17.444205 ;
30.100000 ;-25.254530 ;-17.445894 ;
30.200000 ;-25.282194 ;-17.448196 ;
30.300000 ;-25.267975 ;-17.447893 ;
30.400000 ;-25.232413 ;-17.446263 ;
30.500000 ;-25.249261 ;-17.447891 ;
30.600000 ;-25.268407 ;-17.449652 ;
30.700000 ;-25.255650 ;-17.449421 ;
30.800000 ;-25.254494 ;-17.449914 ;
30.900000 ;-25.265506 ;-17.451161 ;
31.000000 ;-25.264106 ;-17.451630 ;
31.100000 ;-25.264676 ;-17.452218 ;
31.200000 ;-25.271325 ;-17.453183 ;
31.300000 ;-25.271304 ;-17.453728 ;
31.400000 ;-25.268003 ;-17.454064 ;
31.500000 ;-25.275547 ;-17.455074 ;
31.600000 ;-25.283371 ;-17.456098 ;
31.700000 ;-25.278771 ;-17.456343 ;
31.800000 ;-25.268476 ;-17.456230 ;
31.900000 ;-25.278401 ;-17.457375 ;
32.000000 ;-25.303355 ;-17.459452 ;
32.100000 ;-25.299069 ;-17.459703 ;
32.200000 ;-25.267448 ;-17.458251 ;
32.300000 ;-25.262127 ;-17.458437 ;
32.400000 ;-25.297325 ;-17.461140 ;
32.500000 ;-25.297935 ;-17.461682 ;
32.600000 ;-25.267704 ;-17.460303 ;
32.700000 ;-25.278409 ;-17.461477 ;
32.800000 ;-25.291005 ;-17.462764 ;
32.900000 ;-25.284745 ;-17.462868 ;
33.000000 ;-25.288921 ;-17.463623 ;
33.100000 ;-25.294835 ;-17.464485 ;
33.200000 ;-25.292689 ;-17.464839 ;
33.300000 ;-25.294150 ;-17.465416 ;
33.400000 ;-25.301201 ;-17.466341 ;
33.500000 ;-25.301241 ;-17.466823 ;
33.600000 ;-25.295503 ;-17.466942 ;
33.700000 ;-25.300096 ;-17.467705 ;
33.800000 ;-25.316962 ;-17.469231 ;
33.900000 ;-25.317377 ;-17.469727 ;
34.000000 ;-25.298368 ;-17.469007 ;
34.100000 ;-25.288288 ;-17.468844 ;
34.200000 ;-25.306354 ;-17.470437 ;
34.300000 ;-25.310183 ;-17.471136 ;
34.400000 ;-25.301371 ;-17.471042 ;
34.500000 ;-25.308679 ;-17.471956 ;
34.600000 ;-25.313053 ;-17.472684 ;
34.700000 ;-25.309764 ;-17.472929 ;
34.800000 ;-25.313252 ;-17.473596 ;
34.900000 ;-25.319702 ;-17.474447 ;
35.000000 ;-25.317908 ;-17.474779 ;
35.100000 ;-25.312302 ;-17.474871 ;
35.200000 ;-25.321172 ;-17.475866 ;
35.300000 ;-25.335463 ;-17.477198 ;
35.400000 ;-25.330517 ;-17.477324 ;
35.500000 ;-25.310992 ;-17.476537 ;
35.600000 ;-25.312132 ;-17.477041 ;
35.700000 ;-25.344971 ;-17.479519 ;
35.800000 ;-25.346745 ;-17.480055 ;
35.900000 ;-25.311490 ;-17.478281 ;
36.000000 ;-25.306586 ;-17.478404 ;
36.100000 ;-25.333768 ;-17.480526 ;
36.200000 ;-25.330299 ;-17.480726 ;
36.300000 ;-25.317471 ;-17.480340 ;
36.400000 ;-25.330488 ;-17.481573 ;
36.500000 ;-25.332998 ;-17.482144 ;
36.600000 ;-25.329624 ;-17.482345 ;
36.700000 ;-25.336323 ;-17.483176 ;
36.800000 ;-25.338824 ;-17.483741 ;
36.900000 ;-25.335049 ;-17.483911 ;
37.000000 ;-25.337848 ;-17.484491 ;
37.100000 ;-25.347790 ;-17.485518 ;
37.200000 ;-25.347490 ;-17.485900 ;
37.300000 ;-25.336906 ;-17.485635 ;
37.400000 ;-25.335900 ;-17.485970 ;
37.500000 ;-25.361688 ;-17.487978 ;
37.600000 ;-25.369495 ;-17.488859 ;
37.700000 ;-25.343483 ;-17.487624 ;
37.800000 ;-25.320253 ;-17.486565 ;
37.900000 ;-25.351118 ;-17.488886 ;
38.000000 ;-25.367118 ;-17.490270 ;
38.100000 ;-25.340939 ;-17.489015 ;
38.200000 ;-25.334335 ;-17.488990 ;
38.300000 ;-25.352641 ;-17.490522 ;
38.400000 ;-25.350693 ;-17.490779 ;
38.500000 ;-25.348633 ;-17.491028 ;
38.600000 ;-25.356440 ;-17.491897 ;
38.700000 ;-25.356328 ;-17.492266 ;
38.800000 ;-25.354318 ;-17.492513 ;
38.900000 ;-25.361225 ;-17.493320 ;
39.000000 ;-25.363994 ;-17.493865 ;
39.100000 ;-25.358865 ;-17.493912 ;
39.200000 ;-25.357133 ;-17.494172 ;
39.300000 ;-25.373248 ;-17.495549 ;
39.400000 ;-25.380733 ;-17.496383 ;
39.500000 ;-25.366253 ;-17.495838 ;
39.600000 ;-25.347991 ;-17.495055 ;
39.700000 ;-25.364234 ;-17.496337 ;
39.800000 ;-25.382349 ;-17.497334 ;
39.900000 ;-25.372544 ;-17.496962 ;
40.000000 ;-25.367219 ;-17.499171 ;
40.100000 ;-25.446392 ;-17.512118 ;
40.200000 ;-25.567310 ;-17.535419 ;
40.300000 ;-25.663330 ;-17.565004 ;
40.400000 ;-25.796860 ;-17.605906 ;
40.500000 ;-25.980546 ;-17.659077 ;
40.600000 ;-26.153291 ;-17.719499 ;
40.700000 ;-26.332946 ;-17.787903 ;
40.800000 ;-26.519332 ;-17.863613 ;
40.900000 ;-26.698991 ;-17.944849 ;
41.000000 ;-26.878428 ;-18.031410 ;
41.100000 ;-27.060824 ;-18.122875 ;
41.200000 ;-27.234478 ;-18.217579 ;
41.300000 ;-27.397867 ;-18.314737 ;
41.400000 ;-27.561760 ;-18.414656 ;
41.500000 ;-27.742351 ;-18.518135 ;
41.600000 ;-27.907519 ;-18.621961 ;
41.700000 ;-28.038810 ;-18.724100 ;
41.800000 ;-28.153018 ;-18.825495 ;
41.900000 ;-28.298104 ;-18.929729 ;
42.000000 ;-28.451639 ;-19.034562 ;
42.100000 ;-28.576375 ;-19.136481 ;
42.200000 ;-28.699387 ;-19.237443 ;
42.300000 ;-28.825575 ;-19.337554 ;
42.400000 ;-28.938942 ;-19.435151 ;
42.500000 ;-29.048550 ;-19.530751 ;
42.600000 ;-29.159238 ;-19.624535 ;
42.700000 ;-29.259315 ;-19.715253 ;
42.800000 ;-29.348638 ;-19.802691 ;
42.900000 ;-29.441024 ;-19.887894 ;
43.000000 ;-29.546530 ;-19.971622 ;
43.100000 ;-29.632773 ;-20.050807 ;
43.200000 ;-29.689061 ;-20.124365 ;
43.300000 ;-29.738124 ;-20.194268 ;
43.400000 ;-29.821115 ;-20.264189 ;
43.500000 ;-29.897687 ;-20.330399 ;
43.600000 ;-29.948471 ;-20.391079 ;
43.700000 ;-30.005913 ;-20.449222 ;
43.800000 ;-30.064478 ;-20.504324 ;
43.900000 ;-30.110136 ;-20.555104 ;
44.000000 ;-30.154605 ;-20.602699 ;
44.100000 ;-30.202729 ;-20.647620 ;
44.200000 ;-30.240383 ;-20.688616 ;
44.300000 ;-30.267682 ;-20.725781 ;
44.400000 ;-30.301185 ;-20.760767 ;
44.500000 ;-30.349045 ;-20.794453 ;
44.600000 ;-30.378037 ;-20.823796 ;
44.700000 ;-30.379923 ;-20.848127 ;
44.800000 ;-30.381545 ;-20.870118 ;
44.900000 ;-30.418245 ;-20.893254 ;
45.000000 ;-30.443396 ;-20.913216 ;
45.100000 ;-30.446745 ;-20.929143 ;
45.200000 ;-30.462827 ;-20.944467 ;
45.300000 ;-30.480085 ;-20.958200 ;
45.400000 ;-30.485677 ;-20.969229 ;
45.500000 ;-30.493070 ;-20.978962 ;
45.600000 ;-30.506965 ;-20.987963 ;
45.700000 ;-30.511743 ;-20.994840 ;
45.800000 ;-30.507615 ;-20.999717 ;
45.900000 ;-30.512470 ;-21.004415 ;
46.000000 ;-30.532884 ;-21.009660 ;
46.100000 ;-30.535737 ;-21.012356 ;
46.200000 ;-30.514375 ;-21.011949 ;
46.300000 ;-30.497440 ;-21.011274 ;
46.400000 ;-30.528232 ;-21.014574 ;
46.500000 ;-30.548620 ;-21.016327 ;
46.600000 ;-30.515697 ;-21.012471 ;
46.700000 ;-30.474733 ;-21.007419 ;
46.800000 ;-30.501191 ;-21.008489 ;
46.900000 ;-30.511266 ;-21.007672 ;
47.000000 ;-30.486816 ;-21.003274 ;
47.100000 ;-30.486497 ;-21.000978 ;
47.200000 ;-30.491172 ;-20.998984 ;
47.300000 ;-30.481511 ;-20.995470 ;
47.400000 ;-30.477774 ;-20.992420 ;
47.500000 ;-30.478088 ;-20.989683 ;
47.600000 ;-30.469916 ;-20.986082 ;
47.700000 ;-30.459506 ;-20.982242 ;
47.800000 ;-30.462520 ;-20.979691 ;
47.900000 ;-30.463359 ;-20.976949 ;
48.000000 ;-30.449242 ;-20.972807 ;
48.100000 ;-30.429761 ;-20.968201 ;
48.200000 ;-30.436099 ;-20.966137 ;
48.300000 ;-30.458040 ;-20.965647 ;
48.400000 ;-30.444112 ;-20.961802 ;
48.500000 ;-30.397956 ;-20.954961 ;
48.600000 ;-30.383393 ;-20.951248 ;
48.700000 ;-30.418449 ;-20.952399 ;
48.800000 ;-30.413086 ;-20.949791 ;
48.900000 ;-30.368899 ;-20.943580 ;
49.000000 ;-30.371679 ;-20.941982 ;
49.100000 ;-30.380536 ;-20.941084 ;
49.200000 ;-30.366382 ;-20.938102 ;
49.300000 ;-30.362480 ;-20.936222 ;
49.400000 ;-30.362694 ;-20.934855 ;
49.500000 ;-30.353378 ;-20.932694 ;
49.600000 ;-30.346568 ;-20.930889 ;
49.700000 ;-30.347823 ;-20.929973 ;
49.800000 ;-30.341882 ;-20.928480 ;
49.900000 ;-30.328138 ;-20.926351 ;
50.000000 ;-30.323078 ;-20.925161 ;
50.100000 ;-30.336523 ;-20.925848 ;
50.200000 ;-30.334615 ;-20.925166 ;
50.300000 ;-30.307718 ;-20.922191 ;
50.400000 ;-30.282186 ;-20.919440 ;
50.500000 ;-30.294346 ;-20.920388 ;
50.600000 ;-30.297655 ;-20.920576 ;
50.700000 ;-30.281049 ;-20.918942 ;
50.800000 ;-30.278927 ;-20.918774 ;
50.900000 ;-30.280060 ;-20.918994 ;
51.000000 ;-30.271140 ;-20.918323 ;
51.100000 ;-30.265484 ;-20.918034 ;
51.200000 ;-30.267885 ;-20.918580 ;
51.300000 ;-30.262538 ;-20.918446 ;
51.400000 ;-30.249544 ;-20.917638 ;
51.500000 ;-30.246762 ;-20.917861 ;
51.600000 ;-30.260293 ;-20.919696 ;
51.700000 ;-30.257117 ;-20.919981 ;
51.800000 ;-30.230954 ;-20.918110 ;
51.900000 ;-30.210822 ;-20.916857 ;
52.000000 ;-30.238813 ;-20.920245 ;
52.100000 ;-30.255262 ;-20.922565 ;
52.200000 ;-30.219521 ;-20.919929 ;
52.300000 ;-30.178986 ;-20.916864 ;
52.400000 ;-30.205460 ;-20.920228 ;
52.500000 ;-30.213630 ;-20.921868 ;
52.600000 ;-30.188933 ;-20.920389 ;
52.700000 ;-30.190347 ;-20.921424 ;
52.800000 ;-30.195190 ;-20.922803 ;
52.900000 ;-30.186326 ;-20.922887 ;
53.000000 ;-30.184595 ;-20.923665 ;
53.100000 ;-30.186237 ;-20.924776 ;
53.200000 ;-30.179553 ;-20.925100 ;
53.300000 ;-30.171657 ;-20.925315 ;
53.400000 ;-30.177409 ;-20.926842 ;
53.500000 ;-30.179836 ;-20.928055 ;
53.600000 ;-30.167521 ;-20.927859 ;
53.700000 ;-30.151403 ;-20.927300 ;
53.800000 ;-30.163040 ;-20.929397 ;
53.900000 ;-30.186131 ;-20.932589 ;
54.000000 ;-30.172048 ;-20.932222 ;
54.100000 ;-30.128844 ;-20.929064 ;
54.200000 ;-30.123348 ;-20.929508 ;
54.300000 ;-30.160363 ;-20.934011 ;
54.400000 ;-30.153532 ;-20.934317 ;
54.500000 ;-30.113023 ;-20.931397 ;
54.600000 ;-30.123297 ;-20.933321 ;
54.700000 ;-30.133254 ;-20.935204 ;
54.800000 ;-30.121456 ;-20.934997 ;
54.900000 ;-30.122505 ;-20.936007 ;
55.000000 ;-30.125199 ;-20.937163 ;
55.100000 ;-30.118586 ;-20.937417 ;
55.200000 ;-30.116171 ;-20.938060 ;
55.300000 ;-30.120431 ;-20.939329 ;
55.400000 ;-30.116745 ;-20.939824 ;
55.500000 ;-30.106118 ;-20.939641 ;
55.600000 ;-30.106565 ;-20.940504 ;
55.700000 ;-30.122893 ;-20.942874 ;
55.800000 ;-30.121359 ;-20.943519 ;
55.900000 ;-30.096112 ;-20.941880 ;
56.000000 ;-30.077091 ;-20.940821 ;
56.100000 ;-30.093999 ;-20.943186 ;
56.200000 ;-30.097604 ;-20.944263 ;
56.300000 ;-30.083537 ;-20.943633 ;
56.400000 ;-30.086550 ;-20.944623 ;
56.500000 ;-30.089542 ;-20.945595 ;
56.600000 ;-30.082827 ;-20.945622 ;
56.700000 ;-30.081491 ;-20.946148 ;
56.800000 ;-30.086394 ;-20.947257 ;
56.900000 ;-30.082653 ;-20.947521 ;
57.000000 ;-30.072349 ;-20.947142 ;
57.100000 ;-30.074974 ;-20.947985 ;
57.200000 ;-30.090575 ;-20.950056 ;
57.300000 ;-30.086991 ;-20.950274 ;
57.400000 ;-30.062111 ;-20.948437 ;
57.500000 ;-30.049046 ;-20.947715 ;
57.600000 ;-30.082757 ;-20.951457 ;
57.700000 ;-30.095451 ;-20.953174 ;
57.800000 ;-30.057564 ;-20.950036 ;
57.900000 ;-30.027064 ;-20.947588 ;
58.000000 ;-30.058432 ;-20.951045 ;
58.100000 ;-30.063473 ;-20.951969 ;
58.200000 ;-30.040647 ;-20.950212 ;
58.300000 ;-30.048236 ;-20.951351 ;
58.400000 ;-30.053346 ;-20.952238 ;
58.500000 ;-30.045972 ;-20.951915 ;
58.600000 ;-30.048049 ;-20.952484 ;
58.700000 ;-30.050973 ;-20.953120 ;
58.800000 ;-30.045453 ;-20.952933 ;
58.900000 ;-30.040809 ;-20.952818 ;
59.000000 ;-30.049514 ;-20.953968 ;
59.100000 ;-30.052207 ;-20.954529 ;
59.200000 ;-30.040293 ;-20.953678 ;
59.300000 ;-30.027558 ;-20.952736 ;
59.400000 ;-30.045660 ;-20.954736 ;
59.500000 ;-30.067215 ;-20.957056 ;
59.600000 ;-30.049463 ;-20.955599 ;
59.700000 ;-30.008357 ;-20.951893 ;
59.800000 ;-30.014710 ;-20.952719 ;
59.900000 ;-30.050401 ;-20.956344 ;
60.000000 ;-30.037817 ;-20.955338 ;
60.100000 ;-30.001355 ;-20.952037 ;
60.200000 ;-30.018817 ;-20.953885 ;
60.300000 ;-30.026795 ;-20.954813 ;
60.400000 ;-30.015806 ;-20.953914 ;
60.500000 ;-30.020655 ;-20.954522 ;
60.600000 ;-30.023570 ;-20.954934 ;
60.700000 ;-30.017779 ;-20.954502 ;
60.800000 ;-30.018464 ;-20.954681 ;
60.900000 ;-30.023647 ;-20.955282 ;
61.000000 ;-30.020019 ;-20.955029 ;
61.100000 ;-30.010795 ;-20.954231 ;
61.200000 ;-30.015755 ;-20.954783 ;
61.300000 ;-30.032590 ;-20.956464 ;
61.400000 ;-30.028769 ;-20.956158 ;
61.500000 ;-30.003198 ;-20.953760 ;
61.600000 ;-29.990537 ;-20.952590 ;
61.700000 ;-30.009434 ;-20.954435 ;
61.800000 ;-30.010887 ;-20.954601 ;
61.900000 ;-29.998182 ;-20.953405 ;
62.000000 ;-30.004485 ;-20.954021 ;
62.100000 ;-30.007198 ;-20.954286 ;
62.200000 ;-30.001014 ;-20.953691 ;
62.300000 ;-30.002529 ;-20.953826 ;
62.400000 ;-30.007859 ;-20.954321 ;
62.500000 ;-30.003783 ;-20.953907 ;
62.600000 ;-29.994739 ;-20.953011 ;
62.700000 ;-30.001546 ;-20.953627 ;
62.800000 ;-30.016890 ;-20.955055 ;
62.900000 ;-30.010786 ;-20.954422 ;
63.000000 ;-29.985844 ;-20.951978 ;
63.100000 ;-29.979770 ;-20.951335 ;
63.200000 ;-30.016233 ;-20.954761 ;
63.300000 ;-30.022699 ;-20.955311 ;
63.400000 ;-29.981595 ;-20.951300 ;
63.500000 ;-29.962172 ;-20.949359 ;
63.600000 ;-29.994206 ;-20.952338 ;
63.700000 ;-29.994396 ;-20.952265 ;
63.800000 ;-29.973371 ;-20.950155 ;
63.900000 ;-29.984797 ;-20.951147 ;
64.000000 ;-29.988566 ;-20.951400 ;
64.100000 ;-29.981738 ;-20.950634 ;
64.200000 ;-29.986046 ;-20.950929 ;
64.300000 ;-29.988692 ;-20.951061 ;
64.400000 ;-29.983093 ;-20.950399 ;
64.500000 ;-29.980810 ;-20.950050 ;
64.600000 ;-29.990684 ;-20.950862 ;
64.700000 ;-29.992153 ;-20.950865 ;
64.800000 ;-29.979554 ;-20.949515 ;
64.900000 ;-29.969584 ;-20.948414 ;
65.000000 ;-29.992421 ;-20.950452 ;
65.100000 ;-30.010565 ;-20.952039 ;
65.200000 ;-29.988239 ;-20.949745 ;
65.300000 ;-29.949237 ;-20.945850 ;
65.400000 ;-29.965612 ;-20.947254 ;
65.500000 ;-29.997692 ;-20.950160 ;
65.600000 ;-29.978920 ;-20.948197 ;
65.700000 ;-29.947430 ;-20.945013 ;
65.800000 ;-29.968810 ;-20.946886 ;
65.900000 ;-29.973860 ;-20.947191 ;
66.000000 ;-29.963584 ;-20.946027 ;
66.100000 ;-29.970567 ;-20.946512 ;
66.200000 ;-29.972677 ;-20.946527 ;
66.300000 ;-29.967051 ;-20.945798 ;
66.400000 ;-29.969785 ;-20.945868 ;
66.500000 ;-29.974740 ;-20.946148 ;
66.600000 ;-29.970346 ;-20.945531 ;
66.700000 ;-29.961959 ;-20.944528 ;
66.800000 ;-29.970434 ;-20.945138 ;
66.900000 ;-29.986356 ;-20.946461 ;
67.000000 ;-29.979553 ;-20.945604 ;
67.100000 ;-29.953456 ;-20.942897 ;
67.200000 ;-29.946855 ;-20.942054 ;
67.300000 ;-29.965544 ;-20.943633 ;
67.400000 ;-29.964336 ;-20.943305 ;
67.500000 ;-29.953115 ;-20.942016 ;
67.600000 ;-29.961108 ;-20.942565 ;
67.700000 ;-29.962827 ;-20.942512 ;
67.800000 ;-29.956801 ;-20.941714 ;
67.900000 ;-29.960244 ;-20.941823 ;
68.000000 ;-29.965138 ;-20.942069 ;
68.100000 ;-29.960211 ;-20.941373 ;
68.200000 ;-29.952085 ;-20.940368 ;
68.300000 ;-29.962059 ;-20.941097 ;
68.400000 ;-29.976115 ;-20.942215 ;
68.500000 ;-29.967195 ;-20.941132 ;
68.600000 ;-29.942223 ;-20.938509 ;
68.700000 ;-29.942789 ;-20.938330 ;
68.800000 ;-29.979626 ;-20.941625 ;
68.900000 ;-29.979724 ;-20.941402 ;
69.000000 ;-29.936278 ;-20.937011 ;
69.100000 ;-29.926978 ;-20.935885 ;
69.200000 ;-29.957669 ;-20.938586 ;
69.300000 ;-29.953225 ;-20.937923 ;
69.400000 ;-29.934888 ;-20.935930 ;
69.500000 ;-29.948086 ;-20.936954 ;
69.600000 ;-29.950203 ;-20.936916 ;
69.700000 ;-29.943969 ;-20.936077 ;
69.800000 ;-29.949530 ;-20.936367 ;
69.900000 ;-29.951432 ;-20.936305 ;
70.000000 ;-29.945540 ;-20.935496 ;
70.100000 ;-29.945241 ;-20.935223 ;
70.200000 ;-29.955391 ;-20.935950 ;
70.300000 ;-29.955316 ;-20.935696 ;
70.400000 ;-29.941983 ;-20.934172 ;
70.500000 ;-29.934697 ;-20.933227 ;
70.600000 ;-29.960717 ;-20.935471 ;
70.700000 ;-29.975014 ;-20.936593 ;
70.800000 ;-29.948648 ;-20.933821 ;
70.900000 ;-29.912354 ;-20.930098 ;
71.000000 ;-29.936470 ;-20.932156 ;
71.100000 ;-29.964146 ;-20.934556 ;
71.200000 ;-29.940190 ;-20.932017 ;
71.300000 ;-29.914805 ;-20.929340 ;
71.400000 ;-29.937308 ;-20.931244 ;
71.500000 ;-29.939548 ;-20.931208 ;
71.600000 ;-29.930483 ;-20.930089 ;
71.700000 ;-29.938437 ;-20.930599 ;
71.800000 ;-29.939547 ;-20.930453 ;
71.900000 ;-29.934093 ;-20.929678 ;
72.000000 ;-29.938267 ;-20.929825 ;
72.100000 ;-29.942623 ;-20.929990 ;
72.200000 ;-29.937389 ;-20.929236 ;
72.300000 ;-29.929806 ;-20.928256 ;
72.400000 ;-29.941024 ;-20.929078 ;
72.500000 ;-29.955512 ;-20.930213 ;
72.600000 ;-29.945926 ;-20.929042 ;
72.700000 ;-29.919661 ;-20.926273 ;
72.800000 ;-29.918172 ;-20.925877 ;
72.900000 ;-29.935921 ;-20.927323 ;
73.000000 ;-29.932332 ;-20.926727 ;
73.100000 ;-29.923019 ;-20.925583 ;
73.200000 ;-29.931585 ;-20.926150 ;
73.300000 ;-29.932239 ;-20.925960 ;
73.400000 ;-29.926464 ;-20.925154 ;
73.500000 ;-29.931261 ;-20.925361 ;
73.600000 ;-29.935462 ;-20.925511 ;
73.700000 ;-29.929707 ;-20.924707 ;
73.800000 ;-29.922526 ;-20.923767 ;
73.900000 ;-29.934895 ;-20.924699 ;
74.000000 ;-29.947334 ;-20.925639 ;
74.100000 ;-29.935902 ;-20.924293 ;
74.200000 ;-29.911262 ;-20.921681 ;
74.300000 ;-29.917762 ;-20.922052 ;
74.400000 ;-29.953661 ;-20.925237 ;
74.500000 ;-29.948061 ;-20.924452 ;
74.600000 ;-29.903398 ;-20.919930 ;
74.700000 ;-29.902593 ;-20.919603 ;
74.800000 ;-29.931232 ;-20.922093 ;
74.900000 ;-29.922938 ;-20.921051 ;
75.000000 ;-29.908068 ;-20.919379 ;
75.100000 ;-29.921487 ;-20.920414 ;
75.200000 ;-29.922100 ;-20.920223 ;
75.300000 ;-29.916714 ;-20.919458 ;
75.400000 ;-29.922880 ;-20.919799 ;
75.500000 ;-29.923981 ;-20.919656 ;
75.600000 ;-29.917886 ;-20.918823 ;
75.700000 ;-29.919306 ;-20.918710 ;
75.800000 ;-29.929307 ;-20.919420 ;
75.900000 ;-29.927763 ;-20.919025 ;
76.000000 ;-29.913916 ;-20.917451 ;
76.100000 ;-29.909372 ;-20.916769 ;
76.200000 ;-29.937300 ;-20.919196 ;
76.300000 ;-29.947896 ;-20.919965 ;
76.400000 ;-29.918303 ;-20.916888 ;
76.500000 ;-29.885204 ;-20.913474 ;
76.600000 ;-29.914978 ;-20.916078 ;
76.700000 ;-29.938247 ;-20.918061 ;
76.800000 ;-29.910318 ;-20.915148 ;
76.900000 ;-29.891417 ;-20.913099 ;
77.000000 ;-29.913284 ;-20.914948 ;
77.100000 ;-29.913150 ;-20.914692 ;
77.200000 ;-29.905743 ;-20.913741 ;
77.300000 ;-29.913850 ;-20.914274 ;
77.400000 ;-29.914036 ;-20.914050 ;
77.500000 ;-29.908898 ;-20.913316 ;
77.600000 ;-29.914086 ;-20.913571 ;
77.700000 ;-29.917762 ;-20.913682 ;
77.800000 ;-29.911815 ;-20.912872 ;
77.900000 ;-29.905104 ;-20.911989 ;
78.000000 ;-29.918429 ;-20.913025 ;
78.100000 ;-29.931349 ;-20.914023 ;
78.200000 ;-29.919395 ;-20.912640 ;
78.300000 ;-29.893348 ;-20.909908 ;
78.400000 ;-29.896048 ;-20.909928 ;
78.500000 ;-29.912586 ;-20.911274 ;
78.600000 ;-29.907065 ;-20.910509 ;
78.700000 ;-29.899853 ;-20.909583 ;
78.800000 ;-29.908344 ;-20.910160 ;
78.900000 ;-29.908052 ;-20.909896 ;
79.000000 ;-29.902681 ;-20.909147 ;
79.100000 ;-29.908414 ;-20.909462 ;
79.200000 ;-29.911890 ;-20.909561 ;
79.300000 ;-29.905462 ;-20.908712 ;
79.400000 ;-29.899286 ;-20.907887 ;
79.500000 ;-29.913423 ;-20.909009 ;
79.600000 ;-29.924224 ;-20.909811 ;
79.700000 ;-29.910707 ;-20.908286 ;
79.800000 ;-29.886716 ;-20.905758 ;
79.900000 ;-29.891266 ;-20.905963 ;
80.000000 ;-29.898071 ;-20.906384 ;
