0.000000 ;-27.500000 ;-20.600000 ;
0.100000 ;-27.501510 ;-20.700271 ;
0.200000 ;-27.416783 ;-20.759897 ;
0.300000 ;-27.296661 ;-20.791096 ;
0.400000 ;-27.193776 ;-20.804815 ;
0.500000 ;-27.097796 ;-20.804904 ;
0.600000 ;-27.019257 ;-20.796177 ;
0.700000 ;-26.953767 ;-20.781145 ;
0.800000 ;-26.895155 ;-20.761427 ;
0.900000 ;-26.850233 ;-20.739518 ;
1.000000 ;-26.818077 ;-20.716703 ;
1.100000 ;-26.785782 ;-20.692582 ;
1.200000 ;-26.751970 ;-20.667746 ;
1.300000 ;-26.728221 ;-20.643953 ;
1.400000 ;-26.721012 ;-20.622237 ;
1.500000 ;-26.707982 ;-20.600718 ;
1.600000 ;-26.685372 ;-20.579227 ;
1.700000 ;-26.675206 ;-20.559898 ;
1.800000 ;-26.680064 ;-20.543032 ;
1.900000 ;-26.671795 ;-20.526093 ;
2.000000 ;-26.652383 ;-20.509258 ;
2.100000 ;-26.653203 ;-20.495336 ;
2.200000 ;-26.664130 ;-20.483380 ;
2.300000 ;-26.654789 ;-20.470614 ;
2.400000 ;-26.635997 ;-20.457958 ;
2.500000 ;-26.645932 ;-20.448781 ;
2.600000 ;-26.655810 ;-20.440449 ;
2.700000 ;-26.643269 ;-20.430903 ;
2.800000 ;-26.633431 ;-20.422338 ;
2.900000 ;-26.647762 ;-20.416620 ;
3.000000 ;-26.649273 ;-20.410392 ;
3.100000 ;-26.636945 ;-20.403514 ;
3.200000 ;-26.642045 ;-20.398734 ;
3.300000 ;-26.651210 ;-20.394814 ;
3.400000 ;-26.645437 ;-20.390019 ;
3.500000 ;-26.638659 ;-20.385553 ;
3.600000 ;-26.650624 ;-20.383145 ;
3.700000 ;-26.654741 ;-20.380389 ;
3.800000 ;-26.644248 ;-20.376651 ;
3.900000 ;-26.642576 ;-20.373993 ;
4.000000 ;-26.658351 ;-20.373159 ;
4.100000 ;-26.658910 ;-20.371212 ;
4.200000 ;-26.643296 ;-20.368044 ;
4.300000 ;-26.646011 ;-20.366712 ;
4.400000 ;-26.663548 ;-20.366884 ;
4.500000 ;-26.659456 ;-20.365293 ;
4.600000 ;-26.642431 ;-20.362698 ;
4.700000 ;-26.653386 ;-20.362733 ;
4.800000 ;-26.664647 ;-20.362918 ;
4.900000 ;-26.655005 ;-20.361348 ;
5.000000 ;-26.649318 ;-20.360230 ;
5.100000 ;-26.662638 ;-20.360894 ;
5.200000 ;-26.663452 ;-20.360523 ;
5.300000 ;-26.653568 ;-20.359269 ;
5.400000 ;-26.660414 ;-20.359570 ;
5.500000 ;-26.668851 ;-20.360069 ;
5.600000 ;-26.662744 ;-20.359321 ;
5.700000 ;-26.655859 ;-20.358548 ;
5.800000 ;-26.668933 ;-20.359594 ;
5.900000 ;-26.674412 ;-20.359996 ;
6.000000 ;-26.662586 ;-20.358886 ;
6.100000 ;-26.657113 ;-20.358368 ;
6.200000 ;-26.675147 ;-20.359969 ;
6.300000 ;-26.678400 ;-20.360272 ;
6.400000 ;-26.661008 ;-20.358751 ;
6.500000 ;-26.660009 ;-20.358705 ;
6.600000 ;-26.678061 ;-20.360371 ;
6.700000 ;-26.675335 ;-20.360194 ;
6.800000 ;-26.659483 ;-20.358855 ;
6.900000 ;-26.669746 ;-20.359850 ;
7.000000 ;-26.678520 ;-20.360719 ;
7.100000 ;-26.669709 ;-20.360023 ;
7.200000 ;-26.667228 ;-20.359895 ;
7.300000 ;-26.678468 ;-20.360993 ;
7.400000 ;-26.677661 ;-20.361017 ;
7.500000 ;-26.668448 ;-20.360292 ;
7.600000 ;-26.675867 ;-20.361050 ;
7.700000 ;-26.684484 ;-20.361915 ;
7.800000 ;-26.677552 ;-20.361392 ;
7.900000 ;-26.668120 ;-20.360644 ;
8.000000 ;-26.681940 ;-20.361968 ;
8.100000 ;-26.690462 ;-20.362817 ;
8.200000 ;-26.677487 ;-20.361747 ;
8.300000 ;-26.666344 ;-20.360838 ;
8.400000 ;-26.685162 ;-20.362599 ;
8.500000 ;-26.691436 ;-20.363238 ;
8.600000 ;-26.674143 ;-20.361773 ;
8.700000 ;-26.671296 ;-20.361593 ;
8.800000 ;-26.687617 ;-20.363120 ;
8.900000 ;-26.685147 ;-20.362968 ;
9.000000 ;-26.672597 ;-20.361915 ;
9.100000 ;-26.682713 ;-20.362881 ;
9.200000 ;-26.688545 ;-20.363461 ;
9.300000 ;-26.680267 ;-20.362781 ;
9.400000 ;-26.680082 ;-20.362820 ;
9.500000 ;-26.690385 ;-20.363793 ;
9.600000 ;-26.688588 ;-20.363684 ;
9.700000 ;-26.678679 ;-20.362849 ;
9.800000 ;-26.680884 ;-20.362240 ;
9.900000 ;-26.692993 ;-20.368676 ;
10.000000 ;-26.725816 ;-20.400793 ;
10.100000 ;-26.748474 ;-20.446495 ;
10.200000 ;-26.736482 ;-20.490928 ;
10.300000 ;-26.691640 ;-20.525576 ;
10.400000 ;-26.616691 ;-20.545284 ;
10.500000 ;-26.521427 ;-20.547622 ;
10.600000 ;-26.401961 ;-20.532186 ;
10.700000 ;-26.256110 ;-20.499417 ;
10.800000 ;-26.099013 ;-20.450912 ;
10.900000 ;-25.953087 ;-20.389106 ;
11.000000 ;-25.799441 ;-20.314607 ;
11.100000 ;-25.628614 ;-20.228368 ;
11.200000 ;-25.462928 ;-20.133760 ;
11.300000 ;-25.312426 ;-20.033120 ;
11.400000 ;-25.153854 ;-19.926099 ;
11.500000 ;-24.989966 ;-19.814285 ;
11.600000 ;-24.845008 ;-19.700808 ;
11.700000 ;-24.707960 ;-19.585902 ;
11.800000 ;-24.561581 ;-19.469237 ;
11.900000 ;-24.416140 ;-19.352451 ;
12.000000 ;-24.297877 ;-19.238236 ;
12.100000 ;-24.183501 ;-19.125470 ;
12.200000 ;-24.053909 ;-19.013302 ;
12.300000 ;-23.927629 ;-18.903508 ;
12.400000 ;-23.836323 ;-18.798685 ;
12.500000 ;-23.742123 ;-18.696416 ;
12.600000 ;-23.629489 ;-18.595856 ;
12.700000 ;-23.531408 ;-18.499440 ;
12.800000 ;-23.458949 ;-18.408011 ;
12.900000 ;-23.374691 ;-18.319112 ;
13.000000 ;-23.284425 ;-18.233171 ;
13.100000 ;-23.218084 ;-18.152170 ;
13.200000 ;-23.152295 ;-18.074544 ;
13.300000 ;-23.078176 ;-17.999686 ;
13.400000 ;-23.015000 ;-17.928774 ;
13.500000 ;-22.963262 ;-17.861760 ;
13.600000 ;-22.904129 ;-17.797380 ;
13.700000 ;-22.841967 ;-17.735820 ;
13.800000 ;-22.798310 ;-17.678316 ;
13.900000 ;-22.758755 ;-17.623872 ;
14.000000 ;-22.705473 ;-17.571307 ;
14.100000 ;-22.650312 ;-17.521237 ;
14.200000 ;-22.622267 ;-17.475302 ;
14.300000 ;-22.593896 ;-17.431741 ;
14.400000 ;-22.543947 ;-17.389195 ;
14.500000 ;-22.496268 ;-17.348980 ;
14.600000 ;-22.480206 ;-17.312724 ;
14.700000 ;-22.453156 ;-17.277816 ;
14.800000 ;-22.409099 ;-17.243818 ;
14.900000 ;-22.384216 ;-17.212749 ;
15.000000 ;-22.366806 ;-17.183834 ;
15.100000 ;-22.336387 ;-17.155803 ;
15.200000 ;-22.309155 ;-17.129510 ;
15.300000 ;-22.294895 ;-17.105436 ;
15.400000 ;-22.273225 ;-17.082336 ;
15.500000 ;-22.246059 ;-17.060250 ;
15.600000 ;-22.232549 ;-17.040197 ;
15.700000 ;-22.221302 ;-17.021461 ;
15.800000 ;-22.198229 ;-17.003184 ;
15.900000 ;-22.173450 ;-16.985878 ;
16.000000 ;-22.170037 ;-16.970782 ;
16.100000 ;-22.164207 ;-16.956503 ;
16.200000 ;-22.138322 ;-16.942005 ;
16.300000 ;-22.112470 ;-16.928362 ;
16.400000 ;-22.117383 ;-16.917240 ;
16.500000 ;-22.112876 ;-16.906352 ;
16.600000 ;-22.085481 ;-16.894910 ;
16.700000 ;-22.072179 ;-16.884931 ;
16.800000 ;-22.076091 ;-16.876546 ;
16.900000 ;-22.063694 ;-16.867859 ;
17.000000 ;-22.046767 ;-16.859492 ;
17.100000 ;-22.047574 ;-16.852643 ;
17.200000 ;-22.041643 ;-16.845927 ;
17.300000 ;-22.027813 ;-16.839252 ;
17.400000 ;-22.025191 ;-16.833644 ;
17.500000 ;-22.024546 ;-16.828569 ;
17.600000 ;-22.013823 ;-16.823338 ;
17.700000 ;-22.002434 ;-16.818447 ;
17.800000 ;-22.007858 ;-16.814831 ;
17.900000 ;-22.008459 ;-16.811284 ;
18.000000 ;-21.992858 ;-16.807162 ;
18.100000 ;-21.979375 ;-16.803452 ;
18.200000 ;-21.992701 ;-16.801485 ;
18.300000 ;-21.995763 ;-16.799216 ;
18.400000 ;-21.974514 ;-16.795864 ;
18.500000 ;-21.963812 ;-16.793320 ;
18.600000 ;-21.978710 ;-16.792389 ;
18.700000 ;-21.975198 ;-16.790654 ;
18.800000 ;-21.958641 ;-16.788399 ;
18.900000 ;-21.964970 ;-16.787573 ;
19.000000 ;-21.967840 ;-16.786724 ;
19.100000 ;-21.959025 ;-16.785395 ;
19.200000 ;-21.959592 ;-16.784725 ;
19.300000 ;-21.963847 ;-16.784394 ;
19.400000 ;-21.958836 ;-16.783687 ;
19.500000 ;-21.953431 ;-16.783079 ;
19.600000 ;-21.961135 ;-16.783299 ;
19.700000 ;-21.963136 ;-16.783313 ;
19.800000 ;-21.953183 ;-16.782775 ;
19.900000 ;-21.948237 ;-16.782602 ;
20.000000 ;-21.963826 ;-16.783633 ;
20.100000 ;-21.967031 ;-16.784069 ;
20.200000 ;-21.949055 ;-16.783428 ;
20.300000 ;-21.941701 ;-16.783435 ;
20.400000 ;-21.962140 ;-16.785018 ;
20.500000 ;-21.962818 ;-16.785585 ;
20.600000 ;-21.943324 ;-16.785111 ;
20.700000 ;-21.949484 ;-16.786087 ;
20.800000 ;-21.959637 ;-16.787326 ;
20.900000 ;-21.952627 ;-16.787674 ;
21.000000 ;-21.951813 ;-16.788402 ;
21.100000 ;-21.959604 ;-16.789636 ;
21.200000 ;-21.957831 ;-16.790384 ;
21.300000 ;-21.954400 ;-16.791073 ;
21.400000 ;-21.962203 ;-16.792403 ;
21.500000 ;-21.964701 ;-16.793471 ;
21.600000 ;-21.958359 ;-16.794082 ;
21.700000 ;-21.958905 ;-16.795090 ;
21.800000 ;-21.972553 ;-16.796832 ;
21.900000 ;-21.973409 ;-16.797895 ;
22.000000 ;-21.959230 ;-16.798156 ;
22.100000 ;-21.958077 ;-16.799141 ;
22.200000 ;-21.980031 ;-16.801397 ;
22.300000 ;-21.980580 ;-16.802499 ;
22.400000 ;-21.958624 ;-16.802385 ;
22.500000 ;-21.962747 ;-16.803704 ;
22.600000 ;-21.979805 ;-16.805733 ;
22.700000 ;-21.973568 ;-16.806497 ;
22.800000 ;-21.966593 ;-16.807228 ;
22.900000 ;-21.978358 ;-16.808987 ;
23.000000 ;-21.979568 ;-16.810172 ;
23.100000 ;-21.975409 ;-16.811067 ;
23.200000 ;-21.983090 ;-16.812610 ;
23.300000 ;-21.986452 ;-16.813919 ;
23.400000 ;-21.982273 ;-16.814816 ;
23.500000 ;-21.985235 ;-16.816103 ;
23.600000 ;-21.995497 ;-16.817788 ;
23.700000 ;-21.994788 ;-16.818871 ;
23.800000 ;-21.985219 ;-16.819469 ;
23.900000 ;-21.990554 ;-16.820879 ;
24.000000 ;-22.009641 ;-16.823036 ;
24.100000 ;-22.006959 ;-16.824001 ;
24.200000 ;-21.985968 ;-16.823963 ;
24.300000 ;-21.991213 ;-16.825356 ;
24.400000 ;-22.013072 ;-16.827650 ;
24.500000 ;-22.006577 ;-16.828389 ;
24.600000 ;-21.990087 ;-16.828578 ;
24.700000 ;-22.005413 ;-16.830504 ;
24.800000 ;-22.011015 ;-16.831890 ;
24.900000 ;-22.004105 ;-16.832586 ;
25.000000 ;-22.011143 ;-16.834041 ;
25.100000 ;-22.016347 ;-16.835389 ;
25.200000 ;-22.013284 ;-16.836278 ;
25.300000 ;-22.016363 ;-16.837497 ;
25.400000 ;-22.024237 ;-16.838974 ;
25.500000 ;-22.023387 ;-16.839965 ;
25.600000 ;-22.017850 ;-16.840693 ;
25.700000 ;-22.026786 ;-16.842208 ;
25.800000 ;-22.039747 ;-16.843937 ;
25.900000 ;-22.034244 ;-16.844646 ;
26.000000 ;-22.018597 ;-16.844794 ;
26.100000 ;-22.029096 ;-16.846369 ;
26.200000 ;-22.051165 ;-16.848568 ;
26.300000 ;-22.042216 ;-16.849061 ;
26.400000 ;-22.019117 ;-16.848775 ;
26.500000 ;-22.035505 ;-16.850646 ;
26.600000 ;-22.047275 ;-16.852256 ;
26.700000 ;-22.036412 ;-16.852616 ;
26.800000 ;-22.039715 ;-16.853749 ;
26.900000 ;-22.048654 ;-16.855185 ;
27.000000 ;-22.046404 ;-16.855998 ;
27.100000 ;-22.048019 ;-16.857018 ;
27.200000 ;-22.055234 ;-16.858339 ;
27.300000 ;-22.055060 ;-16.859247 ;
27.400000 ;-22.051963 ;-16.859988 ;
27.500000 ;-22.060836 ;-16.861380 ;
27.600000 ;-22.068307 ;-16.862689 ;
27.700000 ;-22.062628 ;-16.863268 ;
27.800000 ;-22.054245 ;-16.863692 ;
27.900000 ;-22.069688 ;-16.865420 ;
28.000000 ;-22.086029 ;-16.867190 ;
28.100000 ;-22.073606 ;-16.867373 ;
28.200000 ;-22.051409 ;-16.867014 ;
28.300000 ;-22.069771 ;-16.868879 ;
28.400000 ;-22.086623 ;-16.870652 ;
28.500000 ;-22.071242 ;-16.870647 ;
28.600000 ;-22.065172 ;-16.871150 ;
28.700000 ;-22.080563 ;-16.872829 ;
28.800000 ;-22.080117 ;-16.873628 ;
28.900000 ;-22.077772 ;-16.874317 ;
29.000000 ;-22.086074 ;-16.875588 ;
29.100000 ;-22.087254 ;-16.876461 ;
29.200000 ;-22.084881 ;-16.877132 ;
29.300000 ;-22.092218 ;-16.878333 ;
29.400000 ;-22.096898 ;-16.879382 ;
29.500000 ;-22.092657 ;-16.879933 ;
29.600000 ;-22.090233 ;-16.880580 ;
29.700000 ;-22.105635 ;-16.882204 ;
29.800000 ;-22.113560 ;-16.883411 ;
29.900000 ;-22.100559 ;-16.883458 ;
30.000000 ;-22.086801 ;-16.883460 ;
30.100000 ;-22.109267 ;-16.885453 ;
30.200000 ;-22.125501 ;-16.887095 ;
30.300000 ;-22.105240 ;-16.886723 ;
30.400000 ;-22.088734 ;-16.886555 ;
30.500000 ;-22.111758 ;-16.888562 ;
30.600000 ;-22.115183 ;-16.889481 ;
30.700000 ;-22.104319 ;-16.889606 ;
30.800000 ;-22.114512 ;-16.890891 ;
30.900000 ;-22.118659 ;-16.891838 ;
31.000000 ;-22.115586 ;-16.892380 ;
31.100000 ;-22.121620 ;-16.893422 ;
31.200000 ;-22.125810 ;-16.894357 ;
31.300000 ;-22.122997 ;-16.894901 ;
31.400000 ;-22.123871 ;-16.895645 ;
31.500000 ;-22.135069 ;-16.896955 ;
31.600000 ;-22.137441 ;-16.897773 ;
31.700000 ;-22.127612 ;-16.897911 ;
31.800000 ;-22.124279 ;-16.898406 ;
31.900000 ;-22.147898 ;-16.900385 ;
32.000000 ;-22.156511 ;-16.901530 ;
32.100000 ;-22.133668 ;-16.900935 ;
32.200000 ;-22.117392 ;-16.900701 ;
32.300000 ;-22.145519 ;-16.902915 ;
32.400000 ;-22.152551 ;-16.903957 ;
32.500000 ;-22.131304 ;-16.903432 ;
32.600000 ;-22.138374 ;-16.904473 ;
32.700000 ;-22.148858 ;-16.905699 ;
32.800000 ;-22.144449 ;-16.906094 ;
32.900000 ;-22.148429 ;-16.906952 ;
33.000000 ;-22.154025 ;-16.907897 ;
33.100000 ;-22.152266 ;-16.908429 ;
33.200000 ;-22.153645 ;-16.909132 ;
33.300000 ;-22.161333 ;-16.910182 ;
33.400000 ;-22.161898 ;-16.910833 ;
33.500000 ;-22.155993 ;-16.911122 ;
33.600000 ;-22.160305 ;-16.911975 ;
33.700000 ;-22.177636 ;-16.913545 ;
33.800000 ;-22.177624 ;-16.914151 ;
33.900000 ;-22.158364 ;-16.913687 ;
34.000000 ;-22.153098 ;-16.913997 ;
34.100000 ;-22.183475 ;-16.916276 ;
34.200000 ;-22.188390 ;-16.917140 ;
34.300000 ;-22.158679 ;-16.916086 ;
34.400000 ;-22.158465 ;-16.916666 ;
34.500000 ;-22.178799 ;-16.918379 ;
34.600000 ;-22.173774 ;-16.918681 ;
34.700000 ;-22.170658 ;-16.919087 ;
34.800000 ;-22.180175 ;-16.920193 ;
34.900000 ;-22.180020 ;-16.920758 ;
35.000000 ;-22.180019 ;-16.921329 ;
35.100000 ;-22.186483 ;-16.922257 ;
35.200000 ;-22.187211 ;-16.922863 ;
35.300000 ;-22.183800 ;-16.923235 ;
35.400000 ;-22.190246 ;-16.924154 ;
35.500000 ;-22.199791 ;-16.925241 ;
35.600000 ;-22.196285 ;-16.925601 ;
35.700000 ;-22.184683 ;-16.925507 ;
35.800000 ;-22.191635 ;-16.926443 ;
35.900000 ;-22.217314 ;-16.928413 ;
36.000000 ;-22.214006 ;-16.928772 ;
36.100000 ;-22.183231 ;-16.927607 ;
36.200000 ;-22.183073 ;-16.928140 ;
36.300000 ;-22.211682 ;-16.930265 ;
36.400000 ;-22.206037 ;-16.930482 ;
36.500000 ;-22.187066 ;-16.929959 ;
36.600000 ;-22.202655 ;-16.931357 ;
36.700000 ;-22.206732 ;-16.932110 ;
36.800000 ;-22.202853 ;-16.932418 ;
36.900000 ;-22.209985 ;-16.933337 ;
37.000000 ;-22.212112 ;-16.933975 ;
37.100000 ;-22.209593 ;-16.934352 ;
37.200000 ;-22.215032 ;-16.935170 ;
37.300000 ;-22.220444 ;-16.935984 ;
37.400000 ;-22.217234 ;-16.936315 ;
37.500000 ;-22.212254 ;-16.936546 ;
37.600000 ;-22.224888 ;-16.937755 ;
37.700000 ;-22.238867 ;-16.939035 ;
37.800000 ;-22.229445 ;-16.939012 ;
37.900000 ;-22.207616 ;-16.938296 ;
38.000000 ;-22.217790 ;-16.939360 ;
38.100000 ;-22.247405 ;-16.941499 ;
38.200000 ;-22.237051 ;-16.941413 ;
38.300000 ;-22.204885 ;-16.940117 ;
38.400000 ;-22.221838 ;-16.941552 ;
38.500000 ;-22.234364 ;-16.942735 ;
38.600000 ;-22.224100 ;-16.942645 ;
38.700000 ;-22.229810 ;-16.943446 ;
38.800000 ;-22.235602 ;-16.944250 ;
38.900000 ;-22.233153 ;-16.944591 ;
39.000000 ;-22.237109 ;-16.945287 ;
39.100000 ;-22.241577 ;-16.946011 ;
39.200000 ;-22.239492 ;-16.946366 ;
39.300000 ;-22.238101 ;-16.946758 ;
39.400000 ;-22.248682 ;-16.947817 ;
39.500000 ;-22.253830 ;-16.948570 ;
39.600000 ;-22.244961 ;-16.948538 ;
39.700000 ;-22.235392 ;-16.948466 ;
39.800000 ;-22.248805 ;-16.949531 ;
39.900000 ;-22.259273 ;-16.950041 ;
40.000000 ;-22.251954 ;-16.950025 ;
40.100000 ;-22.254670 ;-16.952911 ;
40.200000 ;-22.323527 ;-16.964721 ;
40.300000 ;-22.428484 ;-16.986139 ;
40.400000 ;-22.547961 ;-17.016780 ;
40.500000 ;-22.703943 ;-17.058616 ;
40.600000 ;-22.871973 ;-17.109937 ;
40.700000 ;-23.047424 ;-17.170103 ;
40.800000 ;-23.233768 ;-17.238977 ;
40.900000 ;-23.420901 ;-17.315124 ;
41.000000 ;-23.604927 ;-17.397529 ;
41.100000 ;-23.790756 ;-17.485983 ;
41.200000 ;-23.987506 ;-17.580562 ;
41.300000 ;-24.175060 ;-17.678953 ;
41.400000 ;-24.341281 ;-17.779523 ;
41.500000 ;-24.494265 ;-17.882276 ;
41.600000 ;-24.661884 ;-17.988810 ;
41.700000 ;-24.840789 ;-18.098338 ;
41.800000 ;-24.997432 ;-18.207744 ;
41.900000 ;-25.145795 ;-18.317589 ;
42.000000 ;-25.300502 ;-18.428537 ;
42.100000 ;-25.443701 ;-18.538786 ;
42.200000 ;-25.579575 ;-18.648262 ;
42.300000 ;-25.717770 ;-18.757356 ;
42.400000 ;-25.847562 ;-18.864869 ;
42.500000 ;-25.965317 ;-18.970187 ;
42.600000 ;-26.080133 ;-19.073745 ;
42.700000 ;-26.209706 ;-19.176733 ;
42.800000 ;-26.328538 ;-19.276784 ;
42.900000 ;-26.416464 ;-19.371979 ;
43.000000 ;-26.487622 ;-19.463293 ;
43.100000 ;-26.586004 ;-19.554224 ;
43.200000 ;-26.690596 ;-19.642850 ;
43.300000 ;-26.768577 ;-19.726231 ;
43.400000 ;-26.845867 ;-19.806468 ;
43.500000 ;-26.926525 ;-19.883809 ;
43.600000 ;-26.994599 ;-19.956800 ;
43.700000 ;-27.059336 ;-20.026189 ;
43.800000 ;-27.126152 ;-20.092413 ;
43.900000 ;-27.182662 ;-20.154381 ;
44.000000 ;-27.228905 ;-20.212103 ;
44.100000 ;-27.279878 ;-20.266921 ;
44.200000 ;-27.342145 ;-20.319464 ;
44.300000 ;-27.384965 ;-20.367060 ;
44.400000 ;-27.401908 ;-20.409207 ;
44.500000 ;-27.419501 ;-20.448355 ;
44.600000 ;-27.468093 ;-20.487308 ;
44.700000 ;-27.502462 ;-20.522124 ;
44.800000 ;-27.517188 ;-20.552425 ;
44.900000 ;-27.544675 ;-20.581250 ;
45.000000 ;-27.569059 ;-20.607289 ;
45.100000 ;-27.582540 ;-20.629960 ;
45.200000 ;-27.599540 ;-20.650697 ;
45.300000 ;-27.618751 ;-20.669508 ;
45.400000 ;-27.627684 ;-20.685390 ;
45.500000 ;-27.629874 ;-20.698789 ;
45.600000 ;-27.644456 ;-20.711565 ;
45.700000 ;-27.666382 ;-20.723385 ;
45.800000 ;-27.666837 ;-20.731744 ;
45.900000 ;-27.647695 ;-20.736928 ;
46.000000 ;-27.644450 ;-20.742278 ;
46.100000 ;-27.681748 ;-20.750148 ;
46.200000 ;-27.689404 ;-20.754244 ;
46.300000 ;-27.649647 ;-20.753043 ;
46.400000 ;-27.630870 ;-20.752868 ;
46.500000 ;-27.660070 ;-20.756267 ;
46.600000 ;-27.657117 ;-20.756023 ;
46.700000 ;-27.635632 ;-20.753453 ;
46.800000 ;-27.643882 ;-20.753023 ;
46.900000 ;-27.642500 ;-20.751219 ;
47.000000 ;-27.632516 ;-20.748195 ;
47.100000 ;-27.632709 ;-20.745720 ;
47.200000 ;-27.629163 ;-20.742582 ;
47.300000 ;-27.618311 ;-20.738506 ;
47.400000 ;-27.612847 ;-20.734692 ;
47.500000 ;-27.616200 ;-20.731494 ;
47.600000 ;-27.609278 ;-20.727216 ;
47.700000 ;-27.590235 ;-20.721725 ;
47.800000 ;-27.578331 ;-20.716802 ;
47.900000 ;-27.597823 ;-20.714677 ;
48.000000 ;-27.602473 ;-20.711180 ;
48.100000 ;-27.567912 ;-20.704125 ;
48.200000 ;-27.528280 ;-20.696628 ;
48.300000 ;-27.549217 ;-20.694658 ;
48.400000 ;-27.565000 ;-20.692276 ;
48.500000 ;-27.530891 ;-20.685444 ;
48.600000 ;-27.507088 ;-20.679624 ;
48.700000 ;-27.520482 ;-20.677259 ;
48.800000 ;-27.512444 ;-20.673055 ;
48.900000 ;-27.500217 ;-20.668579 ;
49.000000 ;-27.500491 ;-20.665346 ;
49.100000 ;-27.492812 ;-20.661513 ;
49.200000 ;-27.482017 ;-20.657520 ;
49.300000 ;-27.480828 ;-20.654521 ;
49.400000 ;-27.476147 ;-20.651334 ;
49.500000 ;-27.462986 ;-20.647510 ;
49.600000 ;-27.452198 ;-20.644030 ;
49.700000 ;-27.461073 ;-20.642454 ;
49.800000 ;-27.462964 ;-20.640376 ;
49.900000 ;-27.440764 ;-20.636252 ;
50.000000 ;-27.411523 ;-20.631618 ;
50.100000 ;-27.415494 ;-20.630104 ;
50.200000 ;-27.420943 ;-20.628845 ;
50.300000 ;-27.405916 ;-20.625859 ;
50.400000 ;-27.398915 ;-20.623712 ;
50.500000 ;-27.399376 ;-20.622349 ;
50.600000 ;-27.390616 ;-20.620265 ;
50.700000 ;-27.382558 ;-20.618350 ;
50.800000 ;-27.383173 ;-20.617319 ;
50.900000 ;-27.377578 ;-20.615827 ;
51.000000 ;-27.364383 ;-20.613745 ;
51.100000 ;-27.358987 ;-20.612456 ;
51.200000 ;-27.369960 ;-20.612729 ;
51.300000 ;-27.366586 ;-20.611793 ;
51.400000 ;-27.341460 ;-20.608979 ;
51.500000 ;-27.320807 ;-20.606643 ;
51.600000 ;-27.344966 ;-20.608414 ;
51.700000 ;-27.358948 ;-20.609339 ;
51.800000 ;-27.323820 ;-20.605909 ;
51.900000 ;-27.285857 ;-20.602285 ;
52.000000 ;-27.310039 ;-20.604308 ;
52.100000 ;-27.314389 ;-20.604605 ;
52.200000 ;-27.290000 ;-20.602368 ;
52.300000 ;-27.292382 ;-20.602586 ;
52.400000 ;-27.294170 ;-20.602796 ;
52.500000 ;-27.284341 ;-20.602003 ;
52.600000 ;-27.283090 ;-20.602021 ;
52.700000 ;-27.282372 ;-20.602123 ;
52.800000 ;-27.274034 ;-20.601574 ;
52.900000 ;-27.267384 ;-20.601208 ;
53.000000 ;-27.272558 ;-20.601934 ;
53.100000 ;-27.271003 ;-20.602081 ;
53.200000 ;-27.256311 ;-20.601071 ;
53.300000 ;-27.243199 ;-20.600225 ;
53.400000 ;-27.260456 ;-20.602131 ;
53.500000 ;-27.274491 ;-20.603764 ;
53.600000 ;-27.250322 ;-20.601979 ;
53.700000 ;-27.210509 ;-20.598800 ;
53.800000 ;-27.223698 ;-20.600398 ;
53.900000 ;-27.249888 ;-20.603177 ;
54.000000 ;-27.227232 ;-20.601577 ;
54.100000 ;-27.197020 ;-20.599304 ;
54.200000 ;-27.214757 ;-20.601345 ;
54.300000 ;-27.214532 ;-20.601776 ;
54.400000 ;-27.203264 ;-20.601220 ;
54.500000 ;-27.207531 ;-20.602061 ;
54.600000 ;-27.205320 ;-20.602321 ;
54.700000 ;-27.197630 ;-20.602089 ;
54.800000 ;-27.199116 ;-20.602681 ;
54.900000 ;-27.199625 ;-20.603184 ;
55.000000 ;-27.191400 ;-20.602899 ;
55.100000 ;-27.182688 ;-20.602567 ;
55.200000 ;-27.192670 ;-20.603911 ;
55.300000 ;-27.201208 ;-20.605122 ;
55.400000 ;-27.186335 ;-20.604222 ;
55.500000 ;-27.159854 ;-20.602272 ;
55.600000 ;-27.162363 ;-20.602921 ;
55.700000 ;-27.173855 ;-20.604371 ;
55.800000 ;-27.164591 ;-20.603949 ;
55.900000 ;-27.158062 ;-20.603764 ;
56.000000 ;-27.162885 ;-20.604590 ;
56.100000 ;-27.158833 ;-20.604610 ;
56.200000 ;-27.152785 ;-20.604441 ;
56.300000 ;-27.156633 ;-20.605152 ;
56.400000 ;-27.155767 ;-20.605430 ;
56.500000 ;-27.146430 ;-20.604937 ;
56.600000 ;-27.141719 ;-20.604849 ;
56.700000 ;-27.155324 ;-20.606397 ;
56.800000 ;-27.158118 ;-20.606963 ;
56.900000 ;-27.138379 ;-20.605493 ;
57.000000 ;-27.117969 ;-20.603951 ;
57.100000 ;-27.140183 ;-20.606229 ;
57.200000 ;-27.161590 ;-20.608426 ;
57.300000 ;-27.134871 ;-20.606286 ;
57.400000 ;-27.095923 ;-20.603035 ;
57.500000 ;-27.118773 ;-20.605325 ;
57.600000 ;-27.130021 ;-20.606562 ;
57.700000 ;-27.109514 ;-20.604936 ;
57.800000 ;-27.111178 ;-20.605290 ;
57.900000 ;-27.117174 ;-20.606021 ;
58.000000 ;-27.110536 ;-20.605606 ;
58.100000 ;-27.110497 ;-20.605773 ;
58.200000 ;-27.113111 ;-20.606167 ;
58.300000 ;-27.108029 ;-20.605858 ;
58.400000 ;-27.102652 ;-20.605512 ;
58.500000 ;-27.109673 ;-20.606269 ;
58.600000 ;-27.112022 ;-20.606596 ;
58.700000 ;-27.100864 ;-20.605698 ;
58.800000 ;-27.088571 ;-20.604688 ;
58.900000 ;-27.104646 ;-20.606217 ;
59.000000 ;-27.123638 ;-20.607999 ;
59.100000 ;-27.105798 ;-20.606460 ;
59.200000 ;-27.067595 ;-20.603080 ;
59.300000 ;-27.076245 ;-20.603900 ;
59.400000 ;-27.107088 ;-20.606706 ;
59.500000 ;-27.091253 ;-20.605309 ;
59.600000 ;-27.059661 ;-20.602487 ;
59.700000 ;-27.077827 ;-20.604124 ;
59.800000 ;-27.081804 ;-20.604477 ;
59.900000 ;-27.071615 ;-20.603549 ;
60.000000 ;-27.077191 ;-20.604027 ;
60.100000 ;-27.077788 ;-20.604049 ;
60.200000 ;-27.071772 ;-20.603469 ;
60.300000 ;-27.074093 ;-20.603628 ;
60.400000 ;-27.077110 ;-20.603842 ;
60.500000 ;-27.071381 ;-20.603262 ;
60.600000 ;-27.063535 ;-20.602483 ;
60.700000 ;-27.073177 ;-20.603268 ;
60.800000 ;-27.084970 ;-20.604238 ;
60.900000 ;-27.074090 ;-20.603163 ;
61.000000 ;-27.048980 ;-20.600802 ;
61.100000 ;-27.049353 ;-20.600723 ;
61.200000 ;-27.063685 ;-20.601891 ;
61.300000 ;-27.057593 ;-20.601218 ;
61.400000 ;-27.050491 ;-20.600447 ;
61.500000 ;-27.057120 ;-20.600902 ;
61.600000 ;-27.055372 ;-20.600598 ;
61.700000 ;-27.049944 ;-20.599956 ;
61.800000 ;-27.054738 ;-20.600227 ;
61.900000 ;-27.056085 ;-20.600182 ;
62.000000 ;-27.048561 ;-20.599333 ;
62.100000 ;-27.043604 ;-20.598710 ;
62.200000 ;-27.057568 ;-20.599780 ;
62.300000 ;-27.063575 ;-20.600130 ;
62.400000 ;-27.046827 ;-20.598430 ;
62.500000 ;-27.025999 ;-20.596357 ;
62.600000 ;-27.045229 ;-20.597878 ;
62.700000 ;-27.070710 ;-20.599957 ;
62.800000 ;-27.049383 ;-20.597826 ;
62.900000 ;-27.009383 ;-20.594011 ;
63.000000 ;-27.029084 ;-20.595553 ;
63.100000 ;-27.044495 ;-20.596706 ;
63.200000 ;-27.026412 ;-20.594847 ;
63.300000 ;-27.026002 ;-20.594570 ;
63.400000 ;-27.034128 ;-20.595055 ;
63.500000 ;-27.029130 ;-20.594356 ;
63.600000 ;-27.028817 ;-20.594074 ;
63.700000 ;-27.032883 ;-20.594181 ;
63.800000 ;-27.029388 ;-20.593605 ;
63.900000 ;-27.024153 ;-20.592869 ;
64.000000 ;-27.031275 ;-20.593239 ;
64.100000 ;-27.035635 ;-20.593358 ;
64.200000 ;-27.026418 ;-20.592253 ;
64.300000 ;-27.014002 ;-20.590857 ;
64.400000 ;-27.027738 ;-20.591807 ;
64.500000 ;-27.049562 ;-20.593481 ;
64.600000 ;-27.036141 ;-20.591986 ;
64.700000 ;-26.998657 ;-20.588326 ;
64.800000 ;-27.001901 ;-20.588320 ;
64.900000 ;-27.035432 ;-20.591033 ;
65.000000 ;-27.024810 ;-20.589779 ;
65.100000 ;-26.991679 ;-20.586501 ;
65.200000 ;-27.008153 ;-20.587673 ;
65.300000 ;-27.014984 ;-20.587976 ;
65.400000 ;-27.005199 ;-20.586785 ;
65.500000 ;-27.010499 ;-20.586946 ;
65.600000 ;-27.012644 ;-20.586821 ;
65.700000 ;-27.007348 ;-20.586025 ;
65.800000 ;-27.009291 ;-20.585877 ;
65.900000 ;-27.013534 ;-20.585934 ;
66.000000 ;-27.009217 ;-20.585219 ;
66.100000 ;-27.001435 ;-20.584192 ;
66.200000 ;-27.009626 ;-20.584597 ;
66.300000 ;-27.023309 ;-20.585494 ;
66.400000 ;-27.015341 ;-20.584445 ;
66.500000 ;-26.990939 ;-20.581917 ;
66.600000 ;-26.988103 ;-20.581324 ;
66.700000 ;-27.004045 ;-20.582417 ;
66.800000 ;-27.000328 ;-20.581743 ;
66.900000 ;-26.991850 ;-20.580640 ;
67.000000 ;-26.999203 ;-20.580956 ;
67.100000 ;-26.998905 ;-20.580584 ;
67.200000 ;-26.993481 ;-20.579751 ;
67.300000 ;-26.998105 ;-20.579819 ;
67.400000 ;-27.000772 ;-20.579709 ;
67.500000 ;-26.994344 ;-20.578782 ;
67.600000 ;-26.988614 ;-20.577916 ;
67.700000 ;-27.001749 ;-20.578743 ;
67.800000 ;-27.010121 ;-20.579142 ;
67.900000 ;-26.995770 ;-20.577500 ;
68.000000 ;-26.974105 ;-20.575199 ;
68.100000 ;-26.989136 ;-20.576192 ;
68.200000 ;-27.017744 ;-20.578405 ;
68.300000 ;-27.001479 ;-20.576588 ;
68.400000 ;-26.960397 ;-20.572543 ;
68.500000 ;-26.975207 ;-20.573512 ;
68.600000 ;-26.994159 ;-20.574854 ;
68.700000 ;-26.978449 ;-20.573084 ;
68.800000 ;-26.974939 ;-20.572408 ;
68.900000 ;-26.984525 ;-20.572907 ;
69.000000 ;-26.980804 ;-20.572210 ;
69.100000 ;-26.979521 ;-20.571732 ;
69.200000 ;-26.984370 ;-20.571804 ;
69.300000 ;-26.981989 ;-20.571226 ;
69.400000 ;-26.976513 ;-20.570370 ;
69.500000 ;-26.982904 ;-20.570579 ;
69.600000 ;-26.988710 ;-20.570735 ;
69.700000 ;-26.981077 ;-20.569684 ;
69.800000 ;-26.968232 ;-20.568165 ;
69.900000 ;-26.978715 ;-20.568741 ;
70.000000 ;-27.002688 ;-20.570527 ;
70.100000 ;-26.993585 ;-20.569345 ;
70.200000 ;-26.956832 ;-20.565679 ;
70.300000 ;-26.953470 ;-20.565010 ;
70.400000 ;-26.988823 ;-20.567817 ;
70.500000 ;-26.983605 ;-20.566984 ;
70.600000 ;-26.949310 ;-20.563541 ;
70.700000 ;-26.962415 ;-20.564350 ;
70.800000 ;-26.971898 ;-20.564835 ;
70.900000 ;-26.962607 ;-20.563634 ;
71.000000 ;-26.966760 ;-20.563640 ;
71.100000 ;-26.970115 ;-20.563574 ;
71.200000 ;-26.965357 ;-20.562780 ;
71.300000 ;-26.966363 ;-20.562504 ;
71.400000 ;-26.971401 ;-20.562589 ;
71.500000 ;-26.968267 ;-20.561941 ;
71.600000 ;-26.960368 ;-20.560866 ;
71.700000 ;-26.966443 ;-20.561045 ;
71.800000 ;-26.981532 ;-20.562033 ;
71.900000 ;-26.976438 ;-20.561210 ;
72.000000 ;-26.952791 ;-20.558723 ;
72.100000 ;-26.945883 ;-20.557737 ;
72.200000 ;-26.962914 ;-20.558900 ;
72.300000 ;-26.961648 ;-20.558422 ;
72.400000 ;-26.951700 ;-20.557166 ;
72.500000 ;-26.959072 ;-20.557463 ;
72.600000 ;-26.960075 ;-20.557189 ;
72.700000 ;-26.954602 ;-20.556335 ;
72.800000 ;-26.958470 ;-20.556319 ;
72.900000 ;-26.962198 ;-20.556291 ;
73.000000 ;-26.956784 ;-20.555443 ;
73.100000 ;-26.950188 ;-20.554489 ;
73.200000 ;-26.961741 ;-20.555165 ;
73.300000 ;-26.972262 ;-20.555748 ;
73.400000 ;-26.960446 ;-20.554327 ;
73.500000 ;-26.938049 ;-20.551957 ;
73.600000 ;-26.947815 ;-20.552474 ;
73.700000 ;-26.979060 ;-20.554919 ;
73.800000 ;-26.968402 ;-20.553606 ;
73.900000 ;-26.926824 ;-20.549519 ;
74.000000 ;-26.934975 ;-20.549892 ;
74.100000 ;-26.957375 ;-20.551544 ;
74.200000 ;-26.944653 ;-20.550048 ;
74.300000 ;-26.937280 ;-20.549031 ;
74.400000 ;-26.948089 ;-20.549645 ;
74.500000 ;-26.945775 ;-20.549082 ;
74.600000 ;-26.943212 ;-20.548498 ;
74.700000 ;-26.948555 ;-20.548623 ;
74.800000 ;-26.947250 ;-20.548152 ;
74.900000 ;-26.941547 ;-20.547288 ;
75.000000 ;-26.946684 ;-20.547396 ;
75.100000 ;-26.953737 ;-20.547677 ;
75.200000 ;-26.947771 ;-20.546791 ;
75.300000 ;-26.934598 ;-20.545258 ;
75.400000 ;-26.941158 ;-20.545497 ;
75.500000 ;-26.966769 ;-20.547446 ;
75.600000 ;-26.962376 ;-20.546704 ;
75.700000 ;-26.926926 ;-20.543177 ;
75.800000 ;-26.916032 ;-20.541851 ;
75.900000 ;-26.952280 ;-20.544756 ;
76.000000 ;-26.953124 ;-20.544488 ;
76.100000 ;-26.918608 ;-20.541049 ;
76.200000 ;-26.926668 ;-20.541427 ;
76.300000 ;-26.938894 ;-20.542180 ;
76.400000 ;-26.930583 ;-20.541092 ;
76.500000 ;-26.932935 ;-20.540960 ;
76.600000 ;-26.937425 ;-20.541021 ;
76.700000 ;-26.933330 ;-20.540312 ;
76.800000 ;-26.933101 ;-20.539951 ;
76.900000 ;-26.938708 ;-20.540113 ;
77.000000 ;-26.936799 ;-20.539603 ;
77.100000 ;-26.928892 ;-20.538555 ;
77.200000 ;-26.932423 ;-20.538534 ;
77.300000 ;-26.948525 ;-20.539641 ;
77.400000 ;-26.946524 ;-20.539126 ;
77.500000 ;-26.924041 ;-20.536773 ;
77.600000 ;-26.912507 ;-20.535404 ;
77.700000 ;-26.930084 ;-20.536646 ;
77.800000 ;-26.931575 ;-20.536446 ;
77.900000 ;-26.920650 ;-20.535134 ;
78.000000 ;-26.927185 ;-20.535388 ;
78.100000 ;-26.929530 ;-20.535267 ;
78.200000 ;-26.924201 ;-20.534459 ;
78.300000 ;-26.926892 ;-20.534371 ;
78.400000 ;-26.931569 ;-20.534461 ;
78.500000 ;-26.927289 ;-20.533749 ;
78.600000 ;-26.919966 ;-20.532765 ;
78.700000 ;-26.929302 ;-20.533276 ;
78.800000 ;-26.941825 ;-20.534073 ;
78.900000 ;-26.932892 ;-20.532947 ;
79.000000 ;-26.910183 ;-20.530586 ;
79.100000 ;-26.913865 ;-20.530592 ;
79.200000 ;-26.946998 ;-20.533241 ;
79.300000 ;-26.942652 ;-20.532531 ;
79.400000 ;-26.901680 ;-20.528537 ;
79.500000 ;-26.901500 ;-20.528201 ;
79.600000 ;-26.927107 ;-20.530176 ;
79.700000 ;-26.918232 ;-20.529063 ;
79.800000 ;-26.906481 ;-20.527692 ;
79.900000 ;-26.914259 ;-20.528072 ;
80.000000 ;-26.916105 ;-20.527920 ;
