0.000000 ;-27.500000 ;-20.600000 ;
0.100000 ;-27.716625 ;-21.020387 ;
0.200000 ;-27.833744 ;-21.381700 ;
0.300000 ;-27.883781 ;-21.693550 ;
0.400000 ;-27.917019 ;-21.965630 ;
0.500000 ;-27.931750 ;-22.203384 ;
0.600000 ;-27.934741 ;-22.411969 ;
0.700000 ;-27.935742 ;-22.596046 ;
0.800000 ;-27.928495 ;-22.758526 ;
0.900000 ;-27.915532 ;-22.902455 ;
1.000000 ;-27.909208 ;-23.031164 ;
1.100000 ;-27.906108 ;-23.146489 ;
1.200000 ;-27.890861 ;-23.249044 ;
1.300000 ;-27.864705 ;-23.340407 ;
1.400000 ;-27.846517 ;-23.423211 ;
1.500000 ;-27.847871 ;-23.499376 ;
1.600000 ;-27.838488 ;-23.567731 ;
1.700000 ;-27.816515 ;-23.628951 ;
1.800000 ;-27.809710 ;-23.685627 ;
1.900000 ;-27.806475 ;-23.737571 ;
2.000000 ;-27.792161 ;-23.784298 ;
2.100000 ;-27.779200 ;-23.827115 ;
2.200000 ;-27.780517 ;-23.867311 ;
2.300000 ;-27.774638 ;-23.903757 ;
2.400000 ;-27.756984 ;-23.936443 ;
2.500000 ;-27.747130 ;-23.966990 ;
2.600000 ;-27.758448 ;-23.996560 ;
2.700000 ;-27.755471 ;-24.022928 ;
2.800000 ;-27.729830 ;-24.045709 ;
2.900000 ;-27.714086 ;-24.067314 ;
3.000000 ;-27.734655 ;-24.089719 ;
3.100000 ;-27.735547 ;-24.109209 ;
3.200000 ;-27.705414 ;-24.125130 ;
3.300000 ;-27.697241 ;-24.141244 ;
3.400000 ;-27.712649 ;-24.157767 ;
3.500000 ;-27.704801 ;-24.171567 ;
3.600000 ;-27.689322 ;-24.183807 ;
3.700000 ;-27.697130 ;-24.196701 ;
3.800000 ;-27.696426 ;-24.208126 ;
3.900000 ;-27.686049 ;-24.218067 ;
4.000000 ;-27.688049 ;-24.228111 ;
4.100000 ;-27.691201 ;-24.237538 ;
4.200000 ;-27.683590 ;-24.245575 ;
4.300000 ;-27.675460 ;-24.252979 ;
4.400000 ;-27.684998 ;-24.261053 ;
4.500000 ;-27.689434 ;-24.268261 ;
4.600000 ;-27.675776 ;-24.273741 ;
4.700000 ;-27.660963 ;-24.278701 ;
4.800000 ;-27.678121 ;-24.285467 ;
4.900000 ;-27.691727 ;-24.291609 ;
5.000000 ;-27.671634 ;-24.295066 ;
5.100000 ;-27.645601 ;-24.297786 ;
5.200000 ;-27.665971 ;-24.303418 ;
5.300000 ;-27.677058 ;-24.308126 ;
5.400000 ;-27.656827 ;-24.310405 ;
5.500000 ;-27.652101 ;-24.313517 ;
5.600000 ;-27.664691 ;-24.317604 ;
5.700000 ;-27.660302 ;-24.320306 ;
5.800000 ;-27.653936 ;-24.322677 ;
5.900000 ;-27.661413 ;-24.325829 ;
6.000000 ;-27.661030 ;-24.328269 ;
6.100000 ;-27.653542 ;-24.330060 ;
6.200000 ;-27.657678 ;-24.332514 ;
6.300000 ;-27.664499 ;-24.335021 ;
6.400000 ;-27.658697 ;-24.336527 ;
6.500000 ;-27.647431 ;-24.337539 ;
6.600000 ;-27.656863 ;-24.339879 ;
6.700000 ;-27.672886 ;-24.342576 ;
6.800000 ;-27.663343 ;-24.343407 ;
6.900000 ;-27.637718 ;-24.343035 ;
7.000000 ;-27.644649 ;-24.344841 ;
7.100000 ;-27.670480 ;-24.347883 ;
7.200000 ;-27.660409 ;-24.348366 ;
7.300000 ;-27.631006 ;-24.347443 ;
7.400000 ;-27.645353 ;-24.349493 ;
7.500000 ;-27.656490 ;-24.351264 ;
7.600000 ;-27.644185 ;-24.351356 ;
7.700000 ;-27.644812 ;-24.352296 ;
7.800000 ;-27.652638 ;-24.353689 ;
7.900000 ;-27.648546 ;-24.354212 ;
8.000000 ;-27.645791 ;-24.354788 ;
8.100000 ;-27.653083 ;-24.356024 ;
8.200000 ;-27.652851 ;-24.356703 ;
8.300000 ;-27.644887 ;-24.356813 ;
8.400000 ;-27.647586 ;-24.357632 ;
8.500000 ;-27.660705 ;-24.359146 ;
8.600000 ;-27.658258 ;-24.359553 ;
8.700000 ;-27.640597 ;-24.358878 ;
8.800000 ;-27.638041 ;-24.359229 ;
8.900000 ;-27.665561 ;-24.361645 ;
9.000000 ;-27.668329 ;-24.362323 ;
9.100000 ;-27.637060 ;-24.360621 ;
9.200000 ;-27.626889 ;-24.360364 ;
9.300000 ;-27.654655 ;-24.362722 ;
9.400000 ;-27.653544 ;-24.363060 ;
9.500000 ;-27.631765 ;-24.361950 ;
9.600000 ;-27.642943 ;-24.363112 ;
9.700000 ;-27.649348 ;-24.363929 ;
9.800000 ;-27.641691 ;-24.363758 ;
9.900000 ;-27.670414 ;-24.372243 ;
10.000000 ;-27.642419 ;-24.376796 ;
10.100000 ;-27.673322 ;-24.416131 ;
10.200000 ;-27.675180 ;-24.459745 ;
10.300000 ;-27.646955 ;-24.497524 ;
10.400000 ;-27.583185 ;-24.524570 ;
10.500000 ;-27.485478 ;-24.538226 ;
10.600000 ;-27.375842 ;-24.537914 ;
10.700000 ;-27.272231 ;-24.524361 ;
10.800000 ;-27.142800 ;-24.496555 ;
10.900000 ;-26.981861 ;-24.455058 ;
11.000000 ;-26.825599 ;-24.402937 ;
11.100000 ;-26.709426 ;-24.343406 ;
11.200000 ;-26.574197 ;-24.274152 ;
11.300000 ;-26.404290 ;-24.195414 ;
11.400000 ;-26.257087 ;-24.111960 ;
11.500000 ;-26.140918 ;-24.025381 ;
11.600000 ;-26.005819 ;-23.933581 ;
11.700000 ;-25.868218 ;-23.838528 ;
11.800000 ;-25.755296 ;-23.742746 ;
11.900000 ;-25.638872 ;-23.645266 ;
12.000000 ;-25.520640 ;-23.546877 ;
12.100000 ;-25.418309 ;-23.449236 ;
12.200000 ;-25.319632 ;-23.352134 ;
12.300000 ;-25.217211 ;-23.255592 ;
12.400000 ;-25.121024 ;-23.160578 ;
12.500000 ;-25.044789 ;-23.068196 ;
12.600000 ;-24.966748 ;-22.977483 ;
12.700000 ;-24.876218 ;-22.888071 ;
12.800000 ;-24.788743 ;-22.801011 ;
12.900000 ;-24.736835 ;-22.718232 ;
13.000000 ;-24.688262 ;-22.638063 ;
13.100000 ;-24.607140 ;-22.558664 ;
13.200000 ;-24.517697 ;-22.481395 ;
13.300000 ;-24.480356 ;-22.409516 ;
13.400000 ;-24.443217 ;-22.340257 ;
13.500000 ;-24.375735 ;-22.272017 ;
13.600000 ;-24.323034 ;-22.207151 ;
13.700000 ;-24.290442 ;-22.145898 ;
13.800000 ;-24.245524 ;-22.086532 ;
13.900000 ;-24.202843 ;-22.029758 ;
14.000000 ;-24.171175 ;-21.975971 ;
14.100000 ;-24.134672 ;-21.924300 ;
14.200000 ;-24.096360 ;-21.874835 ;
14.300000 ;-24.070127 ;-21.828209 ;
14.400000 ;-24.044711 ;-21.783782 ;
14.500000 ;-24.010421 ;-21.741001 ;
14.600000 ;-23.975377 ;-21.700198 ;
14.700000 ;-23.961966 ;-21.662405 ;
14.800000 ;-23.952797 ;-21.626684 ;
14.900000 ;-23.919206 ;-21.591566 ;
15.000000 ;-23.872165 ;-21.557517 ;
15.100000 ;-23.859549 ;-21.526800 ;
15.200000 ;-23.867910 ;-21.498677 ;
15.300000 ;-23.839570 ;-21.470296 ;
15.400000 ;-23.792012 ;-21.442439 ;
15.500000 ;-23.790629 ;-21.418196 ;
15.600000 ;-23.785393 ;-21.395086 ;
15.700000 ;-23.760400 ;-21.372287 ;
15.800000 ;-23.750342 ;-21.351409 ;
15.900000 ;-23.742445 ;-21.331779 ;
16.000000 ;-23.726358 ;-21.312850 ;
16.100000 ;-23.715941 ;-21.295231 ;
16.200000 ;-23.709929 ;-21.278809 ;
16.300000 ;-23.697337 ;-21.263015 ;
16.400000 ;-23.682146 ;-21.247992 ;
16.500000 ;-23.680201 ;-21.234444 ;
16.600000 ;-23.680994 ;-21.221832 ;
16.700000 ;-23.666287 ;-21.209254 ;
16.800000 ;-23.642488 ;-21.196975 ;
16.900000 ;-23.640685 ;-21.186422 ;
17.000000 ;-23.660992 ;-21.177555 ;
17.100000 ;-23.650221 ;-21.167852 ;
17.200000 ;-23.609642 ;-21.157344 ;
17.300000 ;-23.602497 ;-21.148960 ;
17.400000 ;-23.623291 ;-21.142406 ;
17.500000 ;-23.611556 ;-21.134828 ;
17.600000 ;-23.590071 ;-21.127268 ;
17.700000 ;-23.598900 ;-21.121574 ;
17.800000 ;-23.596654 ;-21.115783 ;
17.900000 ;-23.588004 ;-21.110093 ;
18.000000 ;-23.590070 ;-21.105281 ;
18.100000 ;-23.587749 ;-21.100622 ;
18.200000 ;-23.580240 ;-21.096058 ;
18.300000 ;-23.580529 ;-21.092176 ;
18.400000 ;-23.584033 ;-21.088745 ;
18.500000 ;-23.578148 ;-21.085161 ;
18.600000 ;-23.566704 ;-21.081586 ;
18.700000 ;-23.570417 ;-21.078970 ;
18.800000 ;-23.587999 ;-21.077234 ;
18.900000 ;-23.582767 ;-21.074666 ;
19.000000 ;-23.554455 ;-21.071240 ;
19.100000 ;-23.545132 ;-21.068896 ;
19.200000 ;-23.576106 ;-21.068605 ;
19.300000 ;-23.577578 ;-21.067123 ;
19.400000 ;-23.543778 ;-21.064178 ;
19.500000 ;-23.545341 ;-21.063031 ;
19.600000 ;-23.560509 ;-21.062660 ;
19.700000 ;-23.552879 ;-21.061368 ;
19.800000 ;-23.551599 ;-21.060503 ;
19.900000 ;-23.557414 ;-21.060091 ;
20.000000 ;-23.554584 ;-21.059393 ;
20.100000 ;-23.553611 ;-21.058888 ;
20.200000 ;-23.558537 ;-21.058760 ;
20.300000 ;-23.557500 ;-21.058449 ;
20.400000 ;-23.551788 ;-21.058011 ;
20.500000 ;-23.556059 ;-21.058120 ;
20.600000 ;-23.567629 ;-21.058644 ;
20.700000 ;-23.564688 ;-21.058570 ;
20.800000 ;-23.548368 ;-21.057944 ;
20.900000 ;-23.544958 ;-21.057981 ;
21.000000 ;-23.558923 ;-21.058883 ;
21.100000 ;-23.558225 ;-21.059160 ;
21.200000 ;-23.549748 ;-21.059129 ;
21.300000 ;-23.557322 ;-21.059891 ;
21.400000 ;-23.560176 ;-21.060479 ;
21.500000 ;-23.555407 ;-21.060755 ;
21.600000 ;-23.558899 ;-21.061453 ;
21.700000 ;-23.565214 ;-21.062319 ;
21.800000 ;-23.562225 ;-21.062786 ;
21.900000 ;-23.555800 ;-21.063124 ;
22.000000 ;-23.565525 ;-21.064240 ;
22.100000 ;-23.577238 ;-21.065474 ;
22.200000 ;-23.569421 ;-21.065827 ;
22.300000 ;-23.551995 ;-21.065758 ;
22.400000 ;-23.562732 ;-21.067014 ;
22.500000 ;-23.585649 ;-21.068851 ;
22.600000 ;-23.575577 ;-21.069178 ;
22.700000 ;-23.548788 ;-21.068748 ;
22.800000 ;-23.563816 ;-21.070270 ;
22.900000 ;-23.577415 ;-21.071736 ;
23.000000 ;-23.565693 ;-21.072039 ;
23.100000 ;-23.565924 ;-21.072908 ;
23.200000 ;-23.575581 ;-21.074224 ;
23.300000 ;-23.573365 ;-21.074996 ;
23.400000 ;-23.572898 ;-21.075856 ;
23.500000 ;-23.580018 ;-21.077075 ;
23.600000 ;-23.580158 ;-21.077975 ;
23.700000 ;-23.575805 ;-21.078671 ;
23.800000 ;-23.582635 ;-21.079889 ;
23.900000 ;-23.591214 ;-21.081192 ;
24.000000 ;-23.586718 ;-21.081890 ;
24.100000 ;-23.576073 ;-21.082304 ;
24.200000 ;-23.586270 ;-21.083687 ;
24.300000 ;-23.606959 ;-21.085556 ;
24.400000 ;-23.599843 ;-21.086136 ;
24.500000 ;-23.573194 ;-21.085811 ;
24.600000 ;-23.580358 ;-21.087054 ;
24.700000 ;-23.605232 ;-21.089115 ;
24.800000 ;-23.596412 ;-21.089610 ;
24.900000 ;-23.577279 ;-21.089628 ;
25.000000 ;-23.593837 ;-21.091301 ;
25.100000 ;-23.598807 ;-21.092431 ;
25.200000 ;-23.592108 ;-21.093016 ;
25.300000 ;-23.599445 ;-21.094252 ;
25.400000 ;-23.603360 ;-21.095325 ;
25.500000 ;-23.600006 ;-21.096056 ;
25.600000 ;-23.603676 ;-21.097111 ;
25.700000 ;-23.610688 ;-21.098317 ;
25.800000 ;-23.608919 ;-21.099110 ;
25.900000 ;-23.602861 ;-21.099700 ;
26.000000 ;-23.611869 ;-21.100986 ;
26.100000 ;-23.626522 ;-21.102530 ;
26.200000 ;-23.621082 ;-21.103135 ;
26.300000 ;-23.601667 ;-21.103087 ;
26.400000 ;-23.606648 ;-21.104168 ;
26.500000 ;-23.635353 ;-21.106345 ;
26.600000 ;-23.631240 ;-21.106992 ;
26.700000 ;-23.600511 ;-21.106400 ;
26.800000 ;-23.609381 ;-21.107646 ;
26.900000 ;-23.627531 ;-21.109315 ;
27.000000 ;-23.618824 ;-21.109728 ;
27.100000 ;-23.616806 ;-21.110449 ;
27.200000 ;-23.626902 ;-21.111731 ;
27.300000 ;-23.626011 ;-21.112494 ;
27.400000 ;-23.625609 ;-21.113275 ;
27.500000 ;-23.632555 ;-21.114394 ;
27.600000 ;-23.633245 ;-21.115216 ;
27.700000 ;-23.629326 ;-21.115818 ;
27.800000 ;-23.635647 ;-21.116893 ;
27.900000 ;-23.645181 ;-21.118113 ;
28.000000 ;-23.641736 ;-21.118722 ;
28.100000 ;-23.630261 ;-21.118951 ;
28.200000 ;-23.637176 ;-21.120034 ;
28.300000 ;-23.661947 ;-21.121940 ;
28.400000 ;-23.659106 ;-21.122557 ;
28.500000 ;-23.629607 ;-21.121931 ;
28.600000 ;-23.627823 ;-21.122591 ;
28.700000 ;-23.657402 ;-21.124703 ;
28.800000 ;-23.653972 ;-21.125272 ;
28.900000 ;-23.631344 ;-21.124944 ;
29.000000 ;-23.645888 ;-21.126346 ;
29.100000 ;-23.652936 ;-21.127391 ;
29.200000 ;-23.647057 ;-21.127828 ;
29.300000 ;-23.653507 ;-21.128838 ;
29.400000 ;-23.657612 ;-21.129733 ;
29.500000 ;-23.654757 ;-21.130298 ;
29.600000 ;-23.657946 ;-21.131141 ;
29.700000 ;-23.664982 ;-21.132160 ;
29.800000 ;-23.663703 ;-21.132785 ;
29.900000 ;-23.657465 ;-21.133175 ;
30.000000 ;-23.664992 ;-21.134203 ;
30.100000 ;-23.681706 ;-21.135655 ;
30.200000 ;-23.678333 ;-21.136166 ;
30.300000 ;-23.657251 ;-21.135847 ;
30.400000 ;-23.655613 ;-21.136431 ;
30.500000 ;-23.687882 ;-21.138590 ;
30.600000 ;-23.689928 ;-21.139335 ;
30.700000 ;-23.656980 ;-21.138449 ;
30.800000 ;-23.658043 ;-21.139146 ;
30.900000 ;-23.679556 ;-21.140791 ;
31.000000 ;-23.673714 ;-21.141153 ;
31.100000 ;-23.669508 ;-21.141589 ;
31.200000 ;-23.679626 ;-21.142692 ;
31.300000 ;-23.679521 ;-21.143312 ;
31.400000 ;-23.678840 ;-21.143902 ;
31.500000 ;-23.685403 ;-21.144827 ;
31.600000 ;-23.686317 ;-21.145484 ;
31.700000 ;-23.682483 ;-21.145915 ;
31.800000 ;-23.687987 ;-21.146780 ;
31.900000 ;-23.698125 ;-21.147858 ;
32.000000 ;-23.695524 ;-21.148337 ;
32.100000 ;-23.683333 ;-21.148363 ;
32.200000 ;-23.686633 ;-21.149112 ;
32.300000 ;-23.714143 ;-21.150985 ;
32.400000 ;-23.715722 ;-21.151645 ;
32.500000 ;-23.684792 ;-21.150785 ;
32.600000 ;-23.673677 ;-21.150850 ;
32.700000 ;-23.706071 ;-21.152941 ;
32.800000 ;-23.708043 ;-21.153604 ;
32.900000 ;-23.683477 ;-21.153027 ;
33.000000 ;-23.695051 ;-21.154139 ;
33.100000 ;-23.703710 ;-21.155110 ;
33.200000 ;-23.698492 ;-21.155427 ;
33.300000 ;-23.704012 ;-21.156245 ;
33.400000 ;-23.708200 ;-21.156998 ;
33.500000 ;-23.705602 ;-21.157429 ;
33.600000 ;-23.708173 ;-21.158101 ;
33.700000 ;-23.715153 ;-21.158975 ;
33.800000 ;-23.714246 ;-21.159478 ;
33.900000 ;-23.707797 ;-21.159717 ;
34.000000 ;-23.713644 ;-21.160531 ;
34.100000 ;-23.731847 ;-21.161919 ;
34.200000 ;-23.730554 ;-21.162392 ;
34.300000 ;-23.708581 ;-21.161895 ;
34.400000 ;-23.700906 ;-21.162066 ;
34.500000 ;-23.734595 ;-21.164165 ;
34.600000 ;-23.742591 ;-21.165059 ;
34.700000 ;-23.709218 ;-21.164021 ;
34.800000 ;-23.702269 ;-21.164219 ;
34.900000 ;-23.726249 ;-21.165858 ;
35.000000 ;-23.723154 ;-21.166224 ;
35.100000 ;-23.717020 ;-21.166447 ;
35.200000 ;-23.727114 ;-21.167430 ;
35.300000 ;-23.727617 ;-21.167960 ;
35.400000 ;-23.726549 ;-21.168413 ;
35.500000 ;-23.732770 ;-21.169207 ;
35.600000 ;-23.733869 ;-21.169758 ;
35.700000 ;-23.730033 ;-21.170074 ;
35.800000 ;-23.734637 ;-21.170784 ;
35.900000 ;-23.745206 ;-21.171772 ;
36.000000 ;-23.743428 ;-21.172178 ;
36.100000 ;-23.730825 ;-21.172075 ;
36.200000 ;-23.730845 ;-21.172561 ;
36.300000 ;-23.759746 ;-21.174396 ;
36.400000 ;-23.765500 ;-21.175145 ;
36.500000 ;-23.734467 ;-21.174171 ;
36.600000 ;-23.715173 ;-21.173748 ;
36.700000 ;-23.748575 ;-21.175788 ;
36.800000 ;-23.755489 ;-21.176581 ;
36.900000 ;-23.730253 ;-21.175867 ;
37.000000 ;-23.738532 ;-21.176726 ;
37.100000 ;-23.748518 ;-21.177662 ;
37.200000 ;-23.743875 ;-21.177907 ;
37.300000 ;-23.748516 ;-21.178588 ;
37.400000 ;-23.752809 ;-21.179250 ;
37.500000 ;-23.750384 ;-21.179594 ;
37.600000 ;-23.752313 ;-21.180141 ;
37.700000 ;-23.759237 ;-21.180920 ;
37.800000 ;-23.758685 ;-21.181347 ;
37.900000 ;-23.752089 ;-21.181487 ;
38.000000 ;-23.756303 ;-21.182133 ;
38.100000 ;-23.775433 ;-21.183477 ;
38.200000 ;-23.776094 ;-21.183952 ;
38.300000 ;-23.753922 ;-21.183354 ;
38.400000 ;-23.741541 ;-21.183215 ;
38.500000 ;-23.760826 ;-21.184561 ;
38.600000 ;-23.764157 ;-21.185153 ;
38.700000 ;-23.756720 ;-21.185238 ;
38.800000 ;-23.764456 ;-21.186036 ;
38.900000 ;-23.766834 ;-21.186579 ;
39.000000 ;-23.764423 ;-21.186895 ;
39.100000 ;-23.769586 ;-21.187567 ;
39.200000 ;-23.773193 ;-21.188163 ;
39.300000 ;-23.769746 ;-21.188425 ;
39.400000 ;-23.767176 ;-21.188727 ;
39.500000 ;-23.780532 ;-21.189776 ;
39.600000 ;-23.789376 ;-21.190611 ;
39.700000 ;-23.778267 ;-21.190506 ;
39.800000 ;-23.760140 ;-21.190070 ;
39.900000 ;-23.766112 ;-21.190754 ;
40.000000 ;-23.773466 ;-21.191527 ;
40.100000 ;-23.799169 ;-21.195278 ;
40.200000 ;-23.858623 ;-21.205814 ;
40.300000 ;-23.957114 ;-21.225330 ;
40.400000 ;-24.080517 ;-21.253978 ;
40.500000 ;-24.223036 ;-21.291855 ;
40.600000 ;-24.384499 ;-21.339090 ;
40.700000 ;-24.550998 ;-21.394392 ;
40.800000 ;-24.718908 ;-21.457057 ;
40.900000 ;-24.896063 ;-21.527190 ;
41.000000 ;-25.079819 ;-21.603985 ;
41.100000 ;-25.249886 ;-21.685373 ;
41.200000 ;-25.403370 ;-21.770480 ;
41.300000 ;-25.557101 ;-21.859773 ;
41.400000 ;-25.731041 ;-21.953956 ;
41.500000 ;-25.892818 ;-22.050391 ;
41.600000 ;-26.034972 ;-22.148048 ;
41.700000 ;-26.184561 ;-22.248019 ;
41.800000 ;-26.331678 ;-22.349217 ;
41.900000 ;-26.465102 ;-22.450492 ;
42.000000 ;-26.596589 ;-22.552135 ;
42.100000 ;-26.731004 ;-22.654051 ;
42.200000 ;-26.852987 ;-22.754897 ;
42.300000 ;-26.962313 ;-22.854306 ;
42.400000 ;-27.076478 ;-22.953064 ;
42.500000 ;-27.203028 ;-23.051365 ;
42.600000 ;-27.307580 ;-23.146702 ;
42.700000 ;-27.383567 ;-23.238389 ;
42.800000 ;-27.462505 ;-23.328234 ;
42.900000 ;-27.583820 ;-23.418613 ;
43.000000 ;-27.683463 ;-23.505124 ;
43.100000 ;-27.730509 ;-23.585537 ;
43.200000 ;-27.782987 ;-23.663554 ;
43.300000 ;-27.882628 ;-23.741828 ;
43.400000 ;-27.951632 ;-23.815055 ;
43.500000 ;-27.997968 ;-23.883681 ;
43.600000 ;-28.066581 ;-23.950677 ;
43.700000 ;-28.123806 ;-24.013724 ;
43.800000 ;-28.168359 ;-24.072710 ;
43.900000 ;-28.219442 ;-24.128942 ;
44.000000 ;-28.264898 ;-24.181606 ;
44.100000 ;-28.298515 ;-24.230312 ;
44.200000 ;-28.331842 ;-24.275898 ;
44.300000 ;-28.375387 ;-24.319151 ;
44.400000 ;-28.406972 ;-24.358619 ;
44.500000 ;-28.419707 ;-24.393911 ;
44.600000 ;-28.431849 ;-24.426386 ;
44.700000 ;-28.475723 ;-24.458395 ;
44.800000 ;-28.511716 ;-24.487292 ;
44.900000 ;-28.504127 ;-24.510697 ;
45.000000 ;-28.481592 ;-24.530728 ;
45.100000 ;-28.514769 ;-24.552451 ;
45.200000 ;-28.547136 ;-24.572031 ;
45.300000 ;-28.533344 ;-24.586406 ;
45.400000 ;-28.525061 ;-24.599326 ;
45.500000 ;-28.547134 ;-24.612656 ;
45.600000 ;-28.549293 ;-24.622978 ;
45.700000 ;-28.545626 ;-24.631397 ;
45.800000 ;-28.553573 ;-24.639254 ;
45.900000 ;-28.553063 ;-24.645241 ;
46.000000 ;-28.546482 ;-24.649631 ;
46.100000 ;-28.549602 ;-24.653632 ;
46.200000 ;-28.551389 ;-24.656562 ;
46.300000 ;-28.541823 ;-24.657806 ;
46.400000 ;-28.529170 ;-24.658030 ;
46.500000 ;-28.536787 ;-24.658961 ;
46.600000 ;-28.547587 ;-24.659471 ;
46.700000 ;-28.531084 ;-24.657483 ;
46.800000 ;-28.496665 ;-24.653726 ;
46.900000 ;-28.493415 ;-24.651718 ;
47.000000 ;-28.523300 ;-24.651654 ;
47.100000 ;-28.511532 ;-24.648327 ;
47.200000 ;-28.462099 ;-24.642068 ;
47.300000 ;-28.459927 ;-24.638895 ;
47.400000 ;-28.474257 ;-24.636684 ;
47.500000 ;-28.456645 ;-24.632070 ;
47.600000 ;-28.444296 ;-24.627705 ;
47.700000 ;-28.446128 ;-24.624247 ;
47.800000 ;-28.436103 ;-24.619894 ;
47.900000 ;-28.426019 ;-24.615503 ;
48.000000 ;-28.424135 ;-24.611678 ;
48.100000 ;-28.415718 ;-24.607405 ;
48.200000 ;-28.401552 ;-24.602759 ;
48.300000 ;-28.397739 ;-24.598887 ;
48.400000 ;-28.401114 ;-24.595580 ;
48.500000 ;-28.390039 ;-24.591335 ;
48.600000 ;-28.365923 ;-24.586261 ;
48.700000 ;-28.355512 ;-24.582245 ;
48.800000 ;-28.379579 ;-24.580747 ;
48.900000 ;-28.379484 ;-24.577669 ;
49.000000 ;-28.336654 ;-24.571717 ;
49.100000 ;-28.301982 ;-24.566457 ;
49.200000 ;-28.330238 ;-24.565723 ;
49.300000 ;-28.333807 ;-24.563391 ;
49.400000 ;-28.297288 ;-24.558386 ;
49.500000 ;-28.293262 ;-24.555783 ;
49.600000 ;-28.298988 ;-24.553991 ;
49.700000 ;-28.286306 ;-24.551041 ;
49.800000 ;-28.281021 ;-24.548738 ;
49.900000 ;-28.279541 ;-24.546829 ;
50.000000 ;-28.269739 ;-24.544463 ;
50.100000 ;-28.261402 ;-24.542324 ;
50.200000 ;-28.262383 ;-24.540958 ;
50.300000 ;-28.256865 ;-24.539257 ;
50.400000 ;-28.242058 ;-24.537022 ;
50.500000 ;-28.232816 ;-24.535289 ;
50.600000 ;-28.247189 ;-24.535314 ;
50.700000 ;-28.249550 ;-24.534607 ;
50.800000 ;-28.222452 ;-24.531945 ;
50.900000 ;-28.190737 ;-24.529060 ;
51.000000 ;-28.209257 ;-24.529774 ;
51.100000 ;-28.233186 ;-24.530957 ;
51.200000 ;-28.203488 ;-24.528489 ;
51.300000 ;-28.159269 ;-24.525093 ;
51.400000 ;-28.179323 ;-24.526257 ;
51.500000 ;-28.184755 ;-24.526476 ;
51.600000 ;-28.164619 ;-24.524984 ;
51.700000 ;-28.166541 ;-24.525100 ;
51.800000 ;-28.166533 ;-24.525145 ;
51.900000 ;-28.156964 ;-24.524584 ;
52.000000 ;-28.155462 ;-24.524645 ;
52.100000 ;-28.154633 ;-24.524806 ;
52.200000 ;-28.146040 ;-24.524477 ;
52.300000 ;-28.137533 ;-24.524202 ;
52.400000 ;-28.143762 ;-24.525000 ;
52.500000 ;-28.145755 ;-24.525544 ;
52.600000 ;-28.130715 ;-24.524940 ;
52.700000 ;-28.110863 ;-24.524035 ;
52.800000 ;-28.115388 ;-24.524864 ;
52.900000 ;-28.121314 ;-24.525822 ;
53.000000 ;-28.108822 ;-24.525524 ;
53.100000 ;-28.099951 ;-24.525503 ;
53.200000 ;-28.105567 ;-24.526517 ;
53.300000 ;-28.100972 ;-24.526839 ;
53.400000 ;-28.089619 ;-24.526709 ;
53.500000 ;-28.092519 ;-24.527590 ;
53.600000 ;-28.094849 ;-24.528447 ;
53.700000 ;-28.084142 ;-24.528407 ;
53.800000 ;-28.072316 ;-24.528300 ;
53.900000 ;-28.082807 ;-24.529760 ;
54.000000 ;-28.088890 ;-24.530919 ;
54.100000 ;-28.071297 ;-24.530435 ;
54.200000 ;-28.049976 ;-24.529696 ;
54.300000 ;-28.066158 ;-24.531575 ;
54.400000 ;-28.078585 ;-24.533194 ;
54.500000 ;-28.055806 ;-24.532361 ;
54.600000 ;-28.032893 ;-24.531520 ;
54.700000 ;-28.051489 ;-24.533569 ;
54.800000 ;-28.053244 ;-24.534442 ;
54.900000 ;-28.034074 ;-24.533853 ;
55.000000 ;-28.037005 ;-24.534801 ;
55.100000 ;-28.041674 ;-24.535865 ;
55.200000 ;-28.032466 ;-24.535956 ;
55.300000 ;-28.029013 ;-24.536442 ;
55.400000 ;-28.034097 ;-24.537515 ;
55.500000 ;-28.029369 ;-24.537896 ;
55.600000 ;-28.018870 ;-24.537867 ;
55.700000 ;-28.023527 ;-24.538885 ;
55.800000 ;-28.030523 ;-24.540058 ;
55.900000 ;-28.020645 ;-24.540044 ;
56.000000 ;-28.003224 ;-24.539493 ;
56.100000 ;-28.011903 ;-24.540751 ;
56.200000 ;-28.029571 ;-24.542625 ;
56.300000 ;-28.016170 ;-24.542323 ;
56.400000 ;-27.985363 ;-24.540796 ;
56.500000 ;-27.995079 ;-24.542081 ;
56.600000 ;-28.013343 ;-24.543949 ;
56.700000 ;-27.997216 ;-24.543409 ;
56.800000 ;-27.978833 ;-24.542699 ;
56.900000 ;-27.993361 ;-24.544270 ;
57.000000 ;-27.993052 ;-24.544793 ;
57.100000 ;-27.981276 ;-24.544505 ;
57.200000 ;-27.986547 ;-24.545392 ;
57.300000 ;-27.988139 ;-24.546009 ;
57.400000 ;-27.979836 ;-24.545923 ;
57.500000 ;-27.978873 ;-24.546335 ;
57.600000 ;-27.985574 ;-24.547269 ;
57.700000 ;-27.981426 ;-24.547433 ;
57.800000 ;-27.968947 ;-24.547004 ;
57.900000 ;-27.971932 ;-24.547639 ;
58.000000 ;-27.987775 ;-24.549158 ;
58.100000 ;-27.981938 ;-24.549153 ;
58.200000 ;-27.956488 ;-24.547767 ;
58.300000 ;-27.953873 ;-24.547961 ;
58.400000 ;-27.980905 ;-24.550207 ;
58.500000 ;-27.976736 ;-24.550268 ;
58.600000 ;-27.943766 ;-24.548309 ;
58.700000 ;-27.948066 ;-24.548935 ;
58.800000 ;-27.964059 ;-24.550362 ;
58.900000 ;-27.953028 ;-24.549895 ;
59.000000 ;-27.945411 ;-24.549653 ;
59.100000 ;-27.954506 ;-24.550564 ;
59.200000 ;-27.951627 ;-24.550628 ;
59.300000 ;-27.944792 ;-24.550404 ;
59.400000 ;-27.950640 ;-24.551053 ;
59.500000 ;-27.951141 ;-24.551318 ;
59.600000 ;-27.942645 ;-24.550944 ;
59.700000 ;-27.941291 ;-24.551058 ;
59.800000 ;-27.952752 ;-24.552054 ;
59.900000 ;-27.951491 ;-24.552152 ;
60.000000 ;-27.934558 ;-24.551146 ;
60.100000 ;-27.927723 ;-24.550835 ;
60.200000 ;-27.952632 ;-24.552725 ;
60.300000 ;-27.958032 ;-24.553247 ;
60.400000 ;-27.928216 ;-24.551304 ;
60.500000 ;-27.909843 ;-24.550149 ;
60.600000 ;-27.937846 ;-24.552215 ;
60.700000 ;-27.940874 ;-24.552532 ;
60.800000 ;-27.915281 ;-24.550847 ;
60.900000 ;-27.920774 ;-24.551317 ;
61.000000 ;-27.929848 ;-24.552028 ;
61.100000 ;-27.921558 ;-24.551520 ;
61.200000 ;-27.921257 ;-24.551560 ;
61.300000 ;-27.926562 ;-24.551982 ;
61.400000 ;-27.922268 ;-24.551726 ;
61.500000 ;-27.917225 ;-24.551410 ;
61.600000 ;-27.924565 ;-24.551949 ;
61.700000 ;-27.926237 ;-24.552085 ;
61.800000 ;-27.916206 ;-24.551397 ;
61.900000 ;-27.909542 ;-24.550937 ;
62.000000 ;-27.927156 ;-24.552162 ;
62.100000 ;-27.935180 ;-24.552711 ;
62.200000 ;-27.914949 ;-24.551284 ;
62.300000 ;-27.891589 ;-24.549631 ;
62.400000 ;-27.914400 ;-24.551190 ;
62.500000 ;-27.933443 ;-24.552479 ;
62.600000 ;-27.908742 ;-24.550715 ;
62.700000 ;-27.884115 ;-24.548950 ;
62.800000 ;-27.906975 ;-24.550487 ;
62.900000 ;-27.909888 ;-24.550627 ;
63.000000 ;-27.895118 ;-24.549529 ;
63.100000 ;-27.902721 ;-24.549984 ;
63.200000 ;-27.905801 ;-24.550118 ;
63.300000 ;-27.899106 ;-24.549565 ;
63.400000 ;-27.901636 ;-24.549650 ;
63.500000 ;-27.905814 ;-24.549844 ;
63.600000 ;-27.900760 ;-24.549389 ;
63.700000 ;-27.894367 ;-24.548836 ;
63.800000 ;-27.904353 ;-24.549420 ;
63.900000 ;-27.911504 ;-24.549801 ;
64.000000 ;-27.900038 ;-24.548880 ;
64.100000 ;-27.882780 ;-24.547550 ;
64.200000 ;-27.896879 ;-24.548402 ;
64.300000 ;-27.921246 ;-24.549964 ;
64.400000 ;-27.906497 ;-24.548798 ;
64.500000 ;-27.868710 ;-24.546022 ;
64.600000 ;-27.879979 ;-24.546660 ;
64.700000 ;-27.903607 ;-24.548154 ;
64.800000 ;-27.888208 ;-24.546926 ;
64.900000 ;-27.873288 ;-24.545729 ;
65.000000 ;-27.888151 ;-24.546602 ;
65.100000 ;-27.887448 ;-24.546386 ;
65.200000 ;-27.881141 ;-24.545776 ;
65.300000 ;-27.887591 ;-24.546052 ;
65.400000 ;-27.887608 ;-24.545876 ;
65.500000 ;-27.881363 ;-24.545260 ;
65.600000 ;-27.885019 ;-24.545331 ;
65.700000 ;-27.891198 ;-24.545576 ;
65.800000 ;-27.885891 ;-24.545016 ;
65.900000 ;-27.874805 ;-24.544050 ;
66.000000 ;-27.882671 ;-24.544403 ;
66.100000 ;-27.902427 ;-24.545582 ;
66.200000 ;-27.895486 ;-24.544898 ;
66.300000 ;-27.865285 ;-24.542591 ;
66.400000 ;-27.860960 ;-24.542084 ;
66.500000 ;-27.895754 ;-24.544299 ;
66.600000 ;-27.894447 ;-24.543998 ;
66.700000 ;-27.856676 ;-24.541157 ;
66.800000 ;-27.861311 ;-24.541267 ;
66.900000 ;-27.878843 ;-24.542271 ;
67.000000 ;-27.869353 ;-24.541391 ;
67.100000 ;-27.866823 ;-24.540994 ;
67.200000 ;-27.874408 ;-24.541299 ;
67.300000 ;-27.871215 ;-24.540851 ;
67.400000 ;-27.868707 ;-24.540449 ;
67.500000 ;-27.874529 ;-24.540626 ;
67.600000 ;-27.873676 ;-24.540336 ;
67.700000 ;-27.866291 ;-24.539589 ;
67.800000 ;-27.868897 ;-24.539536 ;
67.900000 ;-27.881780 ;-24.540199 ;
68.000000 ;-27.879352 ;-24.539793 ;
68.100000 ;-27.860742 ;-24.538257 ;
68.200000 ;-27.853843 ;-24.537536 ;
68.300000 ;-27.885021 ;-24.539466 ;
68.400000 ;-27.894395 ;-24.539877 ;
68.500000 ;-27.859657 ;-24.537216 ;
68.600000 ;-27.833441 ;-24.535146 ;
68.700000 ;-27.866049 ;-24.537171 ;
68.800000 ;-27.872690 ;-24.537386 ;
68.900000 ;-27.847339 ;-24.535373 ;
69.000000 ;-27.854422 ;-24.535618 ;
69.100000 ;-27.862597 ;-24.535938 ;
69.200000 ;-27.855990 ;-24.535226 ;
69.300000 ;-27.858639 ;-24.535158 ;
69.400000 ;-27.862465 ;-24.535171 ;
69.500000 ;-27.858132 ;-24.534615 ;
69.600000 ;-27.856093 ;-24.534217 ;
69.700000 ;-27.864025 ;-24.534514 ;
69.800000 ;-27.864575 ;-24.534296 ;
69.900000 ;-27.854331 ;-24.533324 ;
70.000000 ;-27.849177 ;-24.532707 ;
70.100000 ;-27.870720 ;-24.533949 ;
70.200000 ;-27.880742 ;-24.534388 ;
70.300000 ;-27.857778 ;-24.532529 ;
70.400000 ;-27.828783 ;-24.530249 ;
70.500000 ;-27.852667 ;-24.531651 ;
70.600000 ;-27.878866 ;-24.533214 ;
70.700000 ;-27.853907 ;-24.531216 ;
70.800000 ;-27.823647 ;-24.528850 ;
70.900000 ;-27.848030 ;-24.530286 ;
71.000000 ;-27.852438 ;-24.530330 ;
71.100000 ;-27.840401 ;-24.529228 ;
71.200000 ;-27.848561 ;-24.529533 ;
71.300000 ;-27.850599 ;-24.529411 ;
71.400000 ;-27.845407 ;-24.528784 ;
71.500000 ;-27.849397 ;-24.528797 ;
71.600000 ;-27.852524 ;-24.528750 ;
71.700000 ;-27.847333 ;-24.528123 ;
71.800000 ;-27.842613 ;-24.527528 ;
71.900000 ;-27.854571 ;-24.528096 ;
72.000000 ;-27.861908 ;-24.528341 ;
72.100000 ;-27.849352 ;-24.527200 ;
72.200000 ;-27.830444 ;-24.525616 ;
72.300000 ;-27.838973 ;-24.525945 ;
72.400000 ;-27.849641 ;-24.526421 ;
72.500000 ;-27.840864 ;-24.525544 ;
72.600000 ;-27.836975 ;-24.525007 ;
72.700000 ;-27.845021 ;-24.525301 ;
72.800000 ;-27.843032 ;-24.524896 ;
72.900000 ;-27.837158 ;-24.524221 ;
73.000000 ;-27.844013 ;-24.524432 ;
73.100000 ;-27.847072 ;-24.524379 ;
73.200000 ;-27.839163 ;-24.523562 ;
73.300000 ;-27.833768 ;-24.522920 ;
73.400000 ;-27.848993 ;-24.523715 ;
73.500000 ;-27.855514 ;-24.523903 ;
73.600000 ;-27.838757 ;-24.522470 ;
73.700000 ;-27.820856 ;-24.520958 ;
73.800000 ;-27.843155 ;-24.522245 ;
73.900000 ;-27.860668 ;-24.523200 ;
74.000000 ;-27.837455 ;-24.521319 ;
74.100000 ;-27.811302 ;-24.519235 ;
74.200000 ;-27.835210 ;-24.520635 ;
74.300000 ;-27.842097 ;-24.520850 ;
74.400000 ;-27.824184 ;-24.519339 ;
74.500000 ;-27.829448 ;-24.519442 ;
74.600000 ;-27.836490 ;-24.519669 ;
74.700000 ;-27.830292 ;-24.518974 ;
74.800000 ;-27.830870 ;-24.518750 ;
74.900000 ;-27.836651 ;-24.518890 ;
75.000000 ;-27.833380 ;-24.518399 ;
75.100000 ;-27.827196 ;-24.517705 ;
75.200000 ;-27.835492 ;-24.518021 ;
75.300000 ;-27.842059 ;-24.518216 ;
75.400000 ;-27.832985 ;-24.517322 ;
75.500000 ;-27.819517 ;-24.516123 ;
75.600000 ;-27.833444 ;-24.516831 ;
75.700000 ;-27.853770 ;-24.517986 ;
75.800000 ;-27.840122 ;-24.516776 ;
75.900000 ;-27.807333 ;-24.514233 ;
76.000000 ;-27.818218 ;-24.514732 ;
76.100000 ;-27.843727 ;-24.516248 ;
76.200000 ;-27.829266 ;-24.514984 ;
76.300000 ;-27.806523 ;-24.513143 ;
76.400000 ;-27.824421 ;-24.514132 ;
76.500000 ;-27.827601 ;-24.514096 ;
76.600000 ;-27.817915 ;-24.513164 ;
76.700000 ;-27.824664 ;-24.513377 ;
76.800000 ;-27.827243 ;-24.513301 ;
76.900000 ;-27.821375 ;-24.512635 ;
77.000000 ;-27.823448 ;-24.512524 ;
77.100000 ;-27.829842 ;-24.512714 ;
77.200000 ;-27.826211 ;-24.512206 ;
77.300000 ;-27.816956 ;-24.511306 ;
77.400000 ;-27.824064 ;-24.511547 ;
77.500000 ;-27.840142 ;-24.512413 ;
77.600000 ;-27.833885 ;-24.511725 ;
77.700000 ;-27.809277 ;-24.509758 ;
77.800000 ;-27.807935 ;-24.509412 ;
77.900000 ;-27.840589 ;-24.511433 ;
78.000000 ;-27.839588 ;-24.511113 ;
78.100000 ;-27.802242 ;-24.508265 ;
78.200000 ;-27.802061 ;-24.508003 ;
78.300000 ;-27.824777 ;-24.509335 ;
78.400000 ;-27.816685 ;-24.508522 ;
78.500000 ;-27.807038 ;-24.507602 ;
78.600000 ;-27.818037 ;-24.508120 ;
78.700000 ;-27.817279 ;-24.507820 ;
78.800000 ;-27.812510 ;-24.507240 ;
78.900000 ;-27.818694 ;-24.507424 ;
79.000000 ;-27.819533 ;-24.507235 ;
79.100000 ;-27.813081 ;-24.506540 ;
79.200000 ;-27.814522 ;-24.506394 ;
79.300000 ;-27.825380 ;-24.506906 ;
79.400000 ;-27.823727 ;-24.506546 ;
79.500000 ;-27.808822 ;-24.505264 ;
79.600000 ;-27.804716 ;-24.504734 ;
79.700000 ;-27.829199 ;-24.506196 ;
79.800000 ;-27.834208 ;-24.506303 ;
79.900000 ;-27.806472 ;-24.504130 ;
80.000000 ;-27.790669 ;-24.502789 ;
