0.000000 ;-27.500000 ;-20.600000 ;
0.100000 ;-27.762848 ;-21.104087 ;
0.200000 ;-27.905026 ;-21.539214 ;
0.300000 ;-27.969553 ;-21.916699 ;
0.400000 ;-28.012269 ;-22.247362 ;
0.500000 ;-28.031221 ;-22.537554 ;
0.600000 ;-28.037792 ;-22.793441 ;
0.700000 ;-28.039454 ;-23.020134 ;
0.800000 ;-28.031030 ;-23.221186 ;
0.900000 ;-28.017911 ;-23.400292 ;
1.000000 ;-28.012218 ;-23.561123 ;
1.100000 ;-28.003798 ;-23.705392 ;
1.200000 ;-27.982977 ;-23.834460 ;
1.300000 ;-27.956163 ;-23.950517 ;
1.400000 ;-27.944283 ;-24.056469 ;
1.500000 ;-27.940881 ;-24.153189 ;
1.600000 ;-27.922781 ;-24.240284 ;
1.700000 ;-27.898947 ;-24.319275 ;
1.800000 ;-27.894670 ;-24.392599 ;
1.900000 ;-27.887180 ;-24.459531 ;
2.000000 ;-27.867190 ;-24.520101 ;
2.100000 ;-27.853849 ;-24.576076 ;
2.200000 ;-27.855089 ;-24.628447 ;
2.300000 ;-27.844954 ;-24.675981 ;
2.400000 ;-27.822492 ;-24.718988 ;
2.500000 ;-27.815066 ;-24.759550 ;
2.600000 ;-27.823897 ;-24.798046 ;
2.700000 ;-27.813181 ;-24.832450 ;
2.800000 ;-27.785241 ;-24.863148 ;
2.900000 ;-27.781879 ;-24.893027 ;
3.000000 ;-27.794836 ;-24.921754 ;
3.100000 ;-27.781862 ;-24.946800 ;
3.200000 ;-27.755737 ;-24.969140 ;
3.300000 ;-27.762754 ;-24.991886 ;
3.400000 ;-27.766824 ;-25.012857 ;
3.500000 ;-27.750631 ;-25.031061 ;
3.600000 ;-27.744019 ;-25.048526 ;
3.700000 ;-27.750268 ;-25.065564 ;
3.800000 ;-27.743622 ;-25.080611 ;
3.900000 ;-27.731638 ;-25.094238 ;
4.000000 ;-27.736647 ;-25.107964 ;
4.100000 ;-27.738062 ;-25.120534 ;
4.200000 ;-27.726356 ;-25.131401 ;
4.300000 ;-27.718432 ;-25.141717 ;
4.400000 ;-27.730028 ;-25.152554 ;
4.500000 ;-27.730890 ;-25.162014 ;
4.600000 ;-27.712957 ;-25.169625 ;
4.700000 ;-27.703311 ;-25.177181 ;
4.800000 ;-27.722326 ;-25.186037 ;
4.900000 ;-27.724226 ;-25.193280 ;
5.000000 ;-27.700159 ;-25.198373 ;
5.100000 ;-27.693867 ;-25.204174 ;
5.200000 ;-27.712095 ;-25.211148 ;
5.300000 ;-27.707681 ;-25.216280 ;
5.400000 ;-27.689239 ;-25.220153 ;
5.500000 ;-27.698060 ;-25.225459 ;
5.600000 ;-27.703265 ;-25.230224 ;
5.700000 ;-27.693094 ;-25.233712 ;
5.800000 ;-27.692122 ;-25.237530 ;
5.900000 ;-27.699578 ;-25.241647 ;
6.000000 ;-27.695443 ;-25.244786 ;
6.100000 ;-27.686320 ;-25.247388 ;
6.200000 ;-27.694021 ;-25.250881 ;
6.300000 ;-27.700252 ;-25.254094 ;
6.400000 ;-27.690508 ;-25.256102 ;
6.500000 ;-27.678773 ;-25.257821 ;
6.600000 ;-27.693274 ;-25.261089 ;
6.700000 ;-27.703716 ;-25.263955 ;
6.800000 ;-27.687662 ;-25.264978 ;
6.900000 ;-27.668652 ;-25.265689 ;
7.000000 ;-27.687870 ;-25.268760 ;
7.100000 ;-27.698202 ;-25.271152 ;
7.200000 ;-27.678827 ;-25.271525 ;
7.300000 ;-27.670428 ;-25.272518 ;
7.400000 ;-27.686703 ;-25.275021 ;
7.500000 ;-27.684806 ;-25.276269 ;
7.600000 ;-27.672869 ;-25.276793 ;
7.700000 ;-27.681514 ;-25.278580 ;
7.800000 ;-27.685083 ;-25.279974 ;
7.900000 ;-27.677067 ;-25.280558 ;
8.000000 ;-27.677866 ;-25.281656 ;
8.100000 ;-27.686276 ;-25.283194 ;
8.200000 ;-27.683060 ;-25.283930 ;
8.300000 ;-27.672641 ;-25.284153 ;
8.400000 ;-27.679585 ;-25.285458 ;
8.500000 ;-27.692355 ;-25.287099 ;
8.600000 ;-27.684836 ;-25.287389 ;
8.700000 ;-27.665751 ;-25.286895 ;
8.800000 ;-27.674607 ;-25.288177 ;
8.900000 ;-27.694873 ;-25.290165 ;
9.000000 ;-27.684473 ;-25.290140 ;
9.100000 ;-27.659016 ;-25.289113 ;
9.200000 ;-27.672863 ;-25.290605 ;
9.300000 ;-27.685804 ;-25.292012 ;
9.400000 ;-27.672254 ;-25.291683 ;
9.500000 ;-27.667130 ;-25.291878 ;
9.600000 ;-27.679060 ;-25.293156 ;
9.700000 ;-27.676876 ;-25.293501 ;
9.800000 ;-27.669519 ;-25.293494 ;
9.900000 ;-27.653450 ;-25.291879 ;
10.000000 ;-27.795466 ;-25.370316 ;
10.100000 ;-27.787345 ;-25.410615 ;
10.200000 ;-27.760907 ;-25.450952 ;
10.300000 ;-27.706076 ;-25.483981 ;
10.400000 ;-27.629312 ;-25.506085 ;
10.500000 ;-27.528285 ;-25.514689 ;
10.600000 ;-27.410695 ;-25.509529 ;
10.700000 ;-27.279785 ;-25.491122 ;
10.800000 ;-27.140029 ;-25.460050 ;
10.900000 ;-27.003234 ;-25.417300 ;
11.000000 ;-26.871553 ;-25.364218 ;
11.100000 ;-26.727020 ;-25.301503 ;
11.200000 ;-26.565077 ;-25.230243 ;
11.300000 ;-26.395567 ;-25.151949 ;
11.400000 ;-26.242730 ;-25.068563 ;
11.500000 ;-26.124077 ;-24.981726 ;
11.600000 ;-25.997528 ;-24.890622 ;
11.700000 ;-25.863523 ;-24.796197 ;
11.800000 ;-25.745715 ;-24.700598 ;
11.900000 ;-25.629169 ;-24.603687 ;
12.000000 ;-25.515256 ;-24.506184 ;
12.100000 ;-25.411575 ;-24.409078 ;
12.200000 ;-25.311267 ;-24.312487 ;
12.300000 ;-25.210878 ;-24.216655 ;
12.400000 ;-25.115466 ;-24.122229 ;
12.500000 ;-25.041361 ;-24.030384 ;
12.600000 ;-24.975844 ;-23.940708 ;
12.700000 ;-24.891321 ;-23.851997 ;
12.800000 ;-24.788999 ;-23.764495 ;
12.900000 ;-24.699462 ;-23.679922 ;
13.000000 ;-24.653681 ;-23.599977 ;
13.100000 ;-24.598941 ;-23.522033 ;
13.200000 ;-24.533146 ;-23.446049 ;
13.300000 ;-24.483393 ;-23.373425 ;
13.400000 ;-24.432403 ;-23.303310 ;
13.500000 ;-24.381082 ;-23.235749 ;
13.600000 ;-24.337996 ;-23.171150 ;
13.700000 ;-24.295431 ;-23.109108 ;
13.800000 ;-24.249974 ;-23.049423 ;
13.900000 ;-24.207936 ;-22.992355 ;
14.000000 ;-24.184048 ;-22.938547 ;
14.100000 ;-24.159562 ;-22.887054 ;
14.200000 ;-24.115843 ;-22.836943 ;
14.300000 ;-24.060757 ;-22.788519 ;
14.400000 ;-24.028250 ;-22.743305 ;
14.500000 ;-24.017046 ;-22.701167 ;
14.600000 ;-23.989320 ;-22.660269 ;
14.700000 ;-23.959487 ;-22.621214 ;
14.800000 ;-23.942036 ;-22.584601 ;
14.900000 ;-23.919563 ;-22.549555 ;
15.000000 ;-23.896551 ;-22.516212 ;
15.100000 ;-23.881350 ;-22.484885 ;
15.200000 ;-23.863720 ;-22.455037 ;
15.300000 ;-23.840975 ;-22.426483 ;
15.400000 ;-23.822331 ;-22.399573 ;
15.500000 ;-23.821297 ;-22.374849 ;
15.600000 ;-23.813341 ;-22.351148 ;
15.700000 ;-23.784598 ;-22.327790 ;
15.800000 ;-23.750006 ;-22.305387 ;
15.900000 ;-23.745730 ;-22.285501 ;
16.000000 ;-23.745409 ;-22.266894 ;
16.100000 ;-23.727424 ;-22.248552 ;
16.200000 ;-23.716628 ;-22.231533 ;
16.300000 ;-23.711824 ;-22.215735 ;
16.400000 ;-23.700195 ;-22.200541 ;
16.500000 ;-23.690762 ;-22.186307 ;
16.600000 ;-23.687485 ;-22.173166 ;
16.700000 ;-23.679005 ;-22.160574 ;
16.800000 ;-23.665559 ;-22.148502 ;
16.900000 ;-23.660765 ;-22.137515 ;
17.000000 ;-23.669052 ;-22.127767 ;
17.100000 ;-23.663357 ;-22.118039 ;
17.200000 ;-23.638927 ;-22.108089 ;
17.300000 ;-23.620088 ;-22.098953 ;
17.400000 ;-23.630451 ;-22.091637 ;
17.500000 ;-23.629685 ;-22.084341 ;
17.600000 ;-23.615926 ;-22.076959 ;
17.700000 ;-23.616788 ;-22.070677 ;
17.800000 ;-23.615898 ;-22.064750 ;
17.900000 ;-23.608301 ;-22.058940 ;
18.000000 ;-23.607064 ;-22.053795 ;
18.100000 ;-23.608477 ;-22.049133 ;
18.200000 ;-23.602569 ;-22.044498 ;
18.300000 ;-23.593743 ;-22.040062 ;
18.400000 ;-23.599098 ;-22.036555 ;
18.500000 ;-23.608956 ;-22.033534 ;
18.600000 ;-23.600161 ;-22.029979 ;
18.700000 ;-23.578024 ;-22.026104 ;
18.800000 ;-23.576000 ;-22.023351 ;
18.900000 ;-23.588311 ;-22.021452 ;
19.000000 ;-23.583306 ;-22.019018 ;
19.100000 ;-23.575880 ;-22.016685 ;
19.200000 ;-23.581838 ;-22.015129 ;
19.300000 ;-23.580738 ;-22.013450 ;
19.400000 ;-23.575649 ;-22.011769 ;
19.500000 ;-23.579948 ;-22.010658 ;
19.600000 ;-23.581966 ;-22.009602 ;
19.700000 ;-23.575895 ;-22.008337 ;
19.800000 ;-23.571521 ;-22.007282 ;
19.900000 ;-23.584045 ;-22.007087 ;
20.000000 ;-23.590299 ;-22.006738 ;
20.100000 ;-23.576652 ;-22.005639 ;
20.200000 ;-23.559615 ;-22.004499 ;
20.300000 ;-23.577611 ;-22.004976 ;
20.400000 ;-23.599134 ;-22.005695 ;
20.500000 ;-23.580725 ;-22.004773 ;
20.600000 ;-23.549508 ;-22.003382 ;
20.700000 ;-23.569568 ;-22.004287 ;
20.800000 ;-23.581805 ;-22.004921 ;
20.900000 ;-23.566647 ;-22.004434 ;
21.000000 ;-23.569509 ;-22.004793 ;
21.100000 ;-23.577264 ;-22.005422 ;
21.200000 ;-23.573675 ;-22.005612 ;
21.300000 ;-23.575481 ;-22.006087 ;
21.400000 ;-23.580426 ;-22.006746 ;
21.500000 ;-23.578418 ;-22.007145 ;
21.600000 ;-23.575655 ;-22.007553 ;
21.700000 ;-23.584152 ;-22.008488 ;
21.800000 ;-23.588903 ;-22.009294 ;
21.900000 ;-23.581509 ;-22.009606 ;
22.000000 ;-23.573073 ;-22.009902 ;
22.100000 ;-23.589663 ;-22.011311 ;
22.200000 ;-23.607619 ;-22.012804 ;
22.300000 ;-23.593630 ;-22.012936 ;
22.400000 ;-23.564203 ;-22.012423 ;
22.500000 ;-23.577680 ;-22.013789 ;
22.600000 ;-23.603901 ;-22.015721 ;
22.700000 ;-23.589779 ;-22.015922 ;
22.800000 ;-23.568891 ;-22.015847 ;
22.900000 ;-23.587828 ;-22.017514 ;
23.000000 ;-23.591545 ;-22.018530 ;
23.100000 ;-23.585617 ;-22.019138 ;
23.200000 ;-23.593515 ;-22.020357 ;
23.300000 ;-23.595762 ;-22.021339 ;
23.400000 ;-23.592863 ;-22.022105 ;
23.500000 ;-23.598232 ;-22.023237 ;
23.600000 ;-23.602943 ;-22.024346 ;
23.700000 ;-23.599608 ;-22.025110 ;
23.800000 ;-23.595745 ;-22.025855 ;
23.900000 ;-23.608602 ;-22.027330 ;
24.000000 ;-23.619609 ;-22.028727 ;
24.100000 ;-23.609801 ;-22.029222 ;
24.200000 ;-23.590990 ;-22.029328 ;
24.300000 ;-23.603197 ;-22.030782 ;
24.400000 ;-23.632959 ;-22.032994 ;
24.500000 ;-23.622901 ;-22.033480 ;
24.600000 ;-23.587093 ;-22.032853 ;
24.700000 ;-23.600080 ;-22.034343 ;
24.800000 ;-23.619483 ;-22.036106 ;
24.900000 ;-23.608384 ;-22.036540 ;
25.000000 ;-23.607786 ;-22.037432 ;
25.100000 ;-23.617666 ;-22.038777 ;
25.200000 ;-23.616250 ;-22.039627 ;
25.300000 ;-23.617691 ;-22.040599 ;
25.400000 ;-23.623638 ;-22.041764 ;
25.500000 ;-23.623156 ;-22.042646 ;
25.600000 ;-23.620592 ;-22.043433 ;
25.700000 ;-23.628863 ;-22.044688 ;
25.800000 ;-23.635595 ;-22.045873 ;
25.900000 ;-23.630017 ;-22.046517 ;
26.000000 ;-23.620603 ;-22.046989 ;
26.100000 ;-23.633885 ;-22.048446 ;
26.200000 ;-23.657003 ;-22.050323 ;
26.300000 ;-23.648343 ;-22.050815 ;
26.400000 ;-23.616297 ;-22.050289 ;
26.500000 ;-23.619934 ;-22.051310 ;
26.600000 ;-23.652228 ;-22.053567 ;
26.700000 ;-23.645234 ;-22.054110 ;
26.800000 ;-23.619036 ;-22.053817 ;
26.900000 ;-23.636178 ;-22.055407 ;
27.000000 ;-23.643364 ;-22.056555 ;
27.100000 ;-23.637518 ;-22.057130 ;
27.200000 ;-23.644825 ;-22.058275 ;
27.300000 ;-23.648174 ;-22.059241 ;
27.400000 ;-23.645671 ;-22.059947 ;
27.500000 ;-23.650329 ;-22.060961 ;
27.600000 ;-23.655797 ;-22.062005 ;
27.700000 ;-23.653435 ;-22.062702 ;
27.800000 ;-23.649005 ;-22.063303 ;
27.900000 ;-23.660266 ;-22.064584 ;
28.000000 ;-23.673812 ;-22.065959 ;
28.100000 ;-23.666573 ;-22.066423 ;
28.200000 ;-23.646270 ;-22.066313 ;
28.300000 ;-23.649485 ;-22.067224 ;
28.400000 ;-23.664777 ;-22.068656 ;
28.500000 ;-23.661573 ;-22.069275 ;
28.600000 ;-23.658786 ;-22.069908 ;
28.700000 ;-23.666871 ;-22.071012 ;
28.800000 ;-23.667314 ;-22.071776 ;
28.900000 ;-23.665760 ;-22.072449 ;
29.000000 ;-23.672648 ;-22.073486 ;
29.100000 ;-23.675388 ;-22.074337 ;
29.200000 ;-23.670864 ;-22.074865 ;
29.300000 ;-23.670738 ;-22.075581 ;
29.400000 ;-23.686274 ;-22.076977 ;
29.500000 ;-23.691529 ;-22.077918 ;
29.600000 ;-23.677094 ;-22.077996 ;
29.700000 ;-23.663323 ;-22.078099 ;
29.800000 ;-23.688032 ;-22.079875 ;
29.900000 ;-23.709113 ;-22.081486 ;
30.000000 ;-23.686496 ;-22.081190 ;
30.100000 ;-23.656316 ;-22.080564 ;
30.200000 ;-23.681989 ;-22.082368 ;
30.300000 ;-23.693311 ;-22.083538 ;
30.400000 ;-23.677593 ;-22.083523 ;
30.500000 ;-23.684434 ;-22.084493 ;
30.600000 ;-23.691824 ;-22.085482 ;
30.700000 ;-23.688736 ;-22.086008 ;
30.800000 ;-23.693000 ;-22.086852 ;
30.900000 ;-23.697572 ;-22.087706 ;
31.000000 ;-23.695442 ;-22.088262 ;
31.100000 ;-23.695197 ;-22.088896 ;
31.200000 ;-23.704824 ;-22.089959 ;
31.300000 ;-23.707841 ;-22.090729 ;
31.400000 ;-23.699612 ;-22.091003 ;
31.500000 ;-23.694232 ;-22.091398 ;
31.600000 ;-23.715909 ;-22.092972 ;
31.700000 ;-23.730623 ;-22.094236 ;
31.800000 ;-23.711406 ;-22.094016 ;
31.900000 ;-23.682845 ;-22.093387 ;
32.000000 ;-23.704534 ;-22.094948 ;
32.100000 ;-23.728638 ;-22.096608 ;
32.200000 ;-23.708750 ;-22.096342 ;
32.300000 ;-23.692345 ;-22.096230 ;
32.400000 ;-23.712276 ;-22.097703 ;
32.500000 ;-23.713697 ;-22.098360 ;
32.600000 ;-23.710004 ;-22.098791 ;
32.700000 ;-23.717950 ;-22.099729 ;
32.800000 ;-23.718903 ;-22.100357 ;
32.900000 ;-23.716982 ;-22.100855 ;
33.000000 ;-23.723397 ;-22.101717 ;
33.100000 ;-23.726493 ;-22.102429 ;
33.200000 ;-23.722221 ;-22.102815 ;
33.300000 ;-23.720810 ;-22.103324 ;
33.400000 ;-23.736116 ;-22.104562 ;
33.500000 ;-23.743290 ;-22.105441 ;
33.600000 ;-23.729708 ;-22.105407 ;
33.700000 ;-23.712980 ;-22.105234 ;
33.800000 ;-23.726024 ;-22.106362 ;
33.900000 ;-23.735377 ;-22.107325 ;
34.000000 ;-23.727817 ;-22.107543 ;
34.100000 ;-23.730807 ;-22.108222 ;
34.200000 ;-23.737005 ;-22.109039 ;
34.300000 ;-23.734947 ;-22.109490 ;
34.400000 ;-23.735888 ;-22.110071 ;
34.500000 ;-23.742781 ;-22.110911 ;
34.600000 ;-23.742810 ;-22.111446 ;
34.700000 ;-23.737241 ;-22.111733 ;
34.800000 ;-23.742307 ;-22.112484 ;
34.900000 ;-23.757386 ;-22.113671 ;
35.000000 ;-23.755982 ;-22.114133 ;
35.100000 ;-23.737956 ;-22.113864 ;
35.200000 ;-23.733628 ;-22.114194 ;
35.300000 ;-23.764816 ;-22.116075 ;
35.400000 ;-23.771451 ;-22.116877 ;
35.500000 ;-23.739375 ;-22.115985 ;
35.600000 ;-23.729144 ;-22.116050 ;
35.700000 ;-23.756072 ;-22.117737 ;
35.800000 ;-23.754750 ;-22.118182 ;
35.900000 ;-23.741715 ;-22.118111 ;
36.000000 ;-23.753958 ;-22.119150 ;
36.100000 ;-23.756593 ;-22.119763 ;
36.200000 ;-23.753535 ;-22.120124 ;
36.300000 ;-23.759906 ;-22.120897 ;
36.400000 ;-23.762107 ;-22.121485 ;
36.500000 ;-23.758546 ;-22.121817 ;
36.600000 ;-23.761914 ;-22.122451 ;
36.700000 ;-23.771123 ;-22.123340 ;
36.800000 ;-23.769926 ;-22.123769 ;
36.900000 ;-23.759685 ;-22.123799 ;
37.000000 ;-23.761407 ;-22.124352 ;
37.100000 ;-23.786480 ;-22.125927 ;
37.200000 ;-23.790001 ;-22.126554 ;
37.300000 ;-23.762430 ;-22.125817 ;
37.400000 ;-23.746258 ;-22.125579 ;
37.500000 ;-23.779117 ;-22.127488 ;
37.600000 ;-23.787256 ;-22.128307 ;
37.700000 ;-23.759144 ;-22.127537 ;
37.800000 ;-23.762664 ;-22.128156 ;
37.900000 ;-23.776875 ;-22.129240 ;
38.000000 ;-23.771936 ;-22.129479 ;
38.100000 ;-23.774104 ;-22.130031 ;
38.200000 ;-23.780137 ;-22.130750 ;
38.300000 ;-23.778318 ;-22.131122 ;
38.400000 ;-23.778952 ;-22.131600 ;
38.500000 ;-23.785573 ;-22.132339 ;
38.600000 ;-23.785716 ;-22.132791 ;
38.700000 ;-23.780104 ;-22.132988 ;
38.800000 ;-23.784172 ;-22.133610 ;
38.900000 ;-23.800063 ;-22.134749 ;
39.000000 ;-23.799907 ;-22.135180 ;
39.100000 ;-23.781299 ;-22.134799 ;
39.200000 ;-23.772928 ;-22.134867 ;
39.300000 ;-23.789988 ;-22.136051 ;
39.400000 ;-23.792119 ;-22.136575 ;
39.500000 ;-23.784058 ;-22.136649 ;
39.600000 ;-23.791705 ;-22.137415 ;
39.700000 ;-23.794695 ;-22.137972 ;
39.800000 ;-23.791287 ;-22.138247 ;
39.900000 ;-23.791423 ;-22.138582 ;
40.000000 ;-23.788734 ;-22.138479 ;
40.100000 ;-23.795742 ;-22.139266 ;
40.200000 ;-23.823904 ;-22.143270 ;
40.300000 ;-23.892693 ;-22.154226 ;
40.400000 ;-23.992921 ;-22.173506 ;
40.500000 ;-24.103461 ;-22.200799 ;
40.600000 ;-24.253369 ;-22.238297 ;
40.700000 ;-24.420897 ;-22.284809 ;
40.800000 ;-24.583391 ;-22.338720 ;
40.900000 ;-24.754416 ;-22.400352 ;
41.000000 ;-24.935524 ;-22.469277 ;
41.100000 ;-25.107331 ;-22.543755 ;
41.200000 ;-25.271835 ;-22.623252 ;
41.300000 ;-25.446990 ;-22.708164 ;
41.400000 ;-25.620180 ;-22.797153 ;
41.500000 ;-25.774136 ;-22.888614 ;
41.600000 ;-25.917455 ;-22.982449 ;
41.700000 ;-26.080369 ;-23.079833 ;
41.800000 ;-26.245468 ;-23.179268 ;
41.900000 ;-26.376226 ;-23.278167 ;
42.000000 ;-26.486328 ;-23.376852 ;
42.100000 ;-26.630658 ;-23.478051 ;
42.200000 ;-26.778356 ;-23.579599 ;
42.300000 ;-26.886464 ;-23.678603 ;
42.400000 ;-26.986581 ;-23.776565 ;
42.500000 ;-27.116301 ;-23.875378 ;
42.600000 ;-27.226300 ;-23.971816 ;
42.700000 ;-27.319359 ;-24.065760 ;
42.800000 ;-27.424924 ;-24.158721 ;
42.900000 ;-27.522042 ;-24.249195 ;
43.000000 ;-27.604738 ;-24.336599 ;
43.100000 ;-27.690533 ;-24.421809 ;
43.200000 ;-27.778282 ;-24.504583 ;
43.300000 ;-27.850562 ;-24.583692 ;
43.400000 ;-27.911157 ;-24.659241 ;
43.500000 ;-27.984047 ;-24.732612 ;
43.600000 ;-28.062265 ;-24.803290 ;
43.700000 ;-28.113988 ;-24.869206 ;
43.800000 ;-28.144442 ;-24.930644 ;
43.900000 ;-28.197066 ;-24.990328 ;
44.000000 ;-28.270481 ;-25.048176 ;
44.100000 ;-28.307006 ;-25.100515 ;
44.200000 ;-28.313998 ;-25.147846 ;
44.300000 ;-28.357688 ;-25.194464 ;
44.400000 ;-28.406206 ;-25.238382 ;
44.500000 ;-28.423930 ;-25.277373 ;
44.600000 ;-28.443770 ;-25.313649 ;
44.700000 ;-28.477325 ;-25.348052 ;
44.800000 ;-28.495621 ;-25.378805 ;
44.900000 ;-28.507527 ;-25.406589 ;
45.000000 ;-28.530166 ;-25.432631 ;
45.100000 ;-28.544966 ;-25.455835 ;
45.200000 ;-28.548507 ;-25.476098 ;
45.300000 ;-28.557600 ;-25.494634 ;
45.400000 ;-28.577508 ;-25.511906 ;
45.500000 ;-28.582918 ;-25.526379 ;
45.600000 ;-28.571421 ;-25.538012 ;
45.700000 ;-28.569139 ;-25.548630 ;
45.800000 ;-28.596372 ;-25.559677 ;
45.900000 ;-28.602776 ;-25.567961 ;
46.000000 ;-28.573887 ;-25.572639 ;
46.100000 ;-28.555476 ;-25.576816 ;
46.200000 ;-28.582046 ;-25.582854 ;
46.300000 ;-28.583460 ;-25.586243 ;
46.400000 ;-28.554649 ;-25.586740 ;
46.500000 ;-28.555333 ;-25.588351 ;
46.600000 ;-28.561668 ;-25.589588 ;
46.700000 ;-28.549082 ;-25.588915 ;
46.800000 ;-28.542302 ;-25.588026 ;
46.900000 ;-28.543176 ;-25.587109 ;
47.000000 ;-28.533926 ;-25.585060 ;
47.100000 ;-28.521807 ;-25.582412 ;
47.200000 ;-28.522592 ;-25.580256 ;
47.300000 ;-28.519054 ;-25.577510 ;
47.400000 ;-28.503120 ;-25.573691 ;
47.500000 ;-28.488199 ;-25.569723 ;
47.600000 ;-28.497331 ;-25.567154 ;
47.700000 ;-28.500439 ;-25.564048 ;
47.800000 ;-28.475619 ;-25.559004 ;
47.900000 ;-28.443853 ;-25.553427 ;
48.000000 ;-28.455548 ;-25.550644 ;
48.100000 ;-28.470512 ;-25.548048 ;
48.200000 ;-28.442499 ;-25.542636 ;
48.300000 ;-28.406179 ;-25.536696 ;
48.400000 ;-28.420520 ;-25.534101 ;
48.500000 ;-28.420097 ;-25.530588 ;
48.600000 ;-28.397431 ;-25.525683 ;
48.700000 ;-28.395467 ;-25.522205 ;
48.800000 ;-28.393768 ;-25.518828 ;
48.900000 ;-28.380538 ;-25.514791 ;
49.000000 ;-28.374042 ;-25.511294 ;
49.100000 ;-28.372718 ;-25.508242 ;
49.200000 ;-28.362425 ;-25.504717 ;
49.300000 ;-28.348191 ;-25.501051 ;
49.400000 ;-28.349159 ;-25.498498 ;
49.500000 ;-28.352059 ;-25.496192 ;
49.600000 ;-28.337142 ;-25.492848 ;
49.700000 ;-28.312765 ;-25.489011 ;
49.800000 ;-28.314286 ;-25.486987 ;
49.900000 ;-28.335039 ;-25.486342 ;
50.000000 ;-28.321008 ;-25.483554 ;
50.100000 ;-28.277739 ;-25.478984 ;
50.200000 ;-28.273189 ;-25.477057 ;
50.300000 ;-28.295233 ;-25.476979 ;
50.400000 ;-28.280090 ;-25.474596 ;
50.500000 ;-28.252373 ;-25.471510 ;
50.600000 ;-28.262035 ;-25.470967 ;
50.700000 ;-28.259533 ;-25.469739 ;
50.800000 ;-28.245785 ;-25.467883 ;
50.900000 ;-28.246311 ;-25.467058 ;
51.000000 ;-28.243313 ;-25.466100 ;
51.100000 ;-28.232191 ;-25.464708 ;
51.200000 ;-28.228052 ;-25.463862 ;
51.300000 ;-28.230679 ;-25.463543 ;
51.400000 ;-28.223097 ;-25.462643 ;
51.500000 ;-28.207072 ;-25.461273 ;
51.600000 ;-28.204659 ;-25.460865 ;
51.700000 ;-28.221122 ;-25.461758 ;
51.800000 ;-28.215834 ;-25.461306 ;
51.900000 ;-28.183778 ;-25.459179 ;
52.000000 ;-28.165482 ;-25.458008 ;
52.100000 ;-28.194967 ;-25.460003 ;
52.200000 ;-28.198916 ;-25.460394 ;
52.300000 ;-28.159821 ;-25.458042 ;
52.400000 ;-28.148043 ;-25.457513 ;
52.500000 ;-28.166034 ;-25.458965 ;
52.600000 ;-28.157138 ;-25.458712 ;
52.700000 ;-28.144832 ;-25.458278 ;
52.800000 ;-28.150375 ;-25.459041 ;
52.900000 ;-28.145848 ;-25.459184 ;
53.000000 ;-28.137296 ;-25.459098 ;
53.100000 ;-28.139539 ;-25.459744 ;
53.200000 ;-28.137367 ;-25.460129 ;
53.300000 ;-28.127101 ;-25.460013 ;
53.400000 ;-28.122399 ;-25.460282 ;
53.500000 ;-28.132295 ;-25.461520 ;
53.600000 ;-28.130839 ;-25.462039 ;
53.700000 ;-28.111318 ;-25.461400 ;
53.800000 ;-28.095656 ;-25.461026 ;
53.900000 ;-28.118881 ;-25.463193 ;
54.000000 ;-28.133368 ;-25.464803 ;
54.100000 ;-28.103023 ;-25.463511 ;
54.200000 ;-28.065055 ;-25.461731 ;
54.300000 ;-28.089010 ;-25.463980 ;
54.400000 ;-28.101754 ;-25.465505 ;
54.500000 ;-28.075826 ;-25.464523 ;
54.600000 ;-28.071400 ;-25.464941 ;
54.700000 ;-28.080745 ;-25.466253 ;
54.800000 ;-28.073389 ;-25.466480 ;
54.900000 ;-28.070108 ;-25.466972 ;
55.000000 ;-28.073080 ;-25.467867 ;
55.100000 ;-28.067904 ;-25.468230 ;
55.200000 ;-28.061162 ;-25.468487 ;
55.300000 ;-28.066044 ;-25.469496 ;
55.400000 ;-28.066888 ;-25.470237 ;
55.500000 ;-28.056097 ;-25.470215 ;
55.600000 ;-28.045522 ;-25.470201 ;
55.700000 ;-28.060440 ;-25.471837 ;
55.800000 ;-28.073681 ;-25.473356 ;
55.900000 ;-28.054947 ;-25.472789 ;
56.000000 ;-28.021289 ;-25.471243 ;
56.100000 ;-28.031568 ;-25.472542 ;
56.200000 ;-28.062515 ;-25.475174 ;
56.300000 ;-28.045416 ;-25.474676 ;
56.400000 ;-28.005662 ;-25.472699 ;
56.500000 ;-28.022747 ;-25.474400 ;
56.600000 ;-28.031799 ;-25.475568 ;
56.700000 ;-28.017340 ;-25.475197 ;
56.800000 ;-28.020506 ;-25.475960 ;
56.900000 ;-28.023439 ;-25.476696 ;
57.000000 ;-28.016823 ;-25.476798 ;
57.100000 ;-28.016888 ;-25.477324 ;
57.200000 ;-28.019888 ;-25.478028 ;
57.300000 ;-28.014721 ;-25.478188 ;
57.400000 ;-28.006822 ;-25.478158 ;
57.500000 ;-28.014094 ;-25.479103 ;
57.600000 ;-28.022905 ;-25.480135 ;
57.700000 ;-28.012842 ;-25.479928 ;
57.800000 ;-27.991643 ;-25.478984 ;
57.900000 ;-27.995432 ;-25.479651 ;
58.000000 ;-28.027791 ;-25.482163 ;
58.100000 ;-28.022932 ;-25.482244 ;
58.200000 ;-27.978431 ;-25.479740 ;
58.300000 ;-27.968793 ;-25.479487 ;
58.400000 ;-28.001026 ;-25.481940 ;
58.500000 ;-27.994866 ;-25.481887 ;
58.600000 ;-27.970445 ;-25.480637 ;
58.700000 ;-27.983825 ;-25.481830 ;
58.800000 ;-27.985935 ;-25.482279 ;
58.900000 ;-27.978589 ;-25.482100 ;
59.000000 ;-27.983176 ;-25.482685 ;
59.100000 ;-27.983327 ;-25.482971 ;
59.200000 ;-27.976942 ;-25.482819 ;
59.300000 ;-27.978172 ;-25.483151 ;
59.400000 ;-27.984232 ;-25.483786 ;
59.500000 ;-27.979907 ;-25.483734 ;
59.600000 ;-27.967773 ;-25.483164 ;
59.700000 ;-27.969643 ;-25.483493 ;
59.800000 ;-27.992819 ;-25.485196 ;
59.900000 ;-27.992501 ;-25.485362 ;
60.000000 ;-27.960926 ;-25.483486 ;
60.100000 ;-27.939691 ;-25.482272 ;
60.200000 ;-27.975478 ;-25.484751 ;
60.300000 ;-27.988968 ;-25.485773 ;
60.400000 ;-27.951488 ;-25.483476 ;
60.500000 ;-27.937473 ;-25.482694 ;
60.600000 ;-27.960273 ;-25.484292 ;
60.700000 ;-27.956237 ;-25.484136 ;
60.800000 ;-27.948905 ;-25.483758 ;
60.900000 ;-27.956481 ;-25.484338 ;
61.000000 ;-27.954571 ;-25.484293 ;
61.100000 ;-27.950492 ;-25.484098 ;
61.200000 ;-27.955285 ;-25.484472 ;
61.300000 ;-27.955072 ;-25.484511 ;
61.400000 ;-27.947802 ;-25.484083 ;
61.500000 ;-27.947080 ;-25.484072 ;
61.600000 ;-27.960426 ;-25.484969 ;
61.700000 ;-27.961290 ;-25.485046 ;
61.800000 ;-27.943230 ;-25.483885 ;
61.900000 ;-27.928462 ;-25.482930 ;
62.000000 ;-27.942724 ;-25.483855 ;
62.100000 ;-27.947179 ;-25.484136 ;
62.200000 ;-27.934971 ;-25.483326 ;
62.300000 ;-27.937180 ;-25.483447 ;
62.400000 ;-27.942363 ;-25.483754 ;
62.500000 ;-27.936926 ;-25.483363 ;
62.600000 ;-27.934246 ;-25.483146 ;
62.700000 ;-27.941306 ;-25.483555 ;
62.800000 ;-27.940182 ;-25.483426 ;
62.900000 ;-27.930240 ;-25.482718 ;
63.000000 ;-27.930827 ;-25.482688 ;
63.100000 ;-27.946819 ;-25.483654 ;
63.200000 ;-27.945595 ;-25.483495 ;
63.300000 ;-27.923681 ;-25.481985 ;
63.400000 ;-27.914393 ;-25.481291 ;
63.500000 ;-27.943561 ;-25.483089 ;
63.600000 ;-27.949434 ;-25.483370 ;
63.700000 ;-27.916787 ;-25.481144 ;
63.800000 ;-27.905426 ;-25.480296 ;
63.900000 ;-27.930041 ;-25.481779 ;
64.000000 ;-27.926941 ;-25.481457 ;
64.100000 ;-27.910161 ;-25.480241 ;
64.200000 ;-27.921102 ;-25.480822 ;
64.300000 ;-27.923334 ;-25.480833 ;
64.400000 ;-27.915898 ;-25.480210 ;
64.500000 ;-27.920338 ;-25.480355 ;
64.600000 ;-27.923303 ;-25.480401 ;
64.700000 ;-27.917232 ;-25.479854 ;
64.800000 ;-27.914245 ;-25.479504 ;
64.900000 ;-27.924582 ;-25.480017 ;
65.000000 ;-27.926113 ;-25.479954 ;
65.100000 ;-27.912890 ;-25.478927 ;
65.200000 ;-27.903942 ;-25.478175 ;
65.300000 ;-27.926460 ;-25.479465 ;
65.400000 ;-27.938233 ;-25.480053 ;
65.500000 ;-27.913707 ;-25.478280 ;
65.600000 ;-27.885464 ;-25.476262 ;
65.700000 ;-27.911080 ;-25.477740 ;
65.800000 ;-27.926714 ;-25.478565 ;
65.900000 ;-27.901753 ;-25.476753 ;
66.000000 ;-27.892677 ;-25.475970 ;
66.100000 ;-27.909183 ;-25.476844 ;
66.200000 ;-27.905714 ;-25.476418 ;
66.300000 ;-27.899906 ;-25.475838 ;
66.400000 ;-27.907217 ;-25.476107 ;
66.500000 ;-27.906154 ;-25.475829 ;
66.600000 ;-27.900382 ;-25.475243 ;
66.700000 ;-27.905933 ;-25.475391 ;
66.800000 ;-27.909404 ;-25.475401 ;
66.900000 ;-27.902336 ;-25.474724 ;
67.000000 ;-27.895201 ;-25.474040 ;
67.100000 ;-27.909266 ;-25.474732 ;
67.200000 ;-27.919926 ;-25.475201 ;
67.300000 ;-27.905196 ;-25.474018 ;
67.400000 ;-27.881137 ;-25.472227 ;
67.500000 ;-27.895767 ;-25.472948 ;
67.600000 ;-27.923827 ;-25.474539 ;
67.700000 ;-27.907565 ;-25.473251 ;
67.800000 ;-27.869872 ;-25.470570 ;
67.900000 ;-27.887251 ;-25.471463 ;
68.000000 ;-27.902056 ;-25.472187 ;
68.100000 ;-27.886654 ;-25.470948 ;
68.200000 ;-27.886765 ;-25.470715 ;
68.300000 ;-27.894944 ;-25.471005 ;
68.400000 ;-27.890450 ;-25.470469 ;
68.500000 ;-27.889605 ;-25.470169 ;
68.600000 ;-27.895030 ;-25.470276 ;
68.700000 ;-27.892626 ;-25.469872 ;
68.800000 ;-27.886272 ;-25.469210 ;
68.900000 ;-27.892926 ;-25.469393 ;
69.000000 ;-27.900986 ;-25.469666 ;
69.100000 ;-27.893645 ;-25.468938 ;
69.200000 ;-27.878247 ;-25.467684 ;
69.300000 ;-27.885969 ;-25.467932 ;
69.400000 ;-27.912912 ;-25.469427 ;
69.500000 ;-27.906569 ;-25.468761 ;
69.600000 ;-27.869061 ;-25.466069 ;
69.700000 ;-27.863981 ;-25.465483 ;
69.800000 ;-27.897517 ;-25.467402 ;
69.900000 ;-27.892748 ;-25.466835 ;
70.000000 ;-27.862915 ;-25.464640 ;
70.100000 ;-27.876639 ;-25.465273 ;
70.200000 ;-27.884067 ;-25.465495 ;
70.300000 ;-27.875298 ;-25.464664 ;
70.400000 ;-27.879900 ;-25.464702 ;
70.500000 ;-27.883216 ;-25.464655 ;
70.600000 ;-27.878192 ;-25.464065 ;
70.700000 ;-27.878737 ;-25.463837 ;
70.800000 ;-27.885195 ;-25.463993 ;
70.900000 ;-27.882803 ;-25.463573 ;
71.000000 ;-27.873455 ;-25.462701 ;
71.100000 ;-27.876875 ;-25.462658 ;
71.200000 ;-27.895627 ;-25.463611 ;
71.300000 ;-27.894064 ;-25.463244 ;
71.400000 ;-27.868717 ;-25.461331 ;
71.500000 ;-27.855571 ;-25.460211 ;
71.600000 ;-27.890226 ;-25.462194 ;
71.700000 ;-27.901741 ;-25.462675 ;
71.800000 ;-27.865081 ;-25.460031 ;
71.900000 ;-27.846957 ;-25.458589 ;
72.000000 ;-27.874742 ;-25.460126 ;
72.100000 ;-27.873832 ;-25.459800 ;
72.200000 ;-27.859533 ;-25.458604 ;
72.300000 ;-27.870296 ;-25.459036 ;
72.400000 ;-27.871634 ;-25.458855 ;
72.500000 ;-27.866450 ;-25.458250 ;
72.600000 ;-27.871622 ;-25.458318 ;
72.700000 ;-27.873266 ;-25.458157 ;
72.800000 ;-27.867482 ;-25.457513 ;
72.900000 ;-27.866814 ;-25.457201 ;
73.000000 ;-27.877981 ;-25.457659 ;
73.100000 ;-27.878787 ;-25.457443 ;
73.200000 ;-27.864599 ;-25.456253 ;
73.300000 ;-27.855030 ;-25.455364 ;
73.400000 ;-27.881039 ;-25.456785 ;
73.500000 ;-27.897580 ;-25.457591 ;
73.600000 ;-27.870859 ;-25.455590 ;
73.700000 ;-27.833977 ;-25.452929 ;
73.800000 ;-27.859208 ;-25.454300 ;
73.900000 ;-27.881225 ;-25.455461 ;
74.000000 ;-27.857013 ;-25.453624 ;
74.100000 ;-27.845762 ;-25.452629 ;
74.200000 ;-27.862469 ;-25.453448 ;
74.300000 ;-27.860024 ;-25.453023 ;
74.400000 ;-27.856807 ;-25.452548 ;
74.500000 ;-27.863103 ;-25.452691 ;
74.600000 ;-27.861548 ;-25.452324 ;
74.700000 ;-27.857351 ;-25.451786 ;
74.800000 ;-27.863458 ;-25.451917 ;
74.900000 ;-27.866129 ;-25.451826 ;
75.000000 ;-27.858931 ;-25.451093 ;
75.100000 ;-27.852574 ;-25.450415 ;
75.200000 ;-27.868615 ;-25.451193 ;
75.300000 ;-27.881148 ;-25.451743 ;
75.400000 ;-27.865556 ;-25.450467 ;
75.500000 ;-27.837496 ;-25.448381 ;
75.600000 ;-27.849372 ;-25.448889 ;
75.700000 ;-27.884783 ;-25.450924 ;
75.800000 ;-27.871587 ;-25.449807 ;
75.900000 ;-27.827273 ;-25.446672 ;
76.000000 ;-27.841468 ;-25.447333 ;
76.100000 ;-27.859660 ;-25.448253 ;
76.200000 ;-27.846338 ;-25.447128 ;
76.300000 ;-27.846849 ;-25.446901 ;
76.400000 ;-27.854359 ;-25.447129 ;
76.500000 ;-27.850520 ;-25.446620 ;
76.600000 ;-27.850925 ;-25.446387 ;
76.700000 ;-27.855652 ;-25.446435 ;
76.800000 ;-27.853040 ;-25.446006 ;
76.900000 ;-27.847556 ;-25.445392 ;
77.000000 ;-27.855108 ;-25.445625 ;
77.100000 ;-27.863401 ;-25.445906 ;
77.200000 ;-27.855863 ;-25.445159 ;
77.300000 ;-27.839644 ;-25.443849 ;
77.400000 ;-27.846088 ;-25.444011 ;
77.500000 ;-27.877858 ;-25.445818 ;
77.600000 ;-27.874738 ;-25.445361 ;
77.700000 ;-27.833098 ;-25.442405 ;
77.800000 ;-27.818937 ;-25.441233 ;
77.900000 ;-27.857137 ;-25.443458 ;
78.000000 ;-27.857571 ;-25.443233 ;
78.100000 ;-27.826008 ;-25.440935 ;
78.200000 ;-27.837995 ;-25.441462 ;
78.300000 ;-27.846453 ;-25.441760 ;
78.400000 ;-27.839201 ;-25.441038 ;
78.500000 ;-27.843869 ;-25.441090 ;
78.600000 ;-27.846761 ;-25.441028 ;
78.700000 ;-27.842246 ;-25.440484 ;
78.800000 ;-27.843422 ;-25.440311 ;
78.900000 ;-27.849639 ;-25.440466 ;
79.000000 ;-27.847222 ;-25.440061 ;
79.100000 ;-27.838153 ;-25.439223 ;
79.200000 ;-27.841464 ;-25.439191 ;
79.300000 ;-27.862106 ;-25.440284 ;
79.400000 ;-27.862137 ;-25.440040 ;
79.500000 ;-27.835521 ;-25.438066 ;
79.600000 ;-27.817216 ;-25.436633 ;
79.700000 ;-27.852024 ;-25.438646 ;
79.800000 ;-27.869681 ;-25.439548 ;
79.900000 ;-27.834143 ;-25.437001 ;
80.000000 ;-27.809388 ;-25.435154 ;
