0.000000 ;-27.500000 ;-20.600000 ;
0.100000 ;-27.518919 ;-20.617166 ;
0.200000 ;-27.526970 ;-20.628637 ;
0.300000 ;-27.517644 ;-20.634837 ;
0.400000 ;-27.502521 ;-20.637625 ;
0.500000 ;-27.502490 ;-20.639536 ;
0.600000 ;-27.496583 ;-20.639230 ;
0.700000 ;-27.487111 ;-20.637344 ;
0.800000 ;-27.487944 ;-20.635474 ;
0.900000 ;-27.487821 ;-20.632871 ;
1.000000 ;-27.479379 ;-20.629070 ;
1.100000 ;-27.471097 ;-20.625004 ;
1.200000 ;-27.482637 ;-20.622576 ;
1.300000 ;-27.493461 ;-20.620028 ;
1.400000 ;-27.480147 ;-20.615325 ;
1.500000 ;-27.454027 ;-20.609536 ;
1.600000 ;-27.457228 ;-20.606480 ;
1.700000 ;-27.472109 ;-20.604604 ;
1.800000 ;-27.465949 ;-20.600995 ;
1.900000 ;-27.461100 ;-20.597662 ;
2.000000 ;-27.468486 ;-20.595587 ;
2.100000 ;-27.467376 ;-20.592918 ;
2.200000 ;-27.463846 ;-20.590197 ;
2.300000 ;-27.470018 ;-20.588504 ;
2.400000 ;-27.472031 ;-20.586596 ;
2.500000 ;-27.465735 ;-20.584094 ;
2.600000 ;-27.462982 ;-20.582051 ;
2.700000 ;-27.478870 ;-20.581809 ;
2.800000 ;-27.485826 ;-20.580898 ;
2.900000 ;-27.469992 ;-20.578070 ;
3.000000 ;-27.450103 ;-20.574994 ;
3.100000 ;-27.462857 ;-20.574937 ;
3.200000 ;-27.473205 ;-20.574765 ;
3.300000 ;-27.463990 ;-20.572938 ;
3.400000 ;-27.464456 ;-20.572061 ;
3.500000 ;-27.471508 ;-20.571851 ;
3.600000 ;-27.468887 ;-20.570850 ;
3.700000 ;-27.466923 ;-20.569977 ;
3.800000 ;-27.474247 ;-20.569995 ;
3.900000 ;-27.475144 ;-20.569498 ;
4.000000 ;-27.467808 ;-20.568320 ;
4.100000 ;-27.467923 ;-20.567856 ;
4.200000 ;-27.484759 ;-20.568931 ;
4.300000 ;-27.487643 ;-20.568802 ;
4.400000 ;-27.468851 ;-20.566778 ;
4.500000 ;-27.454400 ;-20.565176 ;
4.600000 ;-27.482941 ;-20.567443 ;
4.700000 ;-27.500782 ;-20.568787 ;
4.800000 ;-27.472770 ;-20.566070 ;
4.900000 ;-27.443610 ;-20.563274 ;
5.000000 ;-27.471805 ;-20.565617 ;
5.100000 ;-27.480386 ;-20.566232 ;
5.200000 ;-27.461747 ;-20.564439 ;
5.300000 ;-27.468727 ;-20.564949 ;
5.400000 ;-27.475913 ;-20.565493 ;
5.500000 ;-27.470833 ;-20.564957 ;
5.600000 ;-27.473677 ;-20.565142 ;
5.700000 ;-27.478581 ;-20.565524 ;
5.800000 ;-27.475364 ;-20.565192 ;
5.900000 ;-27.472004 ;-20.564858 ;
6.000000 ;-27.481553 ;-20.565686 ;
6.100000 ;-27.486202 ;-20.566085 ;
6.200000 ;-27.476870 ;-20.565244 ;
6.300000 ;-27.466318 ;-20.564301 ;
6.400000 ;-27.484280 ;-20.565910 ;
6.500000 ;-27.504829 ;-20.567757 ;
6.600000 ;-27.489243 ;-20.566384 ;
6.700000 ;-27.454133 ;-20.563275 ;
6.800000 ;-27.465217 ;-20.564290 ;
6.900000 ;-27.496297 ;-20.567094 ;
7.000000 ;-27.482667 ;-20.565915 ;
7.100000 ;-27.454432 ;-20.563438 ;
7.200000 ;-27.473854 ;-20.565212 ;
7.300000 ;-27.479712 ;-20.565779 ;
7.400000 ;-27.470919 ;-20.565041 ;
7.500000 ;-27.477984 ;-20.565721 ;
7.600000 ;-27.480954 ;-20.566036 ;
7.700000 ;-27.476440 ;-20.565686 ;
7.800000 ;-27.479647 ;-20.566026 ;
7.900000 ;-27.485294 ;-20.566586 ;
8.000000 ;-27.481985 ;-20.566347 ;
8.100000 ;-27.474799 ;-20.565764 ;
8.200000 ;-27.483725 ;-20.566620 ;
8.300000 ;-27.499098 ;-20.568053 ;
8.400000 ;-27.492728 ;-20.567546 ;
8.500000 ;-27.469112 ;-20.565500 ;
8.600000 ;-27.467146 ;-20.565387 ;
8.700000 ;-27.503566 ;-20.568700 ;
8.800000 ;-27.506733 ;-20.569048 ;
8.900000 ;-27.466391 ;-20.565517 ;
9.000000 ;-27.457028 ;-20.564748 ;
9.100000 ;-27.486148 ;-20.567411 ;
9.200000 ;-27.482533 ;-20.567155 ;
9.300000 ;-27.468285 ;-20.565951 ;
9.400000 ;-27.480841 ;-20.567138 ;
9.500000 ;-27.482414 ;-20.567345 ;
9.600000 ;-27.478226 ;-20.567038 ;
9.700000 ;-27.481143 ;-20.567365 ;
9.800000 ;-27.482432 ;-20.567547 ;
9.900000 ;-27.490290 ;-20.572489 ;
10.000000 ;-27.517569 ;-20.603092 ;
10.100000 ;-27.533968 ;-20.647276 ;
10.200000 ;-27.538703 ;-20.692916 ;
10.300000 ;-27.493353 ;-20.727527 ;
10.400000 ;-27.423187 ;-20.748353 ;
10.500000 ;-27.330999 ;-20.752926 ;
10.600000 ;-27.222975 ;-20.740540 ;
10.700000 ;-27.099631 ;-20.712314 ;
10.800000 ;-26.962711 ;-20.669578 ;
10.900000 ;-26.820893 ;-20.613789 ;
11.000000 ;-26.685940 ;-20.546894 ;
11.100000 ;-26.547627 ;-20.470201 ;
11.200000 ;-26.398084 ;-20.384700 ;
11.300000 ;-26.247951 ;-20.292640 ;
11.400000 ;-26.121817 ;-20.197219 ;
11.500000 ;-26.002127 ;-20.098345 ;
11.600000 ;-25.861319 ;-19.994985 ;
11.700000 ;-25.712271 ;-19.889147 ;
11.800000 ;-25.602265 ;-19.785393 ;
11.900000 ;-25.508831 ;-19.682689 ;
12.000000 ;-25.385802 ;-19.578173 ;
12.100000 ;-25.254971 ;-19.474059 ;
12.200000 ;-25.170232 ;-19.374874 ;
12.300000 ;-25.082086 ;-19.277260 ;
12.400000 ;-24.978845 ;-19.180678 ;
12.500000 ;-24.894964 ;-19.087901 ;
12.600000 ;-24.818761 ;-18.998258 ;
12.700000 ;-24.736069 ;-18.910877 ;
12.800000 ;-24.660644 ;-18.826839 ;
12.900000 ;-24.596752 ;-18.746501 ;
13.000000 ;-24.528995 ;-18.668828 ;
13.100000 ;-24.458622 ;-18.593917 ;
13.200000 ;-24.402860 ;-18.522934 ;
13.300000 ;-24.357466 ;-18.455547 ;
13.400000 ;-24.299938 ;-18.390210 ;
13.500000 ;-24.232852 ;-18.327044 ;
13.600000 ;-24.185559 ;-18.267930 ;
13.700000 ;-24.164566 ;-18.213197 ;
13.800000 ;-24.120398 ;-18.159546 ;
13.900000 ;-24.050178 ;-18.106715 ;
14.000000 ;-24.008045 ;-18.058126 ;
14.100000 ;-23.994866 ;-18.013727 ;
14.200000 ;-23.955435 ;-17.969891 ;
14.300000 ;-23.905245 ;-17.927528 ;
14.400000 ;-23.886072 ;-17.889207 ;
14.500000 ;-23.859930 ;-17.852424 ;
14.600000 ;-23.825346 ;-17.817004 ;
14.700000 ;-23.803768 ;-17.784213 ;
14.800000 ;-23.781694 ;-17.753120 ;
14.900000 ;-23.753338 ;-17.723287 ;
15.000000 ;-23.730787 ;-17.695387 ;
15.100000 ;-23.717401 ;-17.669549 ;
15.200000 ;-23.696605 ;-17.644682 ;
15.300000 ;-23.667805 ;-17.620679 ;
15.400000 ;-23.649327 ;-17.598599 ;
15.500000 ;-23.651349 ;-17.578989 ;
15.600000 ;-23.637504 ;-17.559577 ;
15.700000 ;-23.599792 ;-17.539823 ;
15.800000 ;-23.571869 ;-17.521710 ;
15.900000 ;-23.585463 ;-17.507097 ;
16.000000 ;-23.579923 ;-17.492267 ;
16.100000 ;-23.541013 ;-17.476321 ;
16.200000 ;-23.525975 ;-17.462659 ;
16.300000 ;-23.531543 ;-17.451032 ;
16.400000 ;-23.516655 ;-17.438930 ;
16.500000 ;-23.502105 ;-17.427565 ;
16.600000 ;-23.500532 ;-17.417654 ;
16.700000 ;-23.490919 ;-17.407901 ;
16.800000 ;-23.479089 ;-17.398620 ;
16.900000 ;-23.477039 ;-17.390494 ;
17.000000 ;-23.471280 ;-17.382687 ;
17.100000 ;-23.458573 ;-17.374976 ;
17.200000 ;-23.451178 ;-17.368062 ;
17.300000 ;-23.457605 ;-17.362423 ;
17.400000 ;-23.453996 ;-17.356617 ;
17.500000 ;-23.434144 ;-17.350254 ;
17.600000 ;-23.418654 ;-17.344532 ;
17.700000 ;-23.437337 ;-17.341189 ;
17.800000 ;-23.445994 ;-17.337591 ;
17.900000 ;-23.417616 ;-17.332131 ;
18.000000 ;-23.389616 ;-17.326998 ;
18.100000 ;-23.410733 ;-17.325045 ;
18.200000 ;-23.414874 ;-17.322354 ;
18.300000 ;-23.393157 ;-17.318391 ;
18.400000 ;-23.395349 ;-17.316079 ;
18.500000 ;-23.399884 ;-17.314126 ;
18.600000 ;-23.392393 ;-17.311674 ;
18.700000 ;-23.392135 ;-17.309846 ;
18.800000 ;-23.394166 ;-17.308339 ;
18.900000 ;-23.389137 ;-17.306590 ;
19.000000 ;-23.385011 ;-17.305059 ;
19.100000 ;-23.391038 ;-17.304279 ;
19.200000 ;-23.391598 ;-17.303322 ;
19.300000 ;-23.381808 ;-17.301891 ;
19.400000 ;-23.374856 ;-17.300755 ;
19.500000 ;-23.391837 ;-17.301144 ;
19.600000 ;-23.401542 ;-17.301217 ;
19.700000 ;-23.382434 ;-17.299704 ;
19.800000 ;-23.357192 ;-17.297931 ;
19.900000 ;-23.376657 ;-17.298873 ;
20.000000 ;-23.396357 ;-17.299910 ;
20.100000 ;-23.375517 ;-17.298652 ;
20.200000 ;-23.356087 ;-17.297555 ;
20.300000 ;-23.375281 ;-17.298794 ;
20.400000 ;-23.376565 ;-17.299044 ;
20.500000 ;-23.368501 ;-17.298806 ;
20.600000 ;-23.376032 ;-17.299543 ;
20.700000 ;-23.377183 ;-17.299957 ;
20.800000 ;-23.373289 ;-17.300123 ;
20.900000 ;-23.378022 ;-17.300842 ;
21.000000 ;-23.381174 ;-17.301510 ;
21.100000 ;-23.376830 ;-17.301776 ;
21.200000 ;-23.373742 ;-17.302153 ;
21.300000 ;-23.386058 ;-17.303468 ;
21.400000 ;-23.392814 ;-17.304487 ;
21.500000 ;-23.381308 ;-17.304462 ;
21.600000 ;-23.366082 ;-17.304246 ;
21.700000 ;-23.383393 ;-17.305962 ;
21.800000 ;-23.407264 ;-17.308082 ;
21.900000 ;-23.391543 ;-17.307903 ;
22.000000 ;-23.357829 ;-17.306692 ;
22.100000 ;-23.375136 ;-17.308489 ;
22.200000 ;-23.392832 ;-17.310319 ;
22.300000 ;-23.378548 ;-17.310285 ;
22.400000 ;-23.377313 ;-17.311033 ;
22.500000 ;-23.387806 ;-17.312481 ;
22.600000 ;-23.385804 ;-17.313202 ;
22.700000 ;-23.386783 ;-17.314108 ;
22.800000 ;-23.392530 ;-17.315303 ;
22.900000 ;-23.391721 ;-17.316117 ;
23.000000 ;-23.389330 ;-17.316844 ;
23.100000 ;-23.397204 ;-17.318181 ;
23.200000 ;-23.402279 ;-17.319356 ;
23.300000 ;-23.396414 ;-17.319890 ;
23.400000 ;-23.389155 ;-17.320344 ;
23.500000 ;-23.404609 ;-17.322136 ;
23.600000 ;-23.422749 ;-17.324086 ;
23.700000 ;-23.411047 ;-17.324283 ;
23.800000 ;-23.382506 ;-17.323493 ;
23.900000 ;-23.392070 ;-17.324942 ;
24.000000 ;-23.422286 ;-17.327598 ;
24.100000 ;-23.411753 ;-17.327860 ;
24.200000 ;-23.384214 ;-17.327125 ;
24.300000 ;-23.402630 ;-17.329090 ;
24.400000 ;-23.410477 ;-17.330427 ;
24.500000 ;-23.403138 ;-17.330868 ;
24.600000 ;-23.410516 ;-17.332174 ;
24.700000 ;-23.414376 ;-17.333269 ;
24.800000 ;-23.411817 ;-17.333981 ;
24.900000 ;-23.416311 ;-17.335106 ;
25.000000 ;-23.421421 ;-17.336264 ;
25.100000 ;-23.419160 ;-17.336982 ;
25.200000 ;-23.415669 ;-17.337624 ;
25.300000 ;-23.427005 ;-17.339135 ;
25.400000 ;-23.437796 ;-17.340609 ;
25.500000 ;-23.429969 ;-17.340982 ;
25.600000 ;-23.412875 ;-17.340803 ;
25.700000 ;-23.419084 ;-17.341995 ;
25.800000 ;-23.432092 ;-17.343581 ;
25.900000 ;-23.427669 ;-17.344133 ;
26.000000 ;-23.425465 ;-17.344812 ;
26.100000 ;-23.433788 ;-17.346107 ;
26.200000 ;-23.434075 ;-17.346923 ;
26.300000 ;-23.431790 ;-17.347581 ;
26.400000 ;-23.439124 ;-17.348802 ;
26.500000 ;-23.442577 ;-17.349789 ;
26.600000 ;-23.437801 ;-17.350284 ;
26.700000 ;-23.436648 ;-17.350988 ;
26.800000 ;-23.451935 ;-17.352657 ;
26.900000 ;-23.457799 ;-17.353765 ;
27.000000 ;-23.444050 ;-17.353709 ;
27.100000 ;-23.431215 ;-17.353703 ;
27.200000 ;-23.454798 ;-17.355839 ;
27.300000 ;-23.472081 ;-17.357596 ;
27.400000 ;-23.450707 ;-17.357071 ;
27.500000 ;-23.427896 ;-17.356460 ;
27.600000 ;-23.452642 ;-17.358646 ;
27.700000 ;-23.460131 ;-17.359806 ;
27.800000 ;-23.445605 ;-17.359662 ;
27.900000 ;-23.453642 ;-17.360847 ;
28.000000 ;-23.460363 ;-17.361949 ;
28.100000 ;-23.456801 ;-17.362438 ;
28.200000 ;-23.461046 ;-17.363383 ;
28.300000 ;-23.466230 ;-17.364380 ;
28.400000 ;-23.464110 ;-17.364939 ;
28.500000 ;-23.462979 ;-17.365551 ;
28.600000 ;-23.473040 ;-17.366822 ;
28.700000 ;-23.477145 ;-17.367735 ;
28.800000 ;-23.469034 ;-17.367920 ;
28.900000 ;-23.462659 ;-17.368204 ;
29.000000 ;-23.482808 ;-17.370050 ;
29.100000 ;-23.497383 ;-17.371562 ;
29.200000 ;-23.479851 ;-17.371173 ;
29.300000 ;-23.454216 ;-17.370303 ;
29.400000 ;-23.475681 ;-17.372211 ;
29.500000 ;-23.495735 ;-17.374028 ;
29.600000 ;-23.477045 ;-17.373551 ;
29.700000 ;-23.465917 ;-17.373521 ;
29.800000 ;-23.483729 ;-17.375198 ;
29.900000 ;-23.484085 ;-17.375835 ;
30.000000 ;-23.480643 ;-17.376244 ;
30.100000 ;-23.488728 ;-17.377333 ;
30.200000 ;-23.489818 ;-17.378002 ;
30.300000 ;-23.487383 ;-17.378459 ;
30.400000 ;-23.494016 ;-17.379450 ;
30.500000 ;-23.498031 ;-17.380281 ;
30.600000 ;-23.493817 ;-17.380620 ;
30.700000 ;-23.491121 ;-17.381046 ;
30.800000 ;-23.506003 ;-17.382509 ;
30.900000 ;-23.514846 ;-17.383611 ;
31.000000 ;-23.502397 ;-17.383448 ;
31.100000 ;-23.485119 ;-17.382996 ;
31.200000 ;-23.503818 ;-17.384671 ;
31.300000 ;-23.528658 ;-17.386701 ;
31.400000 ;-23.512052 ;-17.386278 ;
31.500000 ;-23.480682 ;-17.384983 ;
31.600000 ;-23.501523 ;-17.386774 ;
31.700000 ;-23.514670 ;-17.388102 ;
31.800000 ;-23.501348 ;-17.387858 ;
31.900000 ;-23.506026 ;-17.388680 ;
32.000000 ;-23.513792 ;-17.389682 ;
32.100000 ;-23.511062 ;-17.390057 ;
32.200000 ;-23.514181 ;-17.390777 ;
32.300000 ;-23.519464 ;-17.391623 ;
32.400000 ;-23.517876 ;-17.392057 ;
32.500000 ;-23.515952 ;-17.392468 ;
32.600000 ;-23.525452 ;-17.393554 ;
32.700000 ;-23.530787 ;-17.394390 ;
32.800000 ;-23.523414 ;-17.394469 ;
32.900000 ;-23.514768 ;-17.394469 ;
33.000000 ;-23.532163 ;-17.396011 ;
33.100000 ;-23.551944 ;-17.397690 ;
33.200000 ;-23.537993 ;-17.397368 ;
33.300000 ;-23.506980 ;-17.396035 ;
33.400000 ;-23.520379 ;-17.397332 ;
33.500000 ;-23.547213 ;-17.399417 ;
33.600000 ;-23.533362 ;-17.399088 ;
33.700000 ;-23.514271 ;-17.398449 ;
33.800000 ;-23.532847 ;-17.400044 ;
33.900000 ;-23.535859 ;-17.400709 ;
34.000000 ;-23.531308 ;-17.400922 ;
34.100000 ;-23.539046 ;-17.401864 ;
34.200000 ;-23.540771 ;-17.402446 ;
34.300000 ;-23.538146 ;-17.402767 ;
34.400000 ;-23.543928 ;-17.403586 ;
34.500000 ;-23.548397 ;-17.404323 ;
34.600000 ;-23.544704 ;-17.404573 ;
34.700000 ;-23.540800 ;-17.404808 ;
34.800000 ;-23.554405 ;-17.406082 ;
34.900000 ;-23.565866 ;-17.407225 ;
35.000000 ;-23.555261 ;-17.407055 ;
35.100000 ;-23.535021 ;-17.406311 ;
35.200000 ;-23.543109 ;-17.407249 ;
35.300000 ;-23.556086 ;-17.408474 ;
35.400000 ;-23.550451 ;-17.408590 ;
35.500000 ;-23.550370 ;-17.409034 ;
35.600000 ;-23.557480 ;-17.409905 ;
35.700000 ;-23.556543 ;-17.410294 ;
35.800000 ;-23.556152 ;-17.410714 ;
35.900000 ;-23.562905 ;-17.411557 ;
36.000000 ;-23.564083 ;-17.412066 ;
36.100000 ;-23.558958 ;-17.412198 ;
36.200000 ;-23.561412 ;-17.412779 ;
36.300000 ;-23.576770 ;-17.414125 ;
36.400000 ;-23.578454 ;-17.414656 ;
36.500000 ;-23.561938 ;-17.414103 ;
36.600000 ;-23.552048 ;-17.413942 ;
36.700000 ;-23.568387 ;-17.415340 ;
36.800000 ;-23.572083 ;-17.415983 ;
36.900000 ;-23.563637 ;-17.415900 ;
37.000000 ;-23.570383 ;-17.416722 ;
37.100000 ;-23.574576 ;-17.417389 ;
37.200000 ;-23.571211 ;-17.417604 ;
37.300000 ;-23.574481 ;-17.418213 ;
37.400000 ;-23.580698 ;-17.418996 ;
37.500000 ;-23.578705 ;-17.419287 ;
37.600000 ;-23.573257 ;-17.419371 ;
37.700000 ;-23.582449 ;-17.420325 ;
37.800000 ;-23.595106 ;-17.421484 ;
37.900000 ;-23.588761 ;-17.421509 ;
38.000000 ;-23.570555 ;-17.420826 ;
38.100000 ;-23.576948 ;-17.421607 ;
38.200000 ;-23.605400 ;-17.423695 ;
38.300000 ;-23.600202 ;-17.423781 ;
38.400000 ;-23.567509 ;-17.422233 ;
38.500000 ;-23.574810 ;-17.423064 ;
38.600000 ;-23.595227 ;-17.424670 ;
38.700000 ;-23.586028 ;-17.424510 ;
38.800000 ;-23.580971 ;-17.424597 ;
38.900000 ;-23.591982 ;-17.425641 ;
39.000000 ;-23.591365 ;-17.425989 ;
39.100000 ;-23.590192 ;-17.426302 ;
39.200000 ;-23.596686 ;-17.427072 ;
39.300000 ;-23.597136 ;-17.427479 ;
39.400000 ;-23.593283 ;-17.427627 ;
39.500000 ;-23.599298 ;-17.428363 ;
39.600000 ;-23.607240 ;-17.429212 ;
39.700000 ;-23.603207 ;-17.429345 ;
39.800000 ;-23.592862 ;-17.429100 ;
39.900000 ;-23.595838 ;-17.429634 ;
40.000000 ;-23.600548 ;-17.430287 ;
40.100000 ;-23.624303 ;-17.434428 ;
40.200000 ;-23.682314 ;-17.446464 ;
40.300000 ;-23.779288 ;-17.468782 ;
40.400000 ;-23.902222 ;-17.501363 ;
40.500000 ;-24.043596 ;-17.543954 ;
40.600000 ;-24.204346 ;-17.596685 ;
40.700000 ;-24.370667 ;-17.657843 ;
40.800000 ;-24.538026 ;-17.726406 ;
40.900000 ;-24.713267 ;-17.802456 ;
41.000000 ;-24.897294 ;-17.885350 ;
41.100000 ;-25.068862 ;-17.972474 ;
41.200000 ;-25.222612 ;-18.062619 ;
41.300000 ;-25.373168 ;-18.156315 ;
41.400000 ;-25.544788 ;-18.254947 ;
41.500000 ;-25.708965 ;-18.355607 ;
41.600000 ;-25.851986 ;-18.456639 ;
41.700000 ;-25.999196 ;-18.559446 ;
41.800000 ;-26.146872 ;-18.663259 ;
41.900000 ;-26.281238 ;-18.766553 ;
42.000000 ;-26.411783 ;-18.869655 ;
42.100000 ;-26.545987 ;-18.972778 ;
42.200000 ;-26.669137 ;-19.074381 ;
42.300000 ;-26.779393 ;-19.173981 ;
42.400000 ;-26.891592 ;-19.272479 ;
42.500000 ;-27.018343 ;-19.370647 ;
42.600000 ;-27.126558 ;-19.465472 ;
42.700000 ;-27.204992 ;-19.555773 ;
42.800000 ;-27.279542 ;-19.643496 ;
42.900000 ;-27.397003 ;-19.732391 ;
43.000000 ;-27.505786 ;-19.817933 ;
43.100000 ;-27.558632 ;-19.895916 ;
43.200000 ;-27.599539 ;-19.969973 ;
43.300000 ;-27.698756 ;-20.046025 ;
43.400000 ;-27.775630 ;-20.117044 ;
43.500000 ;-27.821721 ;-20.182218 ;
43.600000 ;-27.887955 ;-20.245937 ;
43.700000 ;-27.948280 ;-20.305901 ;
43.800000 ;-27.994134 ;-20.361352 ;
43.900000 ;-28.044516 ;-20.413975 ;
44.000000 ;-28.091673 ;-20.463118 ;
44.100000 ;-28.127203 ;-20.508088 ;
44.200000 ;-28.159982 ;-20.549732 ;
44.300000 ;-28.203392 ;-20.589319 ;
44.400000 ;-28.237815 ;-20.625190 ;
44.500000 ;-28.253377 ;-20.656563 ;
44.600000 ;-28.264274 ;-20.684814 ;
44.700000 ;-28.304142 ;-20.713077 ;
44.800000 ;-28.346394 ;-20.739088 ;
44.900000 ;-28.345916 ;-20.758899 ;
45.000000 ;-28.320347 ;-20.774227 ;
45.100000 ;-28.343025 ;-20.791826 ;
45.200000 ;-28.383923 ;-20.809115 ;
45.300000 ;-28.377872 ;-20.820319 ;
45.400000 ;-28.359680 ;-20.828718 ;
45.500000 ;-28.383593 ;-20.839351 ;
45.600000 ;-28.390646 ;-20.846991 ;
45.700000 ;-28.385521 ;-20.852180 ;
45.800000 ;-28.393795 ;-20.857353 ;
45.900000 ;-28.395573 ;-20.860810 ;
46.000000 ;-28.389682 ;-20.862548 ;
46.100000 ;-28.391500 ;-20.864061 ;
46.200000 ;-28.394767 ;-20.864876 ;
46.300000 ;-28.387462 ;-20.863987 ;
46.400000 ;-28.374833 ;-20.861955 ;
46.500000 ;-28.378783 ;-20.860844 ;
46.600000 ;-28.392276 ;-20.860089 ;
46.700000 ;-28.381172 ;-20.856659 ;
46.800000 ;-28.347868 ;-20.850836 ;
46.900000 ;-28.334552 ;-20.846502 ;
47.000000 ;-28.366364 ;-20.845990 ;
47.100000 ;-28.365881 ;-20.842335 ;
47.200000 ;-28.318037 ;-20.834216 ;
47.300000 ;-28.300384 ;-20.828696 ;
47.400000 ;-28.320594 ;-20.826506 ;
47.500000 ;-28.309334 ;-20.821407 ;
47.600000 ;-28.290566 ;-20.815597 ;
47.700000 ;-28.294012 ;-20.811790 ;
47.800000 ;-28.286674 ;-20.807028 ;
47.900000 ;-28.274940 ;-20.801910 ;
48.000000 ;-28.273011 ;-20.797739 ;
48.100000 ;-28.266324 ;-20.793216 ;
48.200000 ;-28.252800 ;-20.788168 ;
48.300000 ;-28.246143 ;-20.783844 ;
48.400000 ;-28.250007 ;-20.780586 ;
48.500000 ;-28.242156 ;-20.776396 ;
48.600000 ;-28.219720 ;-20.771022 ;
48.700000 ;-28.203971 ;-20.766389 ;
48.800000 ;-28.225037 ;-20.765217 ;
48.900000 ;-28.233391 ;-20.763046 ;
49.000000 ;-28.197016 ;-20.756998 ;
49.100000 ;-28.152459 ;-20.750363 ;
49.200000 ;-28.173058 ;-20.749741 ;
49.300000 ;-28.187843 ;-20.748748 ;
49.400000 ;-28.155519 ;-20.743672 ;
49.500000 ;-28.138798 ;-20.740145 ;
49.600000 ;-28.148693 ;-20.739157 ;
49.700000 ;-28.139344 ;-20.736582 ;
49.800000 ;-28.130355 ;-20.734181 ;
49.900000 ;-28.130061 ;-20.732699 ;
50.000000 ;-28.121956 ;-20.730650 ;
50.100000 ;-28.111859 ;-20.728552 ;
50.200000 ;-28.112015 ;-20.727502 ;
50.300000 ;-28.108404 ;-20.726237 ;
50.400000 ;-28.095107 ;-20.724220 ;
50.500000 ;-28.083095 ;-20.722433 ;
50.600000 ;-28.093978 ;-20.722811 ;
50.700000 ;-28.101072 ;-20.722955 ;
50.800000 ;-28.079527 ;-20.720629 ;
50.900000 ;-28.045157 ;-20.717247 ;
51.000000 ;-28.046916 ;-20.717199 ;
51.100000 ;-28.056907 ;-20.717978 ;
51.200000 ;-28.044092 ;-20.716793 ;
51.300000 ;-28.036955 ;-20.716197 ;
51.400000 ;-28.038361 ;-20.716441 ;
51.500000 ;-28.030967 ;-20.715966 ;
51.600000 ;-28.024324 ;-20.715624 ;
51.700000 ;-28.025207 ;-20.716019 ;
51.800000 ;-28.020175 ;-20.715942 ;
51.900000 ;-28.008453 ;-20.715320 ;
52.000000 ;-28.004596 ;-20.715453 ;
52.100000 ;-28.016560 ;-20.717053 ;
52.200000 ;-28.014266 ;-20.717418 ;
52.300000 ;-27.989999 ;-20.715853 ;
52.400000 ;-27.968088 ;-20.714537 ;
52.500000 ;-27.979893 ;-20.716277 ;
52.600000 ;-27.982441 ;-20.717220 ;
52.700000 ;-27.967330 ;-20.716608 ;
52.800000 ;-27.966736 ;-20.717323 ;
52.900000 ;-27.967720 ;-20.718203 ;
53.000000 ;-27.959475 ;-20.718276 ;
53.100000 ;-27.955634 ;-20.718763 ;
53.200000 ;-27.958259 ;-20.719845 ;
53.300000 ;-27.952856 ;-20.720222 ;
53.400000 ;-27.941060 ;-20.720037 ;
53.500000 ;-27.941455 ;-20.720955 ;
53.600000 ;-27.954389 ;-20.723006 ;
53.700000 ;-27.948772 ;-20.723400 ;
53.800000 ;-27.922956 ;-20.721988 ;
53.900000 ;-27.909941 ;-20.721726 ;
54.000000 ;-27.940746 ;-20.725394 ;
54.100000 ;-27.948284 ;-20.726979 ;
54.200000 ;-27.908762 ;-20.724347 ;
54.300000 ;-27.884076 ;-20.723041 ;
54.400000 ;-27.911805 ;-20.726426 ;
54.500000 ;-27.910695 ;-20.727224 ;
54.600000 ;-27.888872 ;-20.726162 ;
54.700000 ;-27.897068 ;-20.727781 ;
54.800000 ;-27.898066 ;-20.728749 ;
54.900000 ;-27.889556 ;-20.728856 ;
55.000000 ;-27.891652 ;-20.729904 ;
55.100000 ;-27.891621 ;-20.730753 ;
55.200000 ;-27.883999 ;-20.730911 ;
55.300000 ;-27.880585 ;-20.731435 ;
55.400000 ;-27.888019 ;-20.732922 ;
55.500000 ;-27.886353 ;-20.733580 ;
55.600000 ;-27.871683 ;-20.733060 ;
55.700000 ;-27.862015 ;-20.732976 ;
55.800000 ;-27.884385 ;-20.735752 ;
55.900000 ;-27.896221 ;-20.737571 ;
56.000000 ;-27.868819 ;-20.735859 ;
56.100000 ;-27.832614 ;-20.733343 ;
56.200000 ;-27.855060 ;-20.736069 ;
56.300000 ;-27.877499 ;-20.738782 ;
56.400000 ;-27.850975 ;-20.737095 ;
56.500000 ;-27.829896 ;-20.735881 ;
56.600000 ;-27.848456 ;-20.738201 ;
56.700000 ;-27.846494 ;-20.738668 ;
56.800000 ;-27.838250 ;-20.738557 ;
56.900000 ;-27.843898 ;-20.739676 ;
57.000000 ;-27.841899 ;-20.740094 ;
57.100000 ;-27.835588 ;-20.740110 ;
57.200000 ;-27.839215 ;-20.741003 ;
57.300000 ;-27.840439 ;-20.741665 ;
57.400000 ;-27.832597 ;-20.741499 ;
57.500000 ;-27.825496 ;-20.741384 ;
57.600000 ;-27.838337 ;-20.743044 ;
57.700000 ;-27.847172 ;-20.744330 ;
57.800000 ;-27.831455 ;-20.743399 ;
57.900000 ;-27.805762 ;-20.741559 ;
58.000000 ;-27.812033 ;-20.742570 ;
58.100000 ;-27.823874 ;-20.744067 ;
58.200000 ;-27.814470 ;-20.743645 ;
58.300000 ;-27.810281 ;-20.743677 ;
58.400000 ;-27.815991 ;-20.744582 ;
58.500000 ;-27.812400 ;-20.744640 ;
58.600000 ;-27.807823 ;-20.744595 ;
58.700000 ;-27.812895 ;-20.745402 ;
58.800000 ;-27.812522 ;-20.745707 ;
58.900000 ;-27.803805 ;-20.745251 ;
59.000000 ;-27.800887 ;-20.745302 ;
59.100000 ;-27.815929 ;-20.746952 ;
59.200000 ;-27.818736 ;-20.747491 ;
59.300000 ;-27.798933 ;-20.745990 ;
59.400000 ;-27.779944 ;-20.744550 ;
59.500000 ;-27.804908 ;-20.747038 ;
59.600000 ;-27.826513 ;-20.749215 ;
59.700000 ;-27.798954 ;-20.746974 ;
59.800000 ;-27.760751 ;-20.743767 ;
59.900000 ;-27.785766 ;-20.746213 ;
60.000000 ;-27.797637 ;-20.747470 ;
60.100000 ;-27.777281 ;-20.745829 ;
60.200000 ;-27.780030 ;-20.746247 ;
60.300000 ;-27.786983 ;-20.747031 ;
60.400000 ;-27.780989 ;-20.746644 ;
60.500000 ;-27.781714 ;-20.746848 ;
60.600000 ;-27.785204 ;-20.747291 ;
60.700000 ;-27.780839 ;-20.747019 ;
60.800000 ;-27.776028 ;-20.746697 ;
60.900000 ;-27.783836 ;-20.747498 ;
61.000000 ;-27.787126 ;-20.747885 ;
61.100000 ;-27.776681 ;-20.747030 ;
61.200000 ;-27.764680 ;-20.746027 ;
61.300000 ;-27.781058 ;-20.747560 ;
61.400000 ;-27.801691 ;-20.749467 ;
61.500000 ;-27.785289 ;-20.748045 ;
61.600000 ;-27.746886 ;-20.744641 ;
61.700000 ;-27.753985 ;-20.745308 ;
61.800000 ;-27.787225 ;-20.748311 ;
61.900000 ;-27.773778 ;-20.747124 ;
62.000000 ;-27.740540 ;-20.744156 ;
62.100000 ;-27.758622 ;-20.745778 ;
62.200000 ;-27.764705 ;-20.746317 ;
62.300000 ;-27.754595 ;-20.745397 ;
62.400000 ;-27.760343 ;-20.745891 ;
62.500000 ;-27.762207 ;-20.746030 ;
62.600000 ;-27.756685 ;-20.745500 ;
62.700000 ;-27.758896 ;-20.745658 ;
62.800000 ;-27.763022 ;-20.745980 ;
62.900000 ;-27.758381 ;-20.745510 ;
63.000000 ;-27.750495 ;-20.744743 ;
63.100000 ;-27.759180 ;-20.745456 ;
63.200000 ;-27.772903 ;-20.746616 ;
63.300000 ;-27.764464 ;-20.745782 ;
63.400000 ;-27.739516 ;-20.743462 ;
63.500000 ;-27.736756 ;-20.743127 ;
63.600000 ;-27.753021 ;-20.744491 ;
63.700000 ;-27.749240 ;-20.744054 ;
63.800000 ;-27.740375 ;-20.743157 ;
63.900000 ;-27.747920 ;-20.743725 ;
64.000000 ;-27.747745 ;-20.743597 ;
64.100000 ;-27.742082 ;-20.742971 ;
64.200000 ;-27.746660 ;-20.743260 ;
64.300000 ;-27.749614 ;-20.743398 ;
64.400000 ;-27.743206 ;-20.742692 ;
64.500000 ;-27.736969 ;-20.741998 ;
64.600000 ;-27.749935 ;-20.743021 ;
64.700000 ;-27.759218 ;-20.743711 ;
64.800000 ;-27.745339 ;-20.742320 ;
64.900000 ;-27.722721 ;-20.740140 ;
65.000000 ;-27.735955 ;-20.741172 ;
65.100000 ;-27.766342 ;-20.743738 ;
65.200000 ;-27.752143 ;-20.742306 ;
65.300000 ;-27.709744 ;-20.738343 ;
65.400000 ;-27.721681 ;-20.739245 ;
65.500000 ;-27.742802 ;-20.740966 ;
65.600000 ;-27.728216 ;-20.739485 ;
65.700000 ;-27.722342 ;-20.738782 ;
65.800000 ;-27.732861 ;-20.739544 ;
65.900000 ;-27.729826 ;-20.739088 ;
66.000000 ;-27.727543 ;-20.738696 ;
66.100000 ;-27.732827 ;-20.738980 ;
66.200000 ;-27.731086 ;-20.738632 ;
66.300000 ;-27.725159 ;-20.737905 ;
66.400000 ;-27.730673 ;-20.738202 ;
66.500000 ;-27.737605 ;-20.738624 ;
66.600000 ;-27.731072 ;-20.737836 ;
66.700000 ;-27.717463 ;-20.736411 ;
66.800000 ;-27.724649 ;-20.736848 ;
66.900000 ;-27.750646 ;-20.738970 ;
67.000000 ;-27.745584 ;-20.738307 ;
67.100000 ;-27.709066 ;-20.734821 ;
67.200000 ;-27.698312 ;-20.733642 ;
67.300000 ;-27.735261 ;-20.736736 ;
67.400000 ;-27.735893 ;-20.736575 ;
67.500000 ;-27.700554 ;-20.733192 ;
67.600000 ;-27.708628 ;-20.733694 ;
67.700000 ;-27.721159 ;-20.734594 ;
67.800000 ;-27.712622 ;-20.733603 ;
67.900000 ;-27.714736 ;-20.733566 ;
68.000000 ;-27.719406 ;-20.733755 ;
68.100000 ;-27.715217 ;-20.733149 ;
68.200000 ;-27.714629 ;-20.732865 ;
68.300000 ;-27.720421 ;-20.733151 ;
68.400000 ;-27.718673 ;-20.732759 ;
68.500000 ;-27.710461 ;-20.731787 ;
68.600000 ;-27.713221 ;-20.731798 ;
68.700000 ;-27.729900 ;-20.733055 ;
68.800000 ;-27.728797 ;-20.732717 ;
68.900000 ;-27.706124 ;-20.730444 ;
69.000000 ;-27.692597 ;-20.728990 ;
69.100000 ;-27.710492 ;-20.730351 ;
69.200000 ;-27.713088 ;-20.730341 ;
69.300000 ;-27.701557 ;-20.729064 ;
69.400000 ;-27.707577 ;-20.729358 ;
69.500000 ;-27.710535 ;-20.729378 ;
69.600000 ;-27.705128 ;-20.728646 ;
69.700000 ;-27.707094 ;-20.728575 ;
69.800000 ;-27.712269 ;-20.728790 ;
69.900000 ;-27.708464 ;-20.728200 ;
70.000000 ;-27.700551 ;-20.727241 ;
70.100000 ;-27.708528 ;-20.727706 ;
70.200000 ;-27.722348 ;-20.728694 ;
70.300000 ;-27.715029 ;-20.727787 ;
70.400000 ;-27.691772 ;-20.725450 ;
70.500000 ;-27.691341 ;-20.725159 ;
70.600000 ;-27.725787 ;-20.727992 ;
70.700000 ;-27.725833 ;-20.727745 ;
70.800000 ;-27.685044 ;-20.723839 ;
70.900000 ;-27.678038 ;-20.722958 ;
71.000000 ;-27.706176 ;-20.725223 ;
71.100000 ;-27.700447 ;-20.724456 ;
71.200000 ;-27.684887 ;-20.722808 ;
71.300000 ;-27.697403 ;-20.723674 ;
71.400000 ;-27.698265 ;-20.723495 ;
71.500000 ;-27.693047 ;-20.722770 ;
71.600000 ;-27.698677 ;-20.723018 ;
71.700000 ;-27.699529 ;-20.722837 ;
71.800000 ;-27.693706 ;-20.722058 ;
71.900000 ;-27.695408 ;-20.721953 ;
72.000000 ;-27.704468 ;-20.722507 ;
72.100000 ;-27.702135 ;-20.722040 ;
72.200000 ;-27.688834 ;-20.720590 ;
72.300000 ;-27.686713 ;-20.720141 ;
72.400000 ;-27.713563 ;-20.722290 ;
72.500000 ;-27.719736 ;-20.722586 ;
72.600000 ;-27.688917 ;-20.719567 ;
72.700000 ;-27.662436 ;-20.716936 ;
72.800000 ;-27.695437 ;-20.719633 ;
72.900000 ;-27.710575 ;-20.720732 ;
73.000000 ;-27.679568 ;-20.717700 ;
73.100000 ;-27.671862 ;-20.716754 ;
73.200000 ;-27.690020 ;-20.718123 ;
73.300000 ;-27.685892 ;-20.717495 ;
73.400000 ;-27.682616 ;-20.716944 ;
73.500000 ;-27.689378 ;-20.717292 ;
73.600000 ;-27.687429 ;-20.716859 ;
73.700000 ;-27.683987 ;-20.716292 ;
73.800000 ;-27.689999 ;-20.716573 ;
73.900000 ;-27.691121 ;-20.716416 ;
74.000000 ;-27.683838 ;-20.715505 ;
74.100000 ;-27.680991 ;-20.714993 ;
74.200000 ;-27.697349 ;-20.716202 ;
74.300000 ;-27.703243 ;-20.716473 ;
74.400000 ;-27.685228 ;-20.714603 ;
74.500000 ;-27.664237 ;-20.712465 ;
74.600000 ;-27.677784 ;-20.713422 ;
74.700000 ;-27.686890 ;-20.713982 ;
74.800000 ;-27.676434 ;-20.712790 ;
74.900000 ;-27.677568 ;-20.712637 ;
75.000000 ;-27.683303 ;-20.712895 ;
75.100000 ;-27.679474 ;-20.712297 ;
75.200000 ;-27.677996 ;-20.711910 ;
75.300000 ;-27.684368 ;-20.712227 ;
75.400000 ;-27.683512 ;-20.711897 ;
75.500000 ;-27.675394 ;-20.710915 ;
75.600000 ;-27.677077 ;-20.710813 ;
75.700000 ;-27.693259 ;-20.712010 ;
75.800000 ;-27.693070 ;-20.711741 ;
75.900000 ;-27.672025 ;-20.709603 ;
76.000000 ;-27.659434 ;-20.708223 ;
76.100000 ;-27.690833 ;-20.710784 ;
76.200000 ;-27.705103 ;-20.711812 ;
76.300000 ;-27.672001 ;-20.708600 ;
76.400000 ;-27.644721 ;-20.705908 ;
76.500000 ;-27.674823 ;-20.708353 ;
76.600000 ;-27.680113 ;-20.708577 ;
76.700000 ;-27.660144 ;-20.706541 ;
76.800000 ;-27.668996 ;-20.707086 ;
76.900000 ;-27.674248 ;-20.707308 ;
77.000000 ;-27.668307 ;-20.706527 ;
77.100000 ;-27.671928 ;-20.706604 ;
77.200000 ;-27.675226 ;-20.706652 ;
77.300000 ;-27.670632 ;-20.705993 ;
77.400000 ;-27.668316 ;-20.705539 ;
77.500000 ;-27.677780 ;-20.706140 ;
77.600000 ;-27.679785 ;-20.706074 ;
77.700000 ;-27.668469 ;-20.704815 ;
77.800000 ;-27.659521 ;-20.703768 ;
77.900000 ;-27.681327 ;-20.705477 ;
78.000000 ;-27.697834 ;-20.706713 ;
78.100000 ;-27.676240 ;-20.704536 ;
78.200000 ;-27.641026 ;-20.701140 ;
78.300000 ;-27.659856 ;-20.702583 ;
78.400000 ;-27.687701 ;-20.704834 ;
78.500000 ;-27.667220 ;-20.702762 ;
78.600000 ;-27.642122 ;-20.700277 ;
78.700000 ;-27.663138 ;-20.701918 ;
78.800000 ;-27.665557 ;-20.701895 ;
78.900000 ;-27.657235 ;-20.700910 ;
79.000000 ;-27.664759 ;-20.701345 ;
79.100000 ;-27.665673 ;-20.701188 ;
79.200000 ;-27.660726 ;-20.700506 ;
79.300000 ;-27.665094 ;-20.700659 ;
79.400000 ;-27.668849 ;-20.700758 ;
79.500000 ;-27.663536 ;-20.700045 ;
79.600000 ;-27.657107 ;-20.699233 ;
79.700000 ;-27.664268 ;-20.699638 ;
79.800000 ;-27.668384 ;-20.699772 ;
79.900000 ;-27.660510 ;-20.698831 ;
80.000000 ;-27.654679 ;-20.698075 ;
