0.000000 ;-27.500000 ;-20.600000 ;
0.100000 ;-27.497747 ;-20.558846 ;
0.200000 ;-27.500648 ;-20.522238 ;
0.300000 ;-27.498383 ;-20.488871 ;
0.400000 ;-27.483258 ;-20.457718 ;
0.500000 ;-27.474892 ;-20.429970 ;
0.600000 ;-27.491547 ;-20.406786 ;
0.700000 ;-27.495534 ;-20.384825 ;
0.800000 ;-27.475353 ;-20.362896 ;
0.900000 ;-27.464188 ;-20.343534 ;
1.000000 ;-27.488007 ;-20.328702 ;
1.100000 ;-27.492793 ;-20.313760 ;
1.200000 ;-27.470758 ;-20.297920 ;
1.300000 ;-27.471821 ;-20.285195 ;
1.400000 ;-27.488030 ;-20.274808 ;
1.500000 ;-27.483317 ;-20.263671 ;
1.600000 ;-27.475615 ;-20.253181 ;
1.700000 ;-27.487033 ;-20.245087 ;
1.800000 ;-27.489179 ;-20.236966 ;
1.900000 ;-27.482244 ;-20.228770 ;
2.000000 ;-27.488158 ;-20.222256 ;
2.100000 ;-27.495732 ;-20.216445 ;
2.200000 ;-27.491078 ;-20.210141 ;
2.300000 ;-27.484044 ;-20.204116 ;
2.400000 ;-27.496766 ;-20.200159 ;
2.500000 ;-27.506501 ;-20.196356 ;
2.600000 ;-27.495535 ;-20.191211 ;
2.700000 ;-27.480533 ;-20.186071 ;
2.800000 ;-27.498512 ;-20.183966 ;
2.900000 ;-27.514750 ;-20.182003 ;
3.000000 ;-27.498292 ;-20.177606 ;
3.100000 ;-27.477461 ;-20.173091 ;
3.200000 ;-27.498610 ;-20.172263 ;
3.300000 ;-27.507530 ;-20.170633 ;
3.400000 ;-27.491270 ;-20.167115 ;
3.500000 ;-27.493002 ;-20.165257 ;
3.600000 ;-27.504228 ;-20.164343 ;
3.700000 ;-27.499997 ;-20.162302 ;
3.800000 ;-27.496431 ;-20.160453 ;
3.900000 ;-27.505430 ;-20.159767 ;
4.000000 ;-27.505971 ;-20.158500 ;
4.100000 ;-27.498752 ;-20.156700 ;
4.200000 ;-27.503817 ;-20.156012 ;
4.300000 ;-27.513758 ;-20.155818 ;
4.400000 ;-27.509263 ;-20.154518 ;
4.500000 ;-27.496501 ;-20.152613 ;
4.600000 ;-27.504908 ;-20.152525 ;
4.700000 ;-27.524079 ;-20.153391 ;
4.800000 ;-27.516818 ;-20.152139 ;
4.900000 ;-27.491357 ;-20.149443 ;
5.000000 ;-27.498708 ;-20.149502 ;
5.100000 ;-27.521943 ;-20.150918 ;
5.200000 ;-27.512338 ;-20.149673 ;
5.300000 ;-27.490185 ;-20.147434 ;
5.400000 ;-27.506114 ;-20.148370 ;
5.500000 ;-27.513179 ;-20.148609 ;
5.600000 ;-27.502360 ;-20.147406 ;
5.700000 ;-27.506338 ;-20.147452 ;
5.800000 ;-27.513233 ;-20.147765 ;
5.900000 ;-27.508686 ;-20.147160 ;
6.000000 ;-27.506544 ;-20.146775 ;
6.100000 ;-27.515378 ;-20.147316 ;
6.200000 ;-27.515913 ;-20.147193 ;
6.300000 ;-27.506946 ;-20.146304 ;
6.400000 ;-27.508350 ;-20.146286 ;
6.500000 ;-27.524501 ;-20.147500 ;
6.600000 ;-27.524142 ;-20.147366 ;
6.700000 ;-27.504868 ;-20.145687 ;
6.800000 ;-27.499773 ;-20.145187 ;
6.900000 ;-27.526952 ;-20.147359 ;
7.000000 ;-27.530400 ;-20.147586 ;
7.100000 ;-27.501723 ;-20.145175 ;
7.200000 ;-27.497245 ;-20.144767 ;
7.300000 ;-27.519978 ;-20.146608 ;
7.400000 ;-27.516030 ;-20.146258 ;
7.500000 ;-27.501065 ;-20.145008 ;
7.600000 ;-27.513224 ;-20.145998 ;
7.700000 ;-27.516583 ;-20.146269 ;
7.800000 ;-27.509338 ;-20.145671 ;
7.900000 ;-27.514416 ;-20.146094 ;
8.000000 ;-27.519344 ;-20.146508 ;
8.100000 ;-27.514373 ;-20.146111 ;
8.200000 ;-27.511038 ;-20.145852 ;
8.300000 ;-27.522143 ;-20.146788 ;
8.400000 ;-27.525604 ;-20.147097 ;
8.500000 ;-27.514080 ;-20.146174 ;
8.600000 ;-27.505791 ;-20.145520 ;
8.700000 ;-27.526913 ;-20.147293 ;
8.800000 ;-27.538344 ;-20.148270 ;
8.900000 ;-27.517228 ;-20.146567 ;
9.000000 ;-27.494051 ;-20.144697 ;
9.100000 ;-27.518841 ;-20.146780 ;
9.200000 ;-27.532498 ;-20.147949 ;
9.300000 ;-27.510119 ;-20.146151 ;
9.400000 ;-27.503196 ;-20.145628 ;
9.500000 ;-27.519936 ;-20.147055 ;
9.600000 ;-27.517351 ;-20.146891 ;
9.700000 ;-27.510763 ;-20.146398 ;
9.800000 ;-27.515357 ;-20.146828 ;
9.900000 ;-27.527962 ;-20.155978 ;
10.000000 ;-27.608901 ;-20.223544 ;
10.100000 ;-27.613732 ;-20.268714 ;
10.200000 ;-27.591168 ;-20.312377 ;
10.300000 ;-27.547941 ;-20.346942 ;
10.400000 ;-27.472415 ;-20.366256 ;
10.500000 ;-27.373550 ;-20.368782 ;
10.600000 ;-27.258907 ;-20.354835 ;
10.700000 ;-27.132154 ;-20.324767 ;
10.800000 ;-27.004048 ;-20.279540 ;
10.900000 ;-26.869986 ;-20.221224 ;
11.000000 ;-26.723942 ;-20.151836 ;
11.100000 ;-26.567926 ;-20.073154 ;
11.200000 ;-26.411988 ;-19.986719 ;
11.300000 ;-26.273678 ;-19.893865 ;
11.400000 ;-26.147398 ;-19.796141 ;
11.500000 ;-26.011548 ;-19.693961 ;
11.600000 ;-25.876560 ;-19.589168 ;
11.700000 ;-25.757578 ;-19.483814 ;
11.800000 ;-25.638392 ;-19.377595 ;
11.900000 ;-25.520153 ;-19.271343 ;
12.000000 ;-25.414488 ;-19.166509 ;
12.100000 ;-25.313926 ;-19.063116 ;
12.200000 ;-25.210215 ;-18.961059 ;
12.300000 ;-25.108239 ;-18.861046 ;
12.400000 ;-25.026896 ;-18.764634 ;
12.500000 ;-24.961381 ;-18.671719 ;
12.600000 ;-24.876219 ;-18.580216 ;
12.700000 ;-24.770320 ;-18.490200 ;
12.800000 ;-24.680836 ;-18.404144 ;
12.900000 ;-24.632914 ;-18.323699 ;
13.000000 ;-24.571220 ;-18.245384 ;
13.100000 ;-24.501678 ;-18.169590 ;
13.200000 ;-24.449604 ;-18.097875 ;
13.300000 ;-24.394994 ;-18.028970 ;
13.400000 ;-24.340046 ;-17.962964 ;
13.500000 ;-24.294339 ;-17.900375 ;
13.600000 ;-24.248771 ;-17.840590 ;
13.700000 ;-24.199872 ;-17.783332 ;
13.800000 ;-24.155195 ;-17.728963 ;
13.900000 ;-24.128505 ;-17.678186 ;
14.000000 ;-24.098736 ;-17.629700 ;
14.100000 ;-24.050748 ;-17.582555 ;
14.200000 ;-23.995677 ;-17.537298 ;
14.300000 ;-23.967629 ;-17.495781 ;
14.400000 ;-23.950585 ;-17.456992 ;
14.500000 ;-23.916966 ;-17.419286 ;
14.600000 ;-23.886798 ;-17.383706 ;
14.700000 ;-23.867007 ;-17.350554 ;
14.800000 ;-23.841389 ;-17.318839 ;
14.900000 ;-23.816233 ;-17.288831 ;
15.000000 ;-23.799606 ;-17.260895 ;
15.100000 ;-23.779740 ;-17.234308 ;
15.200000 ;-23.754362 ;-17.208871 ;
15.300000 ;-23.734601 ;-17.185123 ;
15.400000 ;-23.732002 ;-17.163617 ;
15.500000 ;-23.720169 ;-17.142858 ;
15.600000 ;-23.688297 ;-17.122202 ;
15.700000 ;-23.655235 ;-17.102608 ;
15.800000 ;-23.653621 ;-17.085776 ;
15.900000 ;-23.648406 ;-17.069758 ;
16.000000 ;-23.627206 ;-17.053838 ;
16.100000 ;-23.617459 ;-17.039442 ;
16.200000 ;-23.610800 ;-17.026070 ;
16.300000 ;-23.597029 ;-17.013132 ;
16.400000 ;-23.587192 ;-17.001173 ;
16.500000 ;-23.582982 ;-16.990243 ;
16.600000 ;-23.572679 ;-16.979678 ;
16.700000 ;-23.557833 ;-16.969524 ;
16.800000 ;-23.553940 ;-16.960566 ;
16.900000 ;-23.560378 ;-16.952735 ;
17.000000 ;-23.551056 ;-16.944623 ;
17.100000 ;-23.525191 ;-16.936160 ;
17.200000 ;-23.511291 ;-16.928819 ;
17.300000 ;-23.520834 ;-16.923176 ;
17.400000 ;-23.515805 ;-16.917201 ;
17.500000 ;-23.501738 ;-16.911164 ;
17.600000 ;-23.503486 ;-16.906350 ;
17.700000 ;-23.500885 ;-16.901673 ;
17.800000 ;-23.492140 ;-16.897020 ;
17.900000 ;-23.491467 ;-16.893118 ;
18.000000 ;-23.491999 ;-16.889586 ;
18.100000 ;-23.484602 ;-16.885928 ;
18.200000 ;-23.475555 ;-16.882458 ;
18.300000 ;-23.482367 ;-16.880074 ;
18.400000 ;-23.489845 ;-16.877966 ;
18.500000 ;-23.478051 ;-16.875080 ;
18.600000 ;-23.456525 ;-16.871902 ;
18.700000 ;-23.462649 ;-16.870368 ;
18.800000 ;-23.487757 ;-16.870006 ;
18.900000 ;-23.477125 ;-16.867966 ;
19.000000 ;-23.440701 ;-16.864757 ;
19.100000 ;-23.447741 ;-16.863966 ;
19.200000 ;-23.465200 ;-16.863861 ;
19.300000 ;-23.452759 ;-16.862337 ;
19.400000 ;-23.446720 ;-16.861280 ;
19.500000 ;-23.455330 ;-16.861108 ;
19.600000 ;-23.452458 ;-16.860452 ;
19.700000 ;-23.450153 ;-16.859932 ;
19.800000 ;-23.454681 ;-16.859869 ;
19.900000 ;-23.453189 ;-16.859587 ;
20.000000 ;-23.448156 ;-16.859207 ;
20.100000 ;-23.453262 ;-16.859439 ;
20.200000 ;-23.459378 ;-16.859799 ;
20.300000 ;-23.453757 ;-16.859620 ;
20.400000 ;-23.442636 ;-16.859222 ;
20.500000 ;-23.450897 ;-16.859895 ;
20.600000 ;-23.472644 ;-16.861324 ;
20.700000 ;-23.466412 ;-16.861356 ;
20.800000 ;-23.435783 ;-16.860174 ;
20.900000 ;-23.433562 ;-16.860514 ;
21.000000 ;-23.464367 ;-16.862608 ;
21.100000 ;-23.460378 ;-16.862934 ;
21.200000 ;-23.432563 ;-16.862066 ;
21.300000 ;-23.445574 ;-16.863354 ;
21.400000 ;-23.454188 ;-16.864442 ;
21.500000 ;-23.447047 ;-16.864740 ;
21.600000 ;-23.452197 ;-16.865706 ;
21.700000 ;-23.456157 ;-16.866634 ;
21.800000 ;-23.453063 ;-16.867218 ;
21.900000 ;-23.455541 ;-16.868112 ;
22.000000 ;-23.461290 ;-16.869196 ;
22.100000 ;-23.459577 ;-16.869909 ;
22.200000 ;-23.454002 ;-16.870436 ;
22.300000 ;-23.461715 ;-16.871669 ;
22.400000 ;-23.475917 ;-16.873252 ;
22.500000 ;-23.471516 ;-16.873878 ;
22.600000 ;-23.452007 ;-16.873730 ;
22.700000 ;-23.451388 ;-16.874573 ;
22.800000 ;-23.483885 ;-16.877141 ;
22.900000 ;-23.486418 ;-16.878160 ;
23.000000 ;-23.451594 ;-16.877249 ;
23.100000 ;-23.447112 ;-16.877923 ;
23.200000 ;-23.472684 ;-16.880158 ;
23.300000 ;-23.468572 ;-16.880849 ;
23.400000 ;-23.459275 ;-16.881275 ;
23.500000 ;-23.470944 ;-16.882798 ;
23.600000 ;-23.472187 ;-16.883777 ;
23.700000 ;-23.470614 ;-16.884610 ;
23.800000 ;-23.476960 ;-16.885857 ;
23.900000 ;-23.478321 ;-16.886843 ;
24.000000 ;-23.474997 ;-16.887584 ;
24.100000 ;-23.479957 ;-16.888756 ;
24.200000 ;-23.488852 ;-16.890131 ;
24.300000 ;-23.486643 ;-16.890926 ;
24.400000 ;-23.476345 ;-16.891295 ;
24.500000 ;-23.480322 ;-16.892407 ;
24.600000 ;-23.506397 ;-16.894665 ;
24.700000 ;-23.508275 ;-16.895660 ;
24.800000 ;-23.479002 ;-16.895033 ;
24.900000 ;-23.464804 ;-16.895188 ;
25.000000 ;-23.498925 ;-16.897852 ;
25.100000 ;-23.505415 ;-16.899069 ;
25.200000 ;-23.477332 ;-16.898485 ;
25.300000 ;-23.483822 ;-16.899702 ;
25.400000 ;-23.496885 ;-16.901255 ;
25.500000 ;-23.492075 ;-16.901868 ;
25.600000 ;-23.495825 ;-16.902925 ;
25.700000 ;-23.501429 ;-16.904074 ;
25.800000 ;-23.499712 ;-16.904835 ;
25.900000 ;-23.501478 ;-16.905774 ;
26.000000 ;-23.508197 ;-16.906966 ;
26.100000 ;-23.508203 ;-16.907802 ;
26.200000 ;-23.503011 ;-16.908360 ;
26.300000 ;-23.508326 ;-16.909463 ;
26.400000 ;-23.524787 ;-16.911143 ;
26.500000 ;-23.524402 ;-16.911937 ;
26.600000 ;-23.505479 ;-16.911757 ;
26.700000 ;-23.497540 ;-16.912147 ;
26.800000 ;-23.515225 ;-16.913871 ;
26.900000 ;-23.517709 ;-16.914793 ;
27.000000 ;-23.510456 ;-16.915200 ;
27.100000 ;-23.518500 ;-16.916404 ;
27.200000 ;-23.521613 ;-16.917344 ;
27.300000 ;-23.518944 ;-16.917976 ;
27.400000 ;-23.524098 ;-16.919013 ;
27.500000 ;-23.529127 ;-16.920037 ;
27.600000 ;-23.526355 ;-16.920648 ;
27.700000 ;-23.522785 ;-16.921211 ;
27.800000 ;-23.535125 ;-16.922603 ;
27.900000 ;-23.545949 ;-16.923909 ;
28.000000 ;-23.536955 ;-16.924174 ;
28.100000 ;-23.519149 ;-16.923972 ;
28.200000 ;-23.530838 ;-16.925309 ;
28.300000 ;-23.560772 ;-16.927590 ;
28.400000 ;-23.551757 ;-16.927832 ;
28.500000 ;-23.515611 ;-16.926658 ;
28.600000 ;-23.526565 ;-16.927941 ;
28.700000 ;-23.547939 ;-16.929759 ;
28.800000 ;-23.537329 ;-16.929896 ;
28.900000 ;-23.534476 ;-16.930438 ;
29.000000 ;-23.545370 ;-16.931697 ;
29.100000 ;-23.544505 ;-16.932333 ;
29.200000 ;-23.545328 ;-16.933054 ;
29.300000 ;-23.551454 ;-16.934048 ;
29.400000 ;-23.551315 ;-16.934709 ;
29.500000 ;-23.548736 ;-16.935237 ;
29.600000 ;-23.556505 ;-16.936305 ;
29.700000 ;-23.563083 ;-16.937305 ;
29.800000 ;-23.557956 ;-16.937686 ;
29.900000 ;-23.549097 ;-16.937868 ;
30.000000 ;-23.561944 ;-16.939183 ;
30.100000 ;-23.584327 ;-16.940992 ;
30.200000 ;-23.576118 ;-16.941196 ;
30.300000 ;-23.544971 ;-16.940196 ;
30.400000 ;-23.547518 ;-16.940959 ;
30.500000 ;-23.580553 ;-16.943309 ;
30.600000 ;-23.574612 ;-16.943612 ;
30.700000 ;-23.546302 ;-16.942745 ;
30.800000 ;-23.562545 ;-16.944211 ;
30.900000 ;-23.571167 ;-16.945270 ;
31.000000 ;-23.564709 ;-16.945533 ;
31.100000 ;-23.571559 ;-16.946493 ;
31.200000 ;-23.575384 ;-16.947290 ;
31.300000 ;-23.572872 ;-16.947750 ;
31.400000 ;-23.577040 ;-16.948559 ;
31.500000 ;-23.582439 ;-16.949428 ;
31.600000 ;-23.580300 ;-16.949897 ;
31.700000 ;-23.576004 ;-16.950249 ;
31.800000 ;-23.586649 ;-16.951384 ;
31.900000 ;-23.599479 ;-16.952629 ;
32.000000 ;-23.592575 ;-16.952834 ;
32.100000 ;-23.573262 ;-16.952385 ;
32.200000 ;-23.576309 ;-16.953108 ;
32.300000 ;-23.591102 ;-16.954445 ;
32.400000 ;-23.587883 ;-16.954830 ;
32.500000 ;-23.584550 ;-16.955207 ;
32.600000 ;-23.592682 ;-16.956185 ;
32.700000 ;-23.593211 ;-16.956759 ;
32.800000 ;-23.591069 ;-16.957189 ;
32.900000 ;-23.597870 ;-16.958088 ;
33.000000 ;-23.600952 ;-16.958788 ;
33.100000 ;-23.596329 ;-16.959079 ;
33.200000 ;-23.595247 ;-16.959553 ;
33.300000 ;-23.610427 ;-16.960881 ;
33.400000 ;-23.616356 ;-16.961719 ;
33.500000 ;-23.602394 ;-16.961507 ;
33.600000 ;-23.588103 ;-16.961277 ;
33.700000 ;-23.611325 ;-16.963015 ;
33.800000 ;-23.632007 ;-16.964613 ;
33.900000 ;-23.610612 ;-16.964002 ;
34.000000 ;-23.581702 ;-16.962997 ;
34.100000 ;-23.606305 ;-16.964801 ;
34.200000 ;-23.616989 ;-16.965866 ;
34.300000 ;-23.601633 ;-16.965558 ;
34.400000 ;-23.608127 ;-16.966401 ;
34.500000 ;-23.615388 ;-16.967282 ;
34.600000 ;-23.612063 ;-16.967601 ;
34.700000 ;-23.615931 ;-16.968298 ;
34.800000 ;-23.620643 ;-16.969037 ;
34.900000 ;-23.618450 ;-16.969409 ;
35.000000 ;-23.617538 ;-16.969846 ;
35.100000 ;-23.627102 ;-16.970834 ;
35.200000 ;-23.630546 ;-16.971496 ;
35.300000 ;-23.622308 ;-16.971540 ;
35.400000 ;-23.616077 ;-16.971687 ;
35.500000 ;-23.636666 ;-16.973245 ;
35.600000 ;-23.651794 ;-16.974511 ;
35.700000 ;-23.633494 ;-16.974018 ;
35.800000 ;-23.605224 ;-16.972999 ;
35.900000 ;-23.625778 ;-16.974548 ;
36.000000 ;-23.649012 ;-16.976231 ;
36.100000 ;-23.629909 ;-16.975684 ;
36.200000 ;-23.614312 ;-16.975324 ;
36.300000 ;-23.633444 ;-16.976792 ;
36.400000 ;-23.634608 ;-16.977307 ;
36.500000 ;-23.630641 ;-16.977549 ;
36.600000 ;-23.638457 ;-16.978414 ;
36.700000 ;-23.639367 ;-16.978910 ;
36.800000 ;-23.637044 ;-16.979234 ;
36.900000 ;-23.643308 ;-16.980010 ;
37.000000 ;-23.646598 ;-16.980626 ;
37.100000 ;-23.642206 ;-16.980834 ;
37.200000 ;-23.640036 ;-16.981158 ;
37.300000 ;-23.654986 ;-16.982385 ;
37.400000 ;-23.662775 ;-16.983230 ;
37.500000 ;-23.649522 ;-16.982963 ;
37.600000 ;-23.632170 ;-16.982479 ;
37.700000 ;-23.644566 ;-16.983564 ;
37.800000 ;-23.654195 ;-16.984500 ;
37.900000 ;-23.646649 ;-16.984525 ;
38.000000 ;-23.649114 ;-16.985080 ;
38.100000 ;-23.655346 ;-16.985832 ;
38.200000 ;-23.653268 ;-16.986142 ;
38.300000 ;-23.653830 ;-16.986590 ;
38.400000 ;-23.660621 ;-16.987366 ;
38.500000 ;-23.660700 ;-16.987785 ;
38.600000 ;-23.655021 ;-16.987898 ;
38.700000 ;-23.659561 ;-16.988549 ;
38.800000 ;-23.674476 ;-16.989747 ;
38.900000 ;-23.673314 ;-16.990093 ;
39.000000 ;-23.655449 ;-16.989556 ;
39.100000 ;-23.650500 ;-16.989700 ;
39.200000 ;-23.681155 ;-16.991719 ;
39.300000 ;-23.688227 ;-16.992490 ;
39.400000 ;-23.656614 ;-16.991224 ;
39.500000 ;-23.645365 ;-16.991033 ;
39.600000 ;-23.672200 ;-16.992848 ;
39.700000 ;-23.671273 ;-16.993191 ;
39.800000 ;-23.657685 ;-16.992865 ;
39.900000 ;-23.666215 ;-16.993564 ;
40.000000 ;-23.669343 ;-16.993922 ;
40.100000 ;-23.684409 ;-16.996788 ;
40.200000 ;-23.743328 ;-17.007534 ;
40.300000 ;-23.828112 ;-17.027421 ;
40.400000 ;-23.942799 ;-17.057904 ;
40.500000 ;-24.088041 ;-17.099515 ;
40.600000 ;-24.242053 ;-17.150545 ;
40.700000 ;-24.407087 ;-17.210806 ;
40.800000 ;-24.580750 ;-17.279586 ;
40.900000 ;-24.751851 ;-17.355165 ;
41.000000 ;-24.919436 ;-17.436696 ;
41.100000 ;-25.094350 ;-17.524364 ;
41.200000 ;-25.278890 ;-17.617548 ;
41.300000 ;-25.444374 ;-17.713383 ;
41.400000 ;-25.584107 ;-17.810676 ;
41.500000 ;-25.718868 ;-17.910283 ;
41.600000 ;-25.883886 ;-18.014172 ;
41.700000 ;-26.041182 ;-18.119096 ;
41.800000 ;-26.174754 ;-18.223389 ;
41.900000 ;-26.314461 ;-18.328682 ;
42.000000 ;-26.450536 ;-18.433851 ;
42.100000 ;-26.574968 ;-18.537916 ;
42.200000 ;-26.699088 ;-18.641332 ;
42.300000 ;-26.821183 ;-18.743633 ;
42.400000 ;-26.931720 ;-18.843788 ;
42.500000 ;-27.033727 ;-18.941732 ;
42.600000 ;-27.143858 ;-19.038454 ;
42.700000 ;-27.260249 ;-19.133579 ;
42.800000 ;-27.351688 ;-19.224465 ;
42.900000 ;-27.416249 ;-19.310760 ;
43.000000 ;-27.485302 ;-19.394711 ;
43.100000 ;-27.585293 ;-19.478217 ;
43.200000 ;-27.665856 ;-19.557206 ;
43.300000 ;-27.727235 ;-19.631575 ;
43.400000 ;-27.800840 ;-19.703722 ;
43.500000 ;-27.866290 ;-19.771950 ;
43.600000 ;-27.920955 ;-19.835998 ;
43.700000 ;-27.979194 ;-19.896992 ;
43.800000 ;-28.034045 ;-19.954364 ;
43.900000 ;-28.076598 ;-20.007405 ;
44.000000 ;-28.113410 ;-20.056680 ;
44.100000 ;-28.164122 ;-20.103835 ;
44.200000 ;-28.213996 ;-20.147736 ;
44.300000 ;-28.237398 ;-20.186349 ;
44.400000 ;-28.241961 ;-20.220393 ;
44.500000 ;-28.267774 ;-20.253278 ;
44.600000 ;-28.308714 ;-20.284612 ;
44.700000 ;-28.326258 ;-20.311315 ;
44.800000 ;-28.337220 ;-20.334912 ;
44.900000 ;-28.361620 ;-20.357201 ;
45.000000 ;-28.375820 ;-20.376338 ;
45.100000 ;-28.382971 ;-20.392720 ;
45.200000 ;-28.398479 ;-20.407768 ;
45.300000 ;-28.410033 ;-20.420584 ;
45.400000 ;-28.410612 ;-20.430710 ;
45.500000 ;-28.410239 ;-20.439115 ;
45.600000 ;-28.428046 ;-20.447529 ;
45.700000 ;-28.440469 ;-20.454095 ;
45.800000 ;-28.428038 ;-20.457292 ;
45.900000 ;-28.405373 ;-20.458462 ;
46.000000 ;-28.417920 ;-20.461534 ;
46.100000 ;-28.449042 ;-20.465211 ;
46.200000 ;-28.433978 ;-20.464143 ;
46.300000 ;-28.386977 ;-20.459620 ;
46.400000 ;-28.393293 ;-20.458896 ;
46.500000 ;-28.412753 ;-20.458674 ;
46.600000 ;-28.394831 ;-20.454784 ;
46.700000 ;-28.382161 ;-20.450879 ;
46.800000 ;-28.388160 ;-20.448149 ;
46.900000 ;-28.380220 ;-20.443917 ;
47.000000 ;-28.371417 ;-20.439337 ;
47.100000 ;-28.370740 ;-20.435215 ;
47.200000 ;-28.363109 ;-20.430332 ;
47.300000 ;-28.350435 ;-20.424891 ;
47.400000 ;-28.348441 ;-20.420250 ;
47.500000 ;-28.349274 ;-20.415786 ;
47.600000 ;-28.336715 ;-20.410171 ;
47.700000 ;-28.315592 ;-20.403838 ;
47.800000 ;-28.312647 ;-20.399052 ;
47.900000 ;-28.333200 ;-20.396280 ;
48.000000 ;-28.324870 ;-20.391161 ;
48.100000 ;-28.281458 ;-20.383194 ;
48.200000 ;-28.255731 ;-20.376804 ;
48.300000 ;-28.286429 ;-20.375241 ;
48.400000 ;-28.286211 ;-20.371224 ;
48.500000 ;-28.243484 ;-20.363795 ;
48.600000 ;-28.238091 ;-20.359620 ;
48.700000 ;-28.246507 ;-20.356744 ;
48.800000 ;-28.232419 ;-20.352144 ;
48.900000 ;-28.225357 ;-20.348285 ;
49.000000 ;-28.224092 ;-20.345068 ;
49.100000 ;-28.213830 ;-20.341261 ;
49.200000 ;-28.205151 ;-20.337748 ;
49.300000 ;-28.204494 ;-20.335063 ;
49.400000 ;-28.197292 ;-20.331993 ;
49.500000 ;-28.182670 ;-20.328463 ;
49.600000 ;-28.176266 ;-20.325774 ;
49.700000 ;-28.187176 ;-20.324679 ;
49.800000 ;-28.183145 ;-20.322492 ;
49.900000 ;-28.155704 ;-20.318505 ;
50.000000 ;-28.131240 ;-20.314909 ;
50.100000 ;-28.141971 ;-20.314378 ;
50.200000 ;-28.142089 ;-20.313101 ;
50.300000 ;-28.124646 ;-20.310497 ;
50.400000 ;-28.122750 ;-20.309310 ;
50.500000 ;-28.121459 ;-20.308295 ;
50.600000 ;-28.111040 ;-20.306640 ;
50.700000 ;-28.105824 ;-20.305529 ;
50.800000 ;-28.106300 ;-20.304998 ;
50.900000 ;-28.098523 ;-20.303885 ;
51.000000 ;-28.084982 ;-20.302393 ;
51.100000 ;-28.084734 ;-20.302097 ;
51.200000 ;-28.095304 ;-20.302789 ;
51.300000 ;-28.086570 ;-20.301963 ;
51.400000 ;-28.058702 ;-20.299629 ;
51.500000 ;-28.046114 ;-20.298639 ;
51.600000 ;-28.076148 ;-20.301256 ;
51.700000 ;-28.079813 ;-20.301755 ;
51.800000 ;-28.036885 ;-20.298455 ;
51.900000 ;-28.012923 ;-20.296784 ;
52.000000 ;-28.039464 ;-20.299355 ;
52.100000 ;-28.035478 ;-20.299448 ;
52.200000 ;-28.011933 ;-20.297968 ;
52.300000 ;-28.019278 ;-20.299093 ;
52.400000 ;-28.018393 ;-20.299576 ;
52.500000 ;-28.008423 ;-20.299343 ;
52.600000 ;-28.009357 ;-20.300050 ;
52.700000 ;-28.007560 ;-20.300562 ;
52.800000 ;-27.998372 ;-20.300490 ;
52.900000 ;-27.994253 ;-20.300865 ;
53.000000 ;-28.000137 ;-20.302093 ;
53.100000 ;-27.996339 ;-20.302540 ;
53.200000 ;-27.980142 ;-20.301977 ;
53.300000 ;-27.970493 ;-20.301974 ;
53.400000 ;-27.992612 ;-20.304619 ;
53.500000 ;-28.001281 ;-20.306163 ;
53.600000 ;-27.970979 ;-20.304487 ;
53.700000 ;-27.934873 ;-20.302337 ;
53.800000 ;-27.958787 ;-20.305168 ;
53.900000 ;-27.978592 ;-20.307665 ;
54.000000 ;-27.948830 ;-20.306062 ;
54.100000 ;-27.928304 ;-20.305225 ;
54.200000 ;-27.945915 ;-20.307546 ;
54.300000 ;-27.942112 ;-20.308093 ;
54.400000 ;-27.933278 ;-20.308221 ;
54.500000 ;-27.937893 ;-20.309460 ;
54.600000 ;-27.934524 ;-20.310034 ;
54.700000 ;-27.927452 ;-20.310295 ;
54.800000 ;-27.930344 ;-20.311377 ;
54.900000 ;-27.930113 ;-20.312193 ;
55.000000 ;-27.921046 ;-20.312268 ;
55.100000 ;-27.913795 ;-20.312486 ;
55.200000 ;-27.926462 ;-20.314347 ;
55.300000 ;-27.932995 ;-20.315690 ;
55.400000 ;-27.915194 ;-20.315005 ;
55.500000 ;-27.889561 ;-20.313659 ;
55.600000 ;-27.897003 ;-20.315044 ;
55.700000 ;-27.906810 ;-20.316614 ;
55.800000 ;-27.895698 ;-20.316438 ;
55.900000 ;-27.891923 ;-20.316857 ;
56.000000 ;-27.896557 ;-20.317961 ;
56.100000 ;-27.891694 ;-20.318263 ;
56.200000 ;-27.886831 ;-20.318553 ;
56.300000 ;-27.891314 ;-20.319604 ;
56.400000 ;-27.889745 ;-20.320139 ;
56.500000 ;-27.880025 ;-20.319984 ;
56.600000 ;-27.877368 ;-20.320400 ;
56.700000 ;-27.891983 ;-20.322235 ;
56.800000 ;-27.892891 ;-20.322919 ;
56.900000 ;-27.871470 ;-20.321737 ;
57.000000 ;-27.853281 ;-20.320808 ;
57.100000 ;-27.879830 ;-20.323573 ;
57.200000 ;-27.898080 ;-20.325638 ;
57.300000 ;-27.867335 ;-20.323627 ;
57.400000 ;-27.831655 ;-20.321192 ;
57.500000 ;-27.858278 ;-20.323905 ;
57.600000 ;-27.866725 ;-20.325097 ;
57.700000 ;-27.845285 ;-20.323799 ;
57.800000 ;-27.849728 ;-20.324631 ;
57.900000 ;-27.855153 ;-20.325530 ;
58.000000 ;-27.848176 ;-20.325386 ;
58.100000 ;-27.849240 ;-20.325894 ;
58.200000 ;-27.851863 ;-20.326518 ;
58.300000 ;-27.846520 ;-20.326467 ;
58.400000 ;-27.841797 ;-20.326454 ;
58.500000 ;-27.849636 ;-20.327469 ;
58.600000 ;-27.851665 ;-20.327989 ;
58.700000 ;-27.839951 ;-20.327356 ;
58.800000 ;-27.828260 ;-20.326711 ;
58.900000 ;-27.846447 ;-20.328532 ;
59.000000 ;-27.864771 ;-20.330352 ;
59.100000 ;-27.845131 ;-20.329011 ;
59.200000 ;-27.806949 ;-20.326120 ;
59.300000 ;-27.818993 ;-20.327380 ;
59.400000 ;-27.849305 ;-20.330142 ;
59.500000 ;-27.831557 ;-20.328912 ;
59.600000 ;-27.801064 ;-20.326614 ;
59.700000 ;-27.820476 ;-20.328438 ;
59.800000 ;-27.823993 ;-20.328933 ;
59.900000 ;-27.813907 ;-20.328289 ;
60.000000 ;-27.820083 ;-20.328982 ;
60.100000 ;-27.820779 ;-20.329209 ;
60.200000 ;-27.814820 ;-20.328873 ;
60.300000 ;-27.817591 ;-20.329251 ;
60.400000 ;-27.820925 ;-20.329666 ;
60.500000 ;-27.815234 ;-20.329322 ;
60.600000 ;-27.807421 ;-20.328791 ;
60.700000 ;-27.817598 ;-20.329744 ;
60.800000 ;-27.829922 ;-20.330865 ;
60.900000 ;-27.819054 ;-20.330053 ;
61.000000 ;-27.793620 ;-20.328023 ;
61.100000 ;-27.794179 ;-20.328140 ;
61.200000 ;-27.809158 ;-20.329444 ;
61.300000 ;-27.803271 ;-20.329010 ;
61.400000 ;-27.795978 ;-20.328450 ;
61.500000 ;-27.803101 ;-20.329077 ;
61.600000 ;-27.801716 ;-20.328991 ;
61.700000 ;-27.796222 ;-20.328555 ;
61.800000 ;-27.801276 ;-20.328987 ;
61.900000 ;-27.803154 ;-20.329147 ;
62.000000 ;-27.795827 ;-20.328537 ;
62.100000 ;-27.790546 ;-20.328088 ;
62.200000 ;-27.804718 ;-20.329246 ;
62.300000 ;-27.811784 ;-20.329808 ;
62.400000 ;-27.795564 ;-20.328432 ;
62.500000 ;-27.773972 ;-20.326603 ;
62.600000 ;-27.792123 ;-20.328063 ;
62.700000 ;-27.819476 ;-20.330280 ;
62.800000 ;-27.799887 ;-20.328601 ;
62.900000 ;-27.758583 ;-20.325115 ;
63.000000 ;-27.776629 ;-20.326541 ;
63.100000 ;-27.794154 ;-20.327918 ;
63.200000 ;-27.776818 ;-20.326401 ;
63.300000 ;-27.774722 ;-20.326141 ;
63.400000 ;-27.783959 ;-20.326814 ;
63.500000 ;-27.779570 ;-20.326352 ;
63.600000 ;-27.778584 ;-20.326166 ;
63.700000 ;-27.783328 ;-20.326451 ;
63.800000 ;-27.780504 ;-20.326103 ;
63.900000 ;-27.774870 ;-20.325517 ;
64.000000 ;-27.781633 ;-20.325954 ;
64.100000 ;-27.787239 ;-20.326291 ;
64.200000 ;-27.778991 ;-20.325474 ;
64.300000 ;-27.765812 ;-20.324244 ;
64.400000 ;-27.777160 ;-20.325044 ;
64.500000 ;-27.801295 ;-20.326900 ;
64.600000 ;-27.791221 ;-20.325916 ;
64.700000 ;-27.753449 ;-20.322632 ;
64.800000 ;-27.750900 ;-20.322263 ;
64.900000 ;-27.786794 ;-20.325076 ;
65.000000 ;-27.780867 ;-20.324423 ;
65.100000 ;-27.745813 ;-20.321353 ;
65.200000 ;-27.759402 ;-20.322308 ;
65.300000 ;-27.768983 ;-20.322927 ;
65.400000 ;-27.759342 ;-20.321949 ;
65.500000 ;-27.763496 ;-20.322112 ;
65.600000 ;-27.766963 ;-20.322214 ;
65.700000 ;-27.762032 ;-20.321616 ;
65.800000 ;-27.762862 ;-20.321494 ;
65.900000 ;-27.768091 ;-20.321733 ;
66.000000 ;-27.764985 ;-20.321278 ;
66.100000 ;-27.756754 ;-20.320396 ;
66.200000 ;-27.762461 ;-20.320667 ;
66.300000 ;-27.778143 ;-20.321762 ;
66.400000 ;-27.773508 ;-20.321171 ;
66.500000 ;-27.749395 ;-20.318962 ;
66.600000 ;-27.741168 ;-20.318067 ;
66.700000 ;-27.758802 ;-20.319314 ;
66.800000 ;-27.758159 ;-20.319045 ;
66.900000 ;-27.747482 ;-20.317941 ;
67.000000 ;-27.754848 ;-20.318332 ;
67.100000 ;-27.756280 ;-20.318227 ;
67.200000 ;-27.750583 ;-20.317530 ;
67.300000 ;-27.754095 ;-20.317595 ;
67.400000 ;-27.758286 ;-20.317714 ;
67.500000 ;-27.753109 ;-20.317055 ;
67.600000 ;-27.745901 ;-20.316225 ;
67.700000 ;-27.756784 ;-20.316894 ;
67.800000 ;-27.768478 ;-20.317629 ;
67.900000 ;-27.757616 ;-20.316492 ;
68.000000 ;-27.734366 ;-20.314326 ;
68.100000 ;-27.741396 ;-20.314669 ;
68.200000 ;-27.774387 ;-20.317162 ;
68.300000 ;-27.766623 ;-20.316278 ;
68.400000 ;-27.724211 ;-20.312523 ;
68.500000 ;-27.728160 ;-20.312606 ;
68.600000 ;-27.752904 ;-20.314409 ;
68.700000 ;-27.741930 ;-20.313254 ;
68.800000 ;-27.731674 ;-20.312157 ;
68.900000 ;-27.743401 ;-20.312880 ;
69.000000 ;-27.742021 ;-20.312514 ;
69.100000 ;-27.738356 ;-20.311959 ;
69.200000 ;-27.744031 ;-20.312176 ;
69.300000 ;-27.743461 ;-20.311875 ;
69.400000 ;-27.737455 ;-20.311123 ;
69.500000 ;-27.741469 ;-20.311200 ;
69.600000 ;-27.749539 ;-20.311613 ;
69.700000 ;-27.744790 ;-20.310962 ;
69.800000 ;-27.731117 ;-20.309570 ;
69.900000 ;-27.734329 ;-20.309578 ;
70.000000 ;-27.761332 ;-20.311557 ;
70.100000 ;-27.760970 ;-20.311269 ;
70.200000 ;-27.726359 ;-20.308141 ;
70.300000 ;-27.708551 ;-20.306405 ;
70.400000 ;-27.745243 ;-20.309183 ;
70.500000 ;-27.751778 ;-20.309464 ;
70.600000 ;-27.717363 ;-20.306354 ;
70.700000 ;-27.719703 ;-20.306287 ;
70.800000 ;-27.734714 ;-20.307267 ;
70.900000 ;-27.727609 ;-20.306415 ;
71.000000 ;-27.727738 ;-20.306162 ;
71.100000 ;-27.733386 ;-20.306366 ;
71.200000 ;-27.729999 ;-20.305820 ;
71.300000 ;-27.728273 ;-20.305411 ;
71.400000 ;-27.734375 ;-20.305651 ;
71.500000 ;-27.733769 ;-20.305335 ;
71.600000 ;-27.725797 ;-20.304408 ;
71.700000 ;-27.726352 ;-20.304188 ;
71.800000 ;-27.743364 ;-20.305332 ;
71.900000 ;-27.744942 ;-20.305196 ;
72.000000 ;-27.723755 ;-20.303174 ;
72.100000 ;-27.707043 ;-20.301522 ;
72.200000 ;-27.724150 ;-20.302672 ;
72.300000 ;-27.729145 ;-20.302820 ;
72.400000 ;-27.717606 ;-20.301597 ;
72.500000 ;-27.722224 ;-20.301713 ;
72.600000 ;-27.726271 ;-20.301781 ;
72.700000 ;-27.721296 ;-20.301102 ;
72.800000 ;-27.722120 ;-20.300903 ;
72.900000 ;-27.727903 ;-20.301116 ;
73.000000 ;-27.725119 ;-20.300618 ;
73.100000 ;-27.716979 ;-20.299677 ;
73.200000 ;-27.722909 ;-20.299901 ;
73.300000 ;-27.737882 ;-20.300876 ;
73.400000 ;-27.732951 ;-20.300201 ;
73.500000 ;-27.710127 ;-20.298043 ;
73.600000 ;-27.705336 ;-20.297380 ;
73.700000 ;-27.739733 ;-20.299963 ;
73.800000 ;-27.744501 ;-20.300094 ;
73.900000 ;-27.705604 ;-20.296609 ;
74.000000 ;-27.692062 ;-20.295223 ;
74.100000 ;-27.721569 ;-20.297401 ;
74.200000 ;-27.719154 ;-20.296936 ;
74.300000 ;-27.701421 ;-20.295204 ;
74.400000 ;-27.713629 ;-20.295951 ;
74.500000 ;-27.715851 ;-20.295870 ;
74.600000 ;-27.710128 ;-20.295132 ;
74.700000 ;-27.715462 ;-20.295309 ;
74.800000 ;-27.717127 ;-20.295183 ;
74.900000 ;-27.711580 ;-20.294459 ;
75.000000 ;-27.712067 ;-20.294236 ;
75.100000 ;-27.721518 ;-20.294756 ;
75.200000 ;-27.720505 ;-20.294409 ;
75.300000 ;-27.707621 ;-20.293079 ;
75.400000 ;-27.703166 ;-20.292447 ;
75.500000 ;-27.729280 ;-20.294348 ;
75.600000 ;-27.738588 ;-20.294859 ;
75.700000 ;-27.710058 ;-20.292236 ;
75.800000 ;-27.680452 ;-20.289523 ;
75.900000 ;-27.710490 ;-20.291749 ;
76.000000 ;-27.729402 ;-20.293056 ;
76.100000 ;-27.700731 ;-20.290426 ;
76.200000 ;-27.688374 ;-20.289146 ;
76.300000 ;-27.707695 ;-20.290487 ;
76.400000 ;-27.705151 ;-20.290018 ;
76.500000 ;-27.700447 ;-20.289370 ;
76.600000 ;-27.707625 ;-20.289707 ;
76.700000 ;-27.706402 ;-20.289348 ;
76.800000 ;-27.702395 ;-20.288758 ;
76.900000 ;-27.708251 ;-20.288987 ;
77.000000 ;-27.710122 ;-20.288885 ;
77.100000 ;-27.703259 ;-20.288061 ;
77.200000 ;-27.699299 ;-20.287477 ;
77.300000 ;-27.715053 ;-20.288527 ;
77.400000 ;-27.722621 ;-20.288900 ;
77.500000 ;-27.706048 ;-20.287273 ;
77.600000 ;-27.683896 ;-20.285184 ;
77.700000 ;-27.695597 ;-20.285900 ;
77.800000 ;-27.706210 ;-20.286526 ;
77.900000 ;-27.696507 ;-20.285471 ;
78.000000 ;-27.696256 ;-20.285199 ;
78.100000 ;-27.702576 ;-20.285471 ;
78.200000 ;-27.699297 ;-20.284949 ;
78.300000 ;-27.697091 ;-20.284516 ;
78.400000 ;-27.703588 ;-20.284805 ;
78.500000 ;-27.703437 ;-20.284543 ;
78.600000 ;-27.695494 ;-20.283636 ;
78.700000 ;-27.695867 ;-20.283419 ;
78.800000 ;-27.712218 ;-20.284526 ;
78.900000 ;-27.713575 ;-20.284391 ;
79.000000 ;-27.693343 ;-20.282469 ;
79.100000 ;-27.678825 ;-20.281021 ;
79.200000 ;-27.708634 ;-20.283243 ;
79.300000 ;-27.725642 ;-20.284407 ;
79.400000 ;-27.694696 ;-20.281604 ;
79.500000 ;-27.664184 ;-20.278836 ;
79.600000 ;-27.693470 ;-20.281016 ;
79.700000 ;-27.701042 ;-20.281400 ;
79.800000 ;-27.681079 ;-20.279507 ;
79.900000 ;-27.686044 ;-20.279677 ;
80.000000 ;-27.690325 ;-20.279790 ;
