0.000000 ;-27.500000 ;-20.600000 ;
0.100000 ;-29.649703 ;-20.271826 ;
0.200000 ;-31.121767 ;-20.038833 ;
0.300000 ;-32.195066 ;-19.887856 ;
0.400000 ;-33.027756 ;-19.804000 ;
0.500000 ;-33.686576 ;-19.770758 ;
0.600000 ;-34.223084 ;-19.775603 ;
0.700000 ;-34.655289 ;-19.807147 ;
0.800000 ;-35.017441 ;-19.858211 ;
0.900000 ;-35.316801 ;-19.921991 ;
1.000000 ;-35.560225 ;-19.993576 ;
1.100000 ;-35.766040 ;-20.069909 ;
1.200000 ;-35.947970 ;-20.148681 ;
1.300000 ;-36.095357 ;-20.226928 ;
1.400000 ;-36.207640 ;-20.302946 ;
1.500000 ;-36.299771 ;-20.376599 ;
1.600000 ;-36.396408 ;-20.448933 ;
1.700000 ;-36.481608 ;-20.517936 ;
1.800000 ;-36.537193 ;-20.581348 ;
1.900000 ;-36.578954 ;-20.640511 ;
2.000000 ;-36.638267 ;-20.698516 ;
2.100000 ;-36.687304 ;-20.752377 ;
2.200000 ;-36.711061 ;-20.800505 ;
2.300000 ;-36.731271 ;-20.845265 ;
2.400000 ;-36.775286 ;-20.889670 ;
2.500000 ;-36.806053 ;-20.929856 ;
2.600000 ;-36.810201 ;-20.964508 ;
2.700000 ;-36.816555 ;-20.996881 ;
2.800000 ;-36.854767 ;-21.030334 ;
2.900000 ;-36.876958 ;-21.059815 ;
3.000000 ;-36.869093 ;-21.083938 ;
3.100000 ;-36.870131 ;-21.107086 ;
3.200000 ;-36.903402 ;-21.131944 ;
3.300000 ;-36.916200 ;-21.152883 ;
3.400000 ;-36.904172 ;-21.169549 ;
3.500000 ;-36.913384 ;-21.187100 ;
3.600000 ;-36.936994 ;-21.204899 ;
3.700000 ;-36.938766 ;-21.219074 ;
3.800000 ;-36.930045 ;-21.230964 ;
3.900000 ;-36.947057 ;-21.244638 ;
4.000000 ;-36.960954 ;-21.257012 ;
4.100000 ;-36.955286 ;-21.266350 ;
4.200000 ;-36.950884 ;-21.275018 ;
4.300000 ;-36.970890 ;-21.285630 ;
4.400000 ;-36.980112 ;-21.294372 ;
4.500000 ;-36.968318 ;-21.300172 ;
4.600000 ;-36.963192 ;-21.306134 ;
4.700000 ;-36.987391 ;-21.314805 ;
4.800000 ;-36.996137 ;-21.321292 ;
4.900000 ;-36.977939 ;-21.324367 ;
5.000000 ;-36.970077 ;-21.328180 ;
5.100000 ;-36.996650 ;-21.335428 ;
5.200000 ;-37.003425 ;-21.340155 ;
5.300000 ;-36.982658 ;-21.341536 ;
5.400000 ;-36.981967 ;-21.344854 ;
5.500000 ;-37.003599 ;-21.350383 ;
5.600000 ;-37.002533 ;-21.353174 ;
5.700000 ;-36.986572 ;-21.354107 ;
5.800000 ;-36.997892 ;-21.357863 ;
5.900000 ;-37.009723 ;-21.361501 ;
6.000000 ;-37.001778 ;-21.362794 ;
6.100000 ;-36.994108 ;-21.363972 ;
6.200000 ;-37.009771 ;-21.367599 ;
6.300000 ;-37.015423 ;-21.370001 ;
6.400000 ;-37.002776 ;-21.370270 ;
6.500000 ;-36.998374 ;-21.371353 ;
6.600000 ;-37.018356 ;-21.375044 ;
6.700000 ;-37.022767 ;-21.376933 ;
6.800000 ;-37.003907 ;-21.376174 ;
6.900000 ;-36.996878 ;-21.376657 ;
7.000000 ;-37.022008 ;-21.380639 ;
7.100000 ;-37.027064 ;-21.382346 ;
7.200000 ;-37.003434 ;-21.380830 ;
7.300000 ;-36.998086 ;-21.381293 ;
7.400000 ;-37.021895 ;-21.384941 ;
7.500000 ;-37.021976 ;-21.385927 ;
7.600000 ;-37.001303 ;-21.384584 ;
7.700000 ;-37.008745 ;-21.386322 ;
7.800000 ;-37.022724 ;-21.388756 ;
7.900000 ;-37.015199 ;-21.388785 ;
8.000000 ;-37.004684 ;-21.388460 ;
8.100000 ;-37.018631 ;-21.390823 ;
8.200000 ;-37.023835 ;-21.392200 ;
8.300000 ;-37.012002 ;-21.391672 ;
8.400000 ;-37.008741 ;-21.392079 ;
8.500000 ;-37.025487 ;-21.394686 ;
8.600000 ;-37.027352 ;-21.395633 ;
8.700000 ;-37.010153 ;-21.394456 ;
8.800000 ;-37.006541 ;-21.394772 ;
8.900000 ;-37.029717 ;-21.398045 ;
9.000000 ;-37.032413 ;-21.399040 ;
9.100000 ;-37.008307 ;-21.397058 ;
9.200000 ;-37.001972 ;-21.397035 ;
9.300000 ;-37.027884 ;-21.400575 ;
9.400000 ;-37.029300 ;-21.401394 ;
9.500000 ;-37.004658 ;-21.399321 ;
9.600000 ;-37.005103 ;-21.400018 ;
9.700000 ;-37.012296 ;-21.401454 ;
9.800000 ;-37.015267 ;-21.401637 ;
9.900000 ;-37.022544 ;-21.413788 ;
10.000000 ;-37.018035 ;-21.449235 ;
10.100000 ;-36.972405 ;-21.491197 ;
10.200000 ;-36.882922 ;-21.527479 ;
10.300000 ;-36.761157 ;-21.551181 ;
10.400000 ;-36.596435 ;-21.555968 ;
10.500000 ;-36.404637 ;-21.541422 ;
10.600000 ;-36.196922 ;-21.508548 ;
10.700000 ;-35.975661 ;-21.457695 ;
10.800000 ;-35.736188 ;-21.388786 ;
10.900000 ;-35.491634 ;-21.305317 ;
11.000000 ;-35.257690 ;-21.211374 ;
11.100000 ;-35.037356 ;-21.109102 ;
11.200000 ;-34.820935 ;-20.998705 ;
11.300000 ;-34.588540 ;-20.878877 ;
11.400000 ;-34.357327 ;-20.753603 ;
11.500000 ;-34.151908 ;-20.627057 ;
11.600000 ;-33.956628 ;-20.498971 ;
11.700000 ;-33.755677 ;-20.368947 ;
11.800000 ;-33.570809 ;-20.240052 ;
11.900000 ;-33.400923 ;-20.113026 ;
12.000000 ;-33.229694 ;-19.987102 ;
12.100000 ;-33.065443 ;-19.863638 ;
12.200000 ;-32.921028 ;-19.744240 ;
12.300000 ;-32.790908 ;-19.628820 ;
12.400000 ;-32.650698 ;-19.515586 ;
12.500000 ;-32.499911 ;-19.404776 ;
12.600000 ;-32.382290 ;-19.300184 ;
12.700000 ;-32.302689 ;-19.202316 ;
12.800000 ;-32.219735 ;-19.107817 ;
12.900000 ;-32.080635 ;-19.012407 ;
13.000000 ;-31.963251 ;-18.922425 ;
13.100000 ;-31.911522 ;-18.841329 ;
13.200000 ;-31.862902 ;-18.764072 ;
13.300000 ;-31.752590 ;-18.685437 ;
13.400000 ;-31.671475 ;-18.612505 ;
13.500000 ;-31.616865 ;-18.544954 ;
13.600000 ;-31.541625 ;-18.479044 ;
13.700000 ;-31.475135 ;-18.416911 ;
13.800000 ;-31.421471 ;-18.358743 ;
13.900000 ;-31.362417 ;-18.303050 ;
14.000000 ;-31.305730 ;-18.250295 ;
14.100000 ;-31.260260 ;-18.201010 ;
14.200000 ;-31.218974 ;-18.154561 ;
14.300000 ;-31.164682 ;-18.109576 ;
14.400000 ;-31.113049 ;-18.067085 ;
14.500000 ;-31.082092 ;-18.028277 ;
14.600000 ;-31.064317 ;-17.992504 ;
14.700000 ;-31.028170 ;-17.957389 ;
14.800000 ;-30.979625 ;-17.923270 ;
14.900000 ;-30.951321 ;-17.892376 ;
15.000000 ;-30.933385 ;-17.863913 ;
15.100000 ;-30.896717 ;-17.835734 ;
15.200000 ;-30.865992 ;-17.809495 ;
15.300000 ;-30.848030 ;-17.785592 ;
15.400000 ;-30.824530 ;-17.762668 ;
15.500000 ;-30.792884 ;-17.740468 ;
15.600000 ;-30.772937 ;-17.720301 ;
15.700000 ;-30.763940 ;-17.702049 ;
15.800000 ;-30.743483 ;-17.684095 ;
15.900000 ;-30.707580 ;-17.666107 ;
16.000000 ;-30.690733 ;-17.650405 ;
16.100000 ;-30.696748 ;-17.637198 ;
16.200000 ;-30.691751 ;-17.624104 ;
16.300000 ;-30.648768 ;-17.609220 ;
16.400000 ;-30.626950 ;-17.596557 ;
16.500000 ;-30.643109 ;-17.587227 ;
16.600000 ;-30.645555 ;-17.577652 ;
16.700000 ;-30.609314 ;-17.566085 ;
16.800000 ;-30.597126 ;-17.556763 ;
16.900000 ;-30.605308 ;-17.549404 ;
17.000000 ;-30.587660 ;-17.540841 ;
17.100000 ;-30.571818 ;-17.532911 ;
17.200000 ;-30.570467 ;-17.526444 ;
17.300000 ;-30.562803 ;-17.520007 ;
17.400000 ;-30.547940 ;-17.513513 ;
17.500000 ;-30.543193 ;-17.508104 ;
17.600000 ;-30.544768 ;-17.503501 ;
17.700000 ;-30.532414 ;-17.498319 ;
17.800000 ;-30.516167 ;-17.493211 ;
17.900000 ;-30.516530 ;-17.489536 ;
18.000000 ;-30.527979 ;-17.486906 ;
18.100000 ;-30.519129 ;-17.483192 ;
18.200000 ;-30.489046 ;-17.478309 ;
18.300000 ;-30.486954 ;-17.475557 ;
18.400000 ;-30.515079 ;-17.475074 ;
18.500000 ;-30.520217 ;-17.473268 ;
18.600000 ;-30.486263 ;-17.469034 ;
18.700000 ;-30.482333 ;-17.467006 ;
18.800000 ;-30.507417 ;-17.467111 ;
18.900000 ;-30.498418 ;-17.465105 ;
19.000000 ;-30.483314 ;-17.462845 ;
19.100000 ;-30.488674 ;-17.462104 ;
19.200000 ;-30.489224 ;-17.461183 ;
19.300000 ;-30.479256 ;-17.459690 ;
19.400000 ;-30.479362 ;-17.458994 ;
19.500000 ;-30.484261 ;-17.458733 ;
19.600000 ;-30.476095 ;-17.457707 ;
19.700000 ;-30.469702 ;-17.456901 ;
19.800000 ;-30.475646 ;-17.457013 ;
19.900000 ;-30.483972 ;-17.457373 ;
20.000000 ;-30.470203 ;-17.456337 ;
20.100000 ;-30.454713 ;-17.455262 ;
20.200000 ;-30.465301 ;-17.456004 ;
20.300000 ;-30.491053 ;-17.457831 ;
20.400000 ;-30.484387 ;-17.457551 ;
20.500000 ;-30.452625 ;-17.455638 ;
20.600000 ;-30.458794 ;-17.456323 ;
20.700000 ;-30.495749 ;-17.459129 ;
20.800000 ;-30.489851 ;-17.459113 ;
20.900000 ;-30.468947 ;-17.458129 ;
21.000000 ;-30.478318 ;-17.459208 ;
21.100000 ;-30.488134 ;-17.460356 ;
21.200000 ;-30.476690 ;-17.460120 ;
21.300000 ;-30.476986 ;-17.460698 ;
21.400000 ;-30.483885 ;-17.461746 ;
21.500000 ;-30.477969 ;-17.461965 ;
21.600000 ;-30.475345 ;-17.462428 ;
21.700000 ;-30.482215 ;-17.463547 ;
21.800000 ;-30.486092 ;-17.464487 ;
21.900000 ;-30.474286 ;-17.464397 ;
22.000000 ;-30.470642 ;-17.464869 ;
22.100000 ;-30.484598 ;-17.466534 ;
22.200000 ;-30.499237 ;-17.468259 ;
22.300000 ;-30.479831 ;-17.467714 ;
22.400000 ;-30.458986 ;-17.467079 ;
22.500000 ;-30.477670 ;-17.469109 ;
22.600000 ;-30.515757 ;-17.472456 ;
22.700000 ;-30.503240 ;-17.472416 ;
22.800000 ;-30.476894 ;-17.471445 ;
22.900000 ;-30.492275 ;-17.473277 ;
23.000000 ;-30.516297 ;-17.475701 ;
23.100000 ;-30.499233 ;-17.475377 ;
23.200000 ;-30.496239 ;-17.475994 ;
23.300000 ;-30.506573 ;-17.477505 ;
23.400000 ;-30.501382 ;-17.477982 ;
23.500000 ;-30.498820 ;-17.478635 ;
23.600000 ;-30.505421 ;-17.479900 ;
23.700000 ;-30.506684 ;-17.480809 ;
23.800000 ;-30.499511 ;-17.481153 ;
23.900000 ;-30.501408 ;-17.482102 ;
24.000000 ;-30.512961 ;-17.483696 ;
24.100000 ;-30.515488 ;-17.484685 ;
24.200000 ;-30.495499 ;-17.484159 ;
24.300000 ;-30.491161 ;-17.484680 ;
24.400000 ;-30.515402 ;-17.487119 ;
24.500000 ;-30.539777 ;-17.489567 ;
24.600000 ;-30.513796 ;-17.488625 ;
24.700000 ;-30.490788 ;-17.487870 ;
24.800000 ;-30.517299 ;-17.490448 ;
24.900000 ;-30.552770 ;-17.493635 ;
25.000000 ;-30.528894 ;-17.492826 ;
25.100000 ;-30.519848 ;-17.493001 ;
25.200000 ;-30.537065 ;-17.494934 ;
25.300000 ;-30.533665 ;-17.495484 ;
25.400000 ;-30.527826 ;-17.495865 ;
25.500000 ;-30.534001 ;-17.497045 ;
25.600000 ;-30.535110 ;-17.497882 ;
25.700000 ;-30.530202 ;-17.498310 ;
25.800000 ;-30.533454 ;-17.499280 ;
25.900000 ;-30.541749 ;-17.500583 ;
26.000000 ;-30.537151 ;-17.501016 ;
26.100000 ;-30.526656 ;-17.501046 ;
26.200000 ;-30.532370 ;-17.502160 ;
26.300000 ;-30.551659 ;-17.504182 ;
26.400000 ;-30.555678 ;-17.505173 ;
26.500000 ;-30.524385 ;-17.503774 ;
26.600000 ;-30.517428 ;-17.504008 ;
26.700000 ;-30.553848 ;-17.507170 ;
26.800000 ;-30.584629 ;-17.509952 ;
26.900000 ;-30.551515 ;-17.508416 ;
27.000000 ;-30.538995 ;-17.508252 ;
27.100000 ;-30.568012 ;-17.510885 ;
27.200000 ;-30.571450 ;-17.511800 ;
27.300000 ;-30.557785 ;-17.511555 ;
27.400000 ;-30.563270 ;-17.512590 ;
27.500000 ;-30.566726 ;-17.513485 ;
27.600000 ;-30.561099 ;-17.513765 ;
27.700000 ;-30.563803 ;-17.514599 ;
27.800000 ;-30.570110 ;-17.515670 ;
27.900000 ;-30.564854 ;-17.515959 ;
28.000000 ;-30.561249 ;-17.516354 ;
28.100000 ;-30.569052 ;-17.517511 ;
28.200000 ;-30.579777 ;-17.518859 ;
28.300000 ;-30.568682 ;-17.518733 ;
28.400000 ;-30.550172 ;-17.518099 ;
28.500000 ;-30.560000 ;-17.519374 ;
28.600000 ;-30.592774 ;-17.522195 ;
28.700000 ;-30.600179 ;-17.523302 ;
28.800000 ;-30.560780 ;-17.521231 ;
28.900000 ;-30.556536 ;-17.521529 ;
29.000000 ;-30.600008 ;-17.525059 ;
29.100000 ;-30.610418 ;-17.526359 ;
29.200000 ;-30.584629 ;-17.525202 ;
29.300000 ;-30.589379 ;-17.526094 ;
29.400000 ;-30.601554 ;-17.527485 ;
29.500000 ;-30.591819 ;-17.527401 ;
29.600000 ;-30.592224 ;-17.527992 ;
29.700000 ;-30.598374 ;-17.528966 ;
29.800000 ;-30.593824 ;-17.529217 ;
29.900000 ;-30.592542 ;-17.529683 ;
30.000000 ;-30.599449 ;-17.530696 ;
30.100000 ;-30.603383 ;-17.531505 ;
30.200000 ;-30.591613 ;-17.531252 ;
30.300000 ;-30.587477 ;-17.531508 ;
30.400000 ;-30.601881 ;-17.533013 ;
30.500000 ;-30.619814 ;-17.534752 ;
30.600000 ;-30.603170 ;-17.534150 ;
30.700000 ;-30.573221 ;-17.532636 ;
30.800000 ;-30.587619 ;-17.534125 ;
30.900000 ;-30.635423 ;-17.537884 ;
31.000000 ;-30.636664 ;-17.538490 ;
31.100000 ;-30.600744 ;-17.536562 ;
31.200000 ;-30.608914 ;-17.537610 ;
31.300000 ;-30.638855 ;-17.540135 ;
31.400000 ;-30.623511 ;-17.539602 ;
31.500000 ;-30.618356 ;-17.539748 ;
31.600000 ;-30.626884 ;-17.540814 ;
31.700000 ;-30.622314 ;-17.540996 ;
31.800000 ;-30.620322 ;-17.541347 ;
31.900000 ;-30.626205 ;-17.542226 ;
32.000000 ;-30.626761 ;-17.542743 ;
32.100000 ;-30.620022 ;-17.542765 ;
32.200000 ;-30.622003 ;-17.543371 ;
32.300000 ;-30.633179 ;-17.544596 ;
32.400000 ;-30.636316 ;-17.545275 ;
32.500000 ;-30.613985 ;-17.544225 ;
32.600000 ;-30.606222 ;-17.544158 ;
32.700000 ;-30.631113 ;-17.546303 ;
32.800000 ;-30.662482 ;-17.548887 ;
32.900000 ;-30.640442 ;-17.547847 ;
33.000000 ;-30.606404 ;-17.545975 ;
33.100000 ;-30.628507 ;-17.547918 ;
33.200000 ;-30.674652 ;-17.551503 ;
33.300000 ;-30.653974 ;-17.550554 ;
33.400000 ;-30.639424 ;-17.550007 ;
33.500000 ;-30.654347 ;-17.551449 ;
33.600000 ;-30.651923 ;-17.551723 ;
33.700000 ;-30.645984 ;-17.551756 ;
33.800000 ;-30.651025 ;-17.552527 ;
33.900000 ;-30.651295 ;-17.552974 ;
34.000000 ;-30.646864 ;-17.553101 ;
34.100000 ;-30.649989 ;-17.553736 ;
34.200000 ;-30.657339 ;-17.554654 ;
34.300000 ;-30.651971 ;-17.554710 ;
34.400000 ;-30.640796 ;-17.554369 ;
34.500000 ;-30.646095 ;-17.555142 ;
34.600000 ;-30.665869 ;-17.556893 ;
34.700000 ;-30.672526 ;-17.557755 ;
34.800000 ;-30.657200 ;-17.557126 ;
34.900000 ;-30.657275 ;-17.557535 ;
35.000000 ;-30.670959 ;-17.558864 ;
35.100000 ;-30.666271 ;-17.558949 ;
35.200000 ;-30.660997 ;-17.558992 ;
35.300000 ;-30.667778 ;-17.559848 ;
35.400000 ;-30.671739 ;-17.560511 ;
35.500000 ;-30.663203 ;-17.560328 ;
35.600000 ;-30.663212 ;-17.560720 ;
35.700000 ;-30.674576 ;-17.561878 ;
35.800000 ;-30.677656 ;-17.562475 ;
35.900000 ;-30.660444 ;-17.561693 ;
36.000000 ;-30.657833 ;-17.561898 ;
36.100000 ;-30.678938 ;-17.563711 ;
36.200000 ;-30.694573 ;-17.565154 ;
36.300000 ;-30.668661 ;-17.563771 ;
36.400000 ;-30.656472 ;-17.563315 ;
36.500000 ;-30.683366 ;-17.565515 ;
36.600000 ;-30.704699 ;-17.567342 ;
36.700000 ;-30.680437 ;-17.566069 ;
36.800000 ;-30.676461 ;-17.566165 ;
36.900000 ;-30.695601 ;-17.567829 ;
37.000000 ;-30.690579 ;-17.567857 ;
37.100000 ;-30.683156 ;-17.567719 ;
37.200000 ;-30.690274 ;-17.568563 ;
37.300000 ;-30.692617 ;-17.569084 ;
37.400000 ;-30.685577 ;-17.568967 ;
37.500000 ;-30.687791 ;-17.569474 ;
37.600000 ;-30.696836 ;-17.570443 ;
37.700000 ;-30.692423 ;-17.570499 ;
37.800000 ;-30.682070 ;-17.570149 ;
37.900000 ;-30.687690 ;-17.570881 ;
38.000000 ;-30.705036 ;-17.572407 ;
38.100000 ;-30.703135 ;-17.572627 ;
38.200000 ;-30.677689 ;-17.571240 ;
38.300000 ;-30.679176 ;-17.571682 ;
38.400000 ;-30.711745 ;-17.574242 ;
38.500000 ;-30.722690 ;-17.575334 ;
38.600000 ;-30.692337 ;-17.573609 ;
38.700000 ;-30.691437 ;-17.573881 ;
38.800000 ;-30.720314 ;-17.576180 ;
38.900000 ;-30.714957 ;-17.576157 ;
39.000000 ;-30.702694 ;-17.575660 ;
39.100000 ;-30.711005 ;-17.576555 ;
39.200000 ;-30.714202 ;-17.577104 ;
39.300000 ;-30.706695 ;-17.576926 ;
39.400000 ;-30.709286 ;-17.577431 ;
39.500000 ;-30.716319 ;-17.578235 ;
39.600000 ;-30.709898 ;-17.578126 ;
39.700000 ;-30.705591 ;-17.578159 ;
39.800000 ;-30.713635 ;-17.579028 ;
39.900000 ;-30.723300 ;-17.580006 ;
40.000000 ;-30.703197 ;-17.578545 ;
40.100000 ;-30.758670 ;-17.585263 ;
40.200000 ;-30.821258 ;-17.597267 ;
40.300000 ;-30.926220 ;-17.618727 ;
40.400000 ;-31.069269 ;-17.650476 ;
40.500000 ;-31.235418 ;-17.691488 ;
40.600000 ;-31.414040 ;-17.740789 ;
40.700000 ;-31.608324 ;-17.798792 ;
40.800000 ;-31.825233 ;-17.865974 ;
40.900000 ;-32.038297 ;-17.939257 ;
41.000000 ;-32.232817 ;-18.016690 ;
41.100000 ;-32.419177 ;-18.098667 ;
41.200000 ;-32.629456 ;-18.187616 ;
41.300000 ;-32.846392 ;-18.281427 ;
41.400000 ;-33.037976 ;-18.376660 ;
41.500000 ;-33.221538 ;-18.474263 ;
41.600000 ;-33.418448 ;-18.575595 ;
41.700000 ;-33.601580 ;-18.677762 ;
41.800000 ;-33.771144 ;-18.780303 ;
41.900000 ;-33.946563 ;-18.884547 ;
42.000000 ;-34.118491 ;-18.989230 ;
42.100000 ;-34.272749 ;-19.092635 ;
42.200000 ;-34.415977 ;-19.195020 ;
42.300000 ;-34.573873 ;-19.298477 ;
42.400000 ;-34.736643 ;-19.401780 ;
42.500000 ;-34.867226 ;-19.501042 ;
42.600000 ;-34.968769 ;-19.596293 ;
42.700000 ;-35.087562 ;-19.691770 ;
42.800000 ;-35.251419 ;-19.790016 ;
42.900000 ;-35.376548 ;-19.882536 ;
43.000000 ;-35.443376 ;-19.967178 ;
43.100000 ;-35.530671 ;-20.051627 ;
43.200000 ;-35.667178 ;-20.138630 ;
43.300000 ;-35.765122 ;-20.219221 ;
43.400000 ;-35.837268 ;-20.294580 ;
43.500000 ;-35.938856 ;-20.370251 ;
43.600000 ;-36.028133 ;-20.441902 ;
43.700000 ;-36.101023 ;-20.509066 ;
43.800000 ;-36.182196 ;-20.574265 ;
43.900000 ;-36.259944 ;-20.636281 ;
44.000000 ;-36.323471 ;-20.694003 ;
44.100000 ;-36.383352 ;-20.748559 ;
44.200000 ;-36.457881 ;-20.801907 ;
44.300000 ;-36.524157 ;-20.851698 ;
44.400000 ;-36.567433 ;-20.896444 ;
44.500000 ;-36.601865 ;-20.937716 ;
44.600000 ;-36.667855 ;-20.979875 ;
44.700000 ;-36.747616 ;-21.021145 ;
44.800000 ;-36.780604 ;-21.055145 ;
44.900000 ;-36.774665 ;-21.082814 ;
45.000000 ;-36.809270 ;-21.112766 ;
45.100000 ;-36.889733 ;-21.145690 ;
45.200000 ;-36.921583 ;-21.171530 ;
45.300000 ;-36.915970 ;-21.191593 ;
45.400000 ;-36.960663 ;-21.215447 ;
45.500000 ;-37.003207 ;-21.237533 ;
45.600000 ;-37.020776 ;-21.255481 ;
45.700000 ;-37.048941 ;-21.273243 ;
45.800000 ;-37.080258 ;-21.290106 ;
45.900000 ;-37.098766 ;-21.304426 ;
46.000000 ;-37.116475 ;-21.317595 ;
46.100000 ;-37.145786 ;-21.331047 ;
46.200000 ;-37.166819 ;-21.342694 ;
46.300000 ;-37.174214 ;-21.352027 ;
46.400000 ;-37.183888 ;-21.360852 ;
46.500000 ;-37.221104 ;-21.371992 ;
46.600000 ;-37.250045 ;-21.381600 ;
46.700000 ;-37.243829 ;-21.386795 ;
46.800000 ;-37.222392 ;-21.389808 ;
46.900000 ;-37.248203 ;-21.397518 ;
47.000000 ;-37.303287 ;-21.408013 ;
47.100000 ;-37.302168 ;-21.411984 ;
47.200000 ;-37.257708 ;-21.410879 ;
47.300000 ;-37.274676 ;-21.416192 ;
47.400000 ;-37.311814 ;-21.423445 ;
47.500000 ;-37.307880 ;-21.425965 ;
47.600000 ;-37.305389 ;-21.428437 ;
47.700000 ;-37.325661 ;-21.433221 ;
47.800000 ;-37.331005 ;-21.436209 ;
47.900000 ;-37.331403 ;-21.438519 ;
48.000000 ;-37.344364 ;-21.442090 ;
48.100000 ;-37.350973 ;-21.444864 ;
48.200000 ;-37.347952 ;-21.446497 ;
48.300000 ;-37.351515 ;-21.448783 ;
48.400000 ;-37.370392 ;-21.452694 ;
48.500000 ;-37.376542 ;-21.455161 ;
48.600000 ;-37.362525 ;-21.455375 ;
48.700000 ;-37.349962 ;-21.455720 ;
48.800000 ;-37.380907 ;-21.460828 ;
48.900000 ;-37.412903 ;-21.466040 ;
49.000000 ;-37.391545 ;-21.465380 ;
49.100000 ;-37.340652 ;-21.461471 ;
49.200000 ;-37.353786 ;-21.464598 ;
49.300000 ;-37.397163 ;-21.471055 ;
49.400000 ;-37.384334 ;-21.471344 ;
49.500000 ;-37.349937 ;-21.469275 ;
49.600000 ;-37.372943 ;-21.473525 ;
49.700000 ;-37.381558 ;-21.476203 ;
49.800000 ;-37.372130 ;-21.476911 ;
49.900000 ;-37.379757 ;-21.479510 ;
50.000000 ;-37.384460 ;-21.481802 ;
50.100000 ;-37.378998 ;-21.482989 ;
50.200000 ;-37.379670 ;-21.484867 ;
50.300000 ;-37.388916 ;-21.487704 ;
50.400000 ;-37.387908 ;-21.489425 ;
50.500000 ;-37.376291 ;-21.489990 ;
50.600000 ;-37.374474 ;-21.491647 ;
50.700000 ;-37.400546 ;-21.496391 ;
50.800000 ;-37.409316 ;-21.499239 ;
50.900000 ;-37.382005 ;-21.498115 ;
51.000000 ;-37.348264 ;-21.496290 ;
51.100000 ;-37.374877 ;-21.501126 ;
51.200000 ;-37.415881 ;-21.507556 ;
51.300000 ;-37.391995 ;-21.506840 ;
51.400000 ;-37.335691 ;-21.502552 ;
51.500000 ;-37.356915 ;-21.506810 ;
51.600000 ;-37.379469 ;-21.511212 ;
51.700000 ;-37.362343 ;-21.511238 ;
51.800000 ;-37.360583 ;-21.512955 ;
51.900000 ;-37.370841 ;-21.515994 ;
52.000000 ;-37.366451 ;-21.517409 ;
52.100000 ;-37.363964 ;-21.519027 ;
52.200000 ;-37.370380 ;-21.521621 ;
52.300000 ;-37.368626 ;-21.523303 ;
52.400000 ;-37.359940 ;-21.524208 ;
52.500000 ;-37.363270 ;-21.526431 ;
52.600000 ;-37.377114 ;-21.529804 ;
52.700000 ;-37.374305 ;-21.531323 ;
52.800000 ;-37.353313 ;-21.530816 ;
52.900000 ;-37.341532 ;-21.531312 ;
53.000000 ;-37.377671 ;-21.537093 ;
53.100000 ;-37.400345 ;-21.541370 ;
53.200000 ;-37.365123 ;-21.539228 ;
53.300000 ;-37.310918 ;-21.534968 ;
53.400000 ;-37.336206 ;-21.539476 ;
53.500000 ;-37.372003 ;-21.545127 ;
53.600000 ;-37.347286 ;-21.544072 ;
53.700000 ;-37.319437 ;-21.542652 ;
53.800000 ;-37.342461 ;-21.546831 ;
53.900000 ;-37.344229 ;-21.548636 ;
54.000000 ;-37.335270 ;-21.549233 ;
54.100000 ;-37.342966 ;-21.551649 ;
54.200000 ;-37.343571 ;-21.553258 ;
54.300000 ;-37.336353 ;-21.553977 ;
54.400000 ;-37.339290 ;-21.555797 ;
54.500000 ;-37.346112 ;-21.558025 ;
54.600000 ;-37.341138 ;-21.558922 ;
54.700000 ;-37.328295 ;-21.558922 ;
54.800000 ;-37.331999 ;-21.560732 ;
54.900000 ;-37.358683 ;-21.565067 ;
55.000000 ;-37.360134 ;-21.566580 ;
55.100000 ;-37.326168 ;-21.564144 ;
55.200000 ;-37.295957 ;-21.562098 ;
55.300000 ;-37.319428 ;-21.565977 ;
55.400000 ;-37.330067 ;-21.568411 ;
55.500000 ;-37.315426 ;-21.568019 ;
55.600000 ;-37.318994 ;-21.569621 ;
55.700000 ;-37.324390 ;-21.571401 ;
55.800000 ;-37.318996 ;-21.571961 ;
55.900000 ;-37.318466 ;-21.573036 ;
56.000000 ;-37.324674 ;-21.574834 ;
56.100000 ;-37.322243 ;-21.575651 ;
56.200000 ;-37.312390 ;-21.575619 ;
56.300000 ;-37.314125 ;-21.576851 ;
56.400000 ;-37.334760 ;-21.580157 ;
56.500000 ;-37.336994 ;-21.581399 ;
56.600000 ;-37.311265 ;-21.579514 ;
56.700000 ;-37.285408 ;-21.577591 ;
56.800000 ;-37.302834 ;-21.580449 ;
56.900000 ;-37.314648 ;-21.582662 ;
57.000000 ;-37.301370 ;-21.582070 ;
57.100000 ;-37.300062 ;-21.582784 ;
57.200000 ;-37.307995 ;-21.584502 ;
57.300000 ;-37.304040 ;-21.584879 ;
57.400000 ;-37.299099 ;-21.585125 ;
57.500000 ;-37.306841 ;-21.586759 ;
57.600000 ;-37.308337 ;-21.587679 ;
57.700000 ;-37.298521 ;-21.587322 ;
57.800000 ;-37.292486 ;-21.587365 ;
57.900000 ;-37.311804 ;-21.590204 ;
58.000000 ;-37.322572 ;-21.592075 ;
58.100000 ;-37.303173 ;-21.590576 ;
58.200000 ;-37.272860 ;-21.587845 ;
58.300000 ;-37.288076 ;-21.590152 ;
58.400000 ;-37.330712 ;-21.595486 ;
58.500000 ;-37.318468 ;-21.594712 ;
58.600000 ;-37.261770 ;-21.588987 ;
58.700000 ;-37.263789 ;-21.589759 ;
58.800000 ;-37.298027 ;-21.594089 ;
58.900000 ;-37.287540 ;-21.593438 ;
59.000000 ;-37.268844 ;-21.591861 ;
59.100000 ;-37.284716 ;-21.594103 ;
59.200000 ;-37.285825 ;-21.594689 ;
59.300000 ;-37.278477 ;-21.594318 ;
59.400000 ;-37.285181 ;-21.595494 ;
59.500000 ;-37.287150 ;-21.596128 ;
59.600000 ;-37.279831 ;-21.595714 ;
59.700000 ;-37.278509 ;-21.595952 ;
59.800000 ;-37.290926 ;-21.597703 ;
59.900000 ;-37.292256 ;-21.598208 ;
60.000000 ;-37.276612 ;-21.596811 ;
60.100000 ;-37.263859 ;-21.595722 ;
60.200000 ;-37.291014 ;-21.599056 ;
60.300000 ;-37.316230 ;-21.602163 ;
60.400000 ;-37.292521 ;-21.599820 ;
60.500000 ;-37.242427 ;-21.594531 ;
60.600000 ;-37.251900 ;-21.595848 ;
60.700000 ;-37.296740 ;-21.601081 ;
60.800000 ;-37.284023 ;-21.599914 ;
60.900000 ;-37.239447 ;-21.595199 ;
61.000000 ;-37.258883 ;-21.597578 ;
61.100000 ;-37.271542 ;-21.599191 ;
61.200000 ;-37.259678 ;-21.598068 ;
61.300000 ;-37.264076 ;-21.598741 ;
61.400000 ;-37.269720 ;-21.599542 ;
61.500000 ;-37.264285 ;-21.599100 ;
61.600000 ;-37.263081 ;-21.599118 ;
61.700000 ;-37.270899 ;-21.600130 ;
61.800000 ;-37.269873 ;-21.600148 ;
61.900000 ;-37.259350 ;-21.599100 ;
62.000000 ;-37.258168 ;-21.599082 ;
62.100000 ;-37.280620 ;-21.601684 ;
62.200000 ;-37.286893 ;-21.602478 ;
62.300000 ;-37.262221 ;-21.599821 ;
62.400000 ;-37.233399 ;-21.596694 ;
62.500000 ;-37.249748 ;-21.598581 ;
62.600000 ;-37.263898 ;-21.600217 ;
62.700000 ;-37.251637 ;-21.598908 ;
62.800000 ;-37.249391 ;-21.598705 ;
62.900000 ;-37.258141 ;-21.599717 ;
63.000000 ;-37.255047 ;-21.599404 ;
63.100000 ;-37.250096 ;-21.598877 ;
63.200000 ;-37.257951 ;-21.599768 ;
63.300000 ;-37.260090 ;-21.600015 ;
63.400000 ;-37.251012 ;-21.599008 ;
63.500000 ;-37.245104 ;-21.598346 ;
63.600000 ;-37.264002 ;-21.600439 ;
63.700000 ;-37.275333 ;-21.601683 ;
63.800000 ;-37.257227 ;-21.599646 ;
63.900000 ;-37.227635 ;-21.596325 ;
64.000000 ;-37.241490 ;-21.597831 ;
64.100000 ;-37.285077 ;-21.602637 ;
64.200000 ;-37.275170 ;-21.601494 ;
64.300000 ;-37.218710 ;-21.595171 ;
64.400000 ;-37.217019 ;-21.594928 ;
64.500000 ;-37.253504 ;-21.598921 ;
64.600000 ;-37.245219 ;-21.597934 ;
64.700000 ;-37.224016 ;-21.595508 ;
64.800000 ;-37.240539 ;-21.597268 ;
64.900000 ;-37.243054 ;-21.597465 ;
65.000000 ;-37.235606 ;-21.596549 ;
65.100000 ;-37.242234 ;-21.597194 ;
65.200000 ;-37.244955 ;-21.597400 ;
65.300000 ;-37.238232 ;-21.596550 ;
65.400000 ;-37.236569 ;-21.596259 ;
65.500000 ;-37.248885 ;-21.597520 ;
65.600000 ;-37.250982 ;-21.597639 ;
65.700000 ;-37.236348 ;-21.595893 ;
65.800000 ;-37.223636 ;-21.594357 ;
65.900000 ;-37.249539 ;-21.597113 ;
66.000000 ;-37.275696 ;-21.599895 ;
66.100000 ;-37.254138 ;-21.597367 ;
66.200000 ;-37.204602 ;-21.591724 ;
66.300000 ;-37.210629 ;-21.592254 ;
66.400000 ;-37.257369 ;-21.597308 ;
66.500000 ;-37.247895 ;-21.596114 ;
66.600000 ;-37.201554 ;-21.590822 ;
66.700000 ;-37.218385 ;-21.592545 ;
66.800000 ;-37.233523 ;-21.594074 ;
66.900000 ;-37.222234 ;-21.592663 ;
67.000000 ;-37.225408 ;-21.592856 ;
67.100000 ;-37.232031 ;-21.593429 ;
67.200000 ;-37.227319 ;-21.592739 ;
67.300000 ;-37.225542 ;-21.592372 ;
67.400000 ;-37.233497 ;-21.593086 ;
67.500000 ;-37.233269 ;-21.592887 ;
67.600000 ;-37.223354 ;-21.591607 ;
67.700000 ;-37.221448 ;-21.591216 ;
67.800000 ;-37.243295 ;-21.593467 ;
67.900000 ;-37.250700 ;-21.594109 ;
68.000000 ;-37.227754 ;-21.591372 ;
68.100000 ;-37.198970 ;-21.587982 ;
68.200000 ;-37.213652 ;-21.589426 ;
68.300000 ;-37.228864 ;-21.590927 ;
68.400000 ;-37.217585 ;-21.589481 ;
68.500000 ;-37.213991 ;-21.588888 ;
68.600000 ;-37.223380 ;-21.589737 ;
68.700000 ;-37.221091 ;-21.589285 ;
68.800000 ;-37.215493 ;-21.588463 ;
68.900000 ;-37.223321 ;-21.589134 ;
69.000000 ;-37.226483 ;-21.589283 ;
69.100000 ;-37.217993 ;-21.588135 ;
69.200000 ;-37.211042 ;-21.587156 ;
69.300000 ;-37.228882 ;-21.588935 ;
69.400000 ;-37.242017 ;-21.590189 ;
69.500000 ;-37.225896 ;-21.588187 ;
69.600000 ;-37.195981 ;-21.584649 ;
69.700000 ;-37.205927 ;-21.585543 ;
69.800000 ;-37.250087 ;-21.590242 ;
69.900000 ;-37.244122 ;-21.589369 ;
70.000000 ;-37.189572 ;-21.583095 ;
70.100000 ;-37.183376 ;-21.582192 ;
70.200000 ;-37.220507 ;-21.586103 ;
70.300000 ;-37.214748 ;-21.585247 ;
70.400000 ;-37.192232 ;-21.582529 ;
70.500000 ;-37.208356 ;-21.584103 ;
70.600000 ;-37.212025 ;-21.584290 ;
70.700000 ;-37.204328 ;-21.583212 ;
70.800000 ;-37.210510 ;-21.583678 ;
70.900000 ;-37.214101 ;-21.583853 ;
71.000000 ;-37.207848 ;-21.582933 ;
71.100000 ;-37.205018 ;-21.582392 ;
71.200000 ;-37.217404 ;-21.583545 ;
71.300000 ;-37.221002 ;-21.583719 ;
71.400000 ;-37.207296 ;-21.581966 ;
71.500000 ;-37.193238 ;-21.580174 ;
71.600000 ;-37.216235 ;-21.582504 ;
71.700000 ;-37.244665 ;-21.585439 ;
71.800000 ;-37.226815 ;-21.583226 ;
71.900000 ;-37.177749 ;-21.577541 ;
72.000000 ;-37.178184 ;-21.577359 ;
72.100000 ;-37.225581 ;-21.582397 ;
72.200000 ;-37.220391 ;-21.581594 ;
72.300000 ;-37.174545 ;-21.576274 ;
72.400000 ;-37.187818 ;-21.577521 ;
72.500000 ;-37.204541 ;-21.579149 ;
72.600000 ;-37.194190 ;-21.577767 ;
72.700000 ;-37.195858 ;-21.577720 ;
72.800000 ;-37.203261 ;-21.578310 ;
72.900000 ;-37.199221 ;-21.577627 ;
73.000000 ;-37.196434 ;-21.577083 ;
73.100000 ;-37.204630 ;-21.577760 ;
73.200000 ;-37.205497 ;-21.577622 ;
73.300000 ;-37.195948 ;-21.576325 ;
73.400000 ;-37.192186 ;-21.575671 ;
73.500000 ;-37.213475 ;-21.577805 ;
73.600000 ;-37.223382 ;-21.578673 ;
73.700000 ;-37.202554 ;-21.576121 ;
73.800000 ;-37.172407 ;-21.572532 ;
73.900000 ;-37.184002 ;-21.573585 ;
74.000000 ;-37.201183 ;-21.575261 ;
74.100000 ;-37.191501 ;-21.573950 ;
74.200000 ;-37.185779 ;-21.573079 ;
74.300000 ;-37.195760 ;-21.573954 ;
74.400000 ;-37.194531 ;-21.573582 ;
74.500000 ;-37.188352 ;-21.572660 ;
74.600000 ;-37.195686 ;-21.573241 ;
74.700000 ;-37.199827 ;-21.573467 ;
74.800000 ;-37.192146 ;-21.572377 ;
74.900000 ;-37.184232 ;-21.571261 ;
75.000000 ;-37.200444 ;-21.572830 ;
75.100000 ;-37.215394 ;-21.574260 ;
75.200000 ;-37.201680 ;-21.572500 ;
75.300000 ;-37.171571 ;-21.568916 ;
75.400000 ;-37.176385 ;-21.569217 ;
75.500000 ;-37.221563 ;-21.574006 ;
75.600000 ;-37.220924 ;-21.573705 ;
75.700000 ;-37.168108 ;-21.567606 ;
75.800000 ;-37.154262 ;-21.565836 ;
75.900000 ;-37.193019 ;-21.569911 ;
76.000000 ;-37.191228 ;-21.569480 ;
76.100000 ;-37.166717 ;-21.566526 ;
76.200000 ;-37.181656 ;-21.567956 ;
76.300000 ;-37.187028 ;-21.568320 ;
76.400000 ;-37.179295 ;-21.567228 ;
76.500000 ;-37.184530 ;-21.567577 ;
76.600000 ;-37.189030 ;-21.567845 ;
76.700000 ;-37.183474 ;-21.566995 ;
76.800000 ;-37.179428 ;-21.566312 ;
76.900000 ;-37.191395 ;-21.567412 ;
77.000000 ;-37.196521 ;-21.567751 ;
77.100000 ;-37.184122 ;-21.566140 ;
77.200000 ;-37.168910 ;-21.564216 ;
77.300000 ;-37.188194 ;-21.566130 ;
77.400000 ;-37.219061 ;-21.569333 ;
77.500000 ;-37.205736 ;-21.567624 ;
77.600000 ;-37.157310 ;-21.562011 ;
77.700000 ;-37.149994 ;-21.560968 ;
77.800000 ;-37.198566 ;-21.566137 ;
77.900000 ;-37.199372 ;-21.566002 ;
78.000000 ;-37.153678 ;-21.560703 ;
78.100000 ;-37.161109 ;-21.561305 ;
78.200000 ;-37.180413 ;-21.563225 ;
78.300000 ;-37.171647 ;-21.562023 ;
78.400000 ;-37.171019 ;-21.561727 ;
78.500000 ;-37.179325 ;-21.562424 ;
78.600000 ;-37.176276 ;-21.561858 ;
78.700000 ;-37.172349 ;-21.561195 ;
78.800000 ;-37.180451 ;-21.561870 ;
78.900000 ;-37.182507 ;-21.561873 ;
79.000000 ;-37.173634 ;-21.560660 ;
79.100000 ;-37.168148 ;-21.559825 ;
79.200000 ;-37.188061 ;-21.561815 ;
79.300000 ;-37.200520 ;-21.562978 ;
79.400000 ;-37.182433 ;-21.560743 ;
79.500000 ;-37.151324 ;-21.557059 ;
79.600000 ;-37.158510 ;-21.557635 ;
79.700000 ;-37.177153 ;-21.559485 ;
79.800000 ;-37.169931 ;-21.558461 ;
79.900000 ;-37.162770 ;-21.557444 ;
80.000000 ;-37.167904 ;-21.557794 ;
