0.000000 ;-27.500000 ;-20.600000 ;
0.100000 ;-27.103536 ;-20.669254 ;
0.200000 ;-26.836578 ;-20.717147 ;
0.300000 ;-26.660046 ;-20.748141 ;
0.400000 ;-26.518925 ;-20.763481 ;
0.500000 ;-26.411279 ;-20.767910 ;
0.600000 ;-26.327906 ;-20.764396 ;
0.700000 ;-26.257678 ;-20.754914 ;
0.800000 ;-26.204514 ;-20.741857 ;
0.900000 ;-26.164290 ;-20.726522 ;
1.000000 ;-26.125092 ;-20.709260 ;
1.100000 ;-26.090252 ;-20.691225 ;
1.200000 ;-26.069868 ;-20.673826 ;
1.300000 ;-26.061425 ;-20.657316 ;
1.400000 ;-26.049391 ;-20.640764 ;
1.500000 ;-26.025815 ;-20.623719 ;
1.600000 ;-26.013720 ;-20.608391 ;
1.700000 ;-26.015430 ;-20.595089 ;
1.800000 ;-26.007915 ;-20.581695 ;
1.900000 ;-25.993099 ;-20.568419 ;
2.000000 ;-25.990954 ;-20.557151 ;
2.100000 ;-25.996332 ;-20.547386 ;
2.200000 ;-25.986480 ;-20.536937 ;
2.300000 ;-25.975513 ;-20.527114 ;
2.400000 ;-25.980126 ;-20.519467 ;
2.500000 ;-25.990256 ;-20.512998 ;
2.600000 ;-25.978367 ;-20.505046 ;
2.700000 ;-25.965720 ;-20.497594 ;
2.800000 ;-25.975001 ;-20.492764 ;
2.900000 ;-25.991357 ;-20.489103 ;
3.000000 ;-25.977861 ;-20.483055 ;
3.100000 ;-25.965663 ;-20.477555 ;
3.200000 ;-25.977864 ;-20.474770 ;
3.300000 ;-25.990512 ;-20.472387 ;
3.400000 ;-25.975851 ;-20.467733 ;
3.500000 ;-25.972326 ;-20.464445 ;
3.600000 ;-25.984336 ;-20.462914 ;
3.700000 ;-25.982567 ;-20.460328 ;
3.800000 ;-25.974178 ;-20.457346 ;
3.900000 ;-25.978502 ;-20.455788 ;
4.000000 ;-25.986358 ;-20.454762 ;
4.100000 ;-25.978171 ;-20.452389 ;
4.200000 ;-25.974012 ;-20.450563 ;
4.300000 ;-25.982708 ;-20.450108 ;
4.400000 ;-25.989230 ;-20.449583 ;
4.500000 ;-25.976449 ;-20.447344 ;
4.600000 ;-25.971872 ;-20.445998 ;
4.700000 ;-25.985676 ;-20.446503 ;
4.800000 ;-25.996377 ;-20.446805 ;
4.900000 ;-25.978951 ;-20.444514 ;
5.000000 ;-25.972191 ;-20.443314 ;
5.100000 ;-25.989910 ;-20.444512 ;
5.200000 ;-26.000391 ;-20.445083 ;
5.300000 ;-25.983055 ;-20.443062 ;
5.400000 ;-25.981257 ;-20.442569 ;
5.500000 ;-25.996845 ;-20.443776 ;
5.600000 ;-25.993725 ;-20.443243 ;
5.700000 ;-25.984809 ;-20.442195 ;
5.800000 ;-25.990436 ;-20.442562 ;
5.900000 ;-25.997125 ;-20.443059 ;
6.000000 ;-25.988553 ;-20.442129 ;
6.100000 ;-25.986887 ;-20.441879 ;
6.200000 ;-25.995673 ;-20.442643 ;
6.300000 ;-25.996373 ;-20.442656 ;
6.400000 ;-25.985571 ;-20.441590 ;
6.500000 ;-25.986615 ;-20.441664 ;
6.600000 ;-26.000038 ;-20.442928 ;
6.700000 ;-26.000928 ;-20.443009 ;
6.800000 ;-25.983736 ;-20.441380 ;
6.900000 ;-25.984123 ;-20.441430 ;
7.000000 ;-26.004434 ;-20.443383 ;
7.100000 ;-26.007731 ;-20.443722 ;
7.200000 ;-25.988213 ;-20.441895 ;
7.300000 ;-25.989787 ;-20.442079 ;
7.400000 ;-26.009464 ;-20.443989 ;
7.500000 ;-26.004024 ;-20.443510 ;
7.600000 ;-25.993324 ;-20.442533 ;
7.700000 ;-26.000468 ;-20.443256 ;
7.800000 ;-26.007070 ;-20.443927 ;
7.900000 ;-25.997806 ;-20.443090 ;
8.000000 ;-25.997203 ;-20.443077 ;
8.100000 ;-26.005572 ;-20.443918 ;
8.200000 ;-26.002540 ;-20.443673 ;
8.300000 ;-25.994900 ;-20.442990 ;
8.400000 ;-25.999115 ;-20.443435 ;
8.500000 ;-26.009417 ;-20.444457 ;
8.600000 ;-26.002340 ;-20.443826 ;
8.700000 ;-25.990321 ;-20.442723 ;
8.800000 ;-25.997300 ;-20.443428 ;
8.900000 ;-26.015392 ;-20.445189 ;
9.000000 ;-26.008558 ;-20.444577 ;
9.100000 ;-25.990205 ;-20.442868 ;
9.200000 ;-25.997861 ;-20.443633 ;
9.300000 ;-26.020437 ;-20.445818 ;
9.400000 ;-26.010732 ;-20.444928 ;
9.500000 ;-25.998089 ;-20.443759 ;
9.600000 ;-26.008090 ;-20.444743 ;
9.700000 ;-26.016356 ;-20.445562 ;
9.800000 ;-26.010931 ;-20.445077 ;
9.900000 ;-26.020024 ;-20.453373 ;
10.000000 ;-26.110100 ;-20.520923 ;
10.100000 ;-26.120069 ;-20.564850 ;
10.200000 ;-26.103177 ;-20.607105 ;
10.300000 ;-26.064255 ;-20.640387 ;
10.400000 ;-25.991511 ;-20.658613 ;
10.500000 ;-25.893421 ;-20.660369 ;
10.600000 ;-25.777011 ;-20.645942 ;
10.700000 ;-25.646813 ;-20.615736 ;
10.800000 ;-25.516137 ;-20.571036 ;
10.900000 ;-25.376824 ;-20.513447 ;
11.000000 ;-25.220697 ;-20.444554 ;
11.100000 ;-25.050425 ;-20.366094 ;
11.200000 ;-24.879523 ;-20.279956 ;
11.300000 ;-24.731128 ;-20.188171 ;
11.400000 ;-24.593920 ;-20.091734 ;
11.500000 ;-24.444769 ;-19.990518 ;
11.600000 ;-24.298613 ;-19.886845 ;
11.700000 ;-24.165015 ;-19.782457 ;
11.800000 ;-24.031130 ;-19.677114 ;
11.900000 ;-23.900776 ;-19.571863 ;
12.000000 ;-23.781288 ;-19.467930 ;
12.100000 ;-23.664658 ;-19.365202 ;
12.200000 ;-23.547488 ;-19.263861 ;
12.300000 ;-23.435348 ;-19.164727 ;
12.400000 ;-23.343895 ;-19.069308 ;
12.500000 ;-23.261411 ;-18.976931 ;
12.600000 ;-23.162357 ;-18.885854 ;
12.700000 ;-23.048119 ;-18.796330 ;
12.800000 ;-22.947697 ;-18.710655 ;
12.900000 ;-22.886191 ;-18.630775 ;
13.000000 ;-22.816346 ;-18.553167 ;
13.100000 ;-22.737212 ;-18.477788 ;
13.200000 ;-22.674114 ;-18.406495 ;
13.300000 ;-22.611470 ;-18.338113 ;
13.400000 ;-22.547985 ;-18.272510 ;
13.500000 ;-22.492735 ;-18.210280 ;
13.600000 ;-22.440319 ;-18.150973 ;
13.700000 ;-22.385607 ;-18.094159 ;
13.800000 ;-22.332371 ;-18.040024 ;
13.900000 ;-22.293485 ;-17.989374 ;
14.000000 ;-22.261712 ;-17.941617 ;
14.100000 ;-22.216168 ;-17.895246 ;
14.200000 ;-22.157329 ;-17.850207 ;
14.300000 ;-22.108008 ;-17.807968 ;
14.400000 ;-22.087522 ;-17.769746 ;
14.500000 ;-22.058545 ;-17.732919 ;
14.600000 ;-22.019029 ;-17.697269 ;
14.700000 ;-21.993115 ;-17.664338 ;
14.800000 ;-21.967520 ;-17.633150 ;
14.900000 ;-21.937837 ;-17.603333 ;
15.000000 ;-21.913954 ;-17.575467 ;
15.100000 ;-21.893872 ;-17.549342 ;
15.200000 ;-21.869384 ;-17.524348 ;
15.300000 ;-21.842605 ;-17.500553 ;
15.400000 ;-21.826356 ;-17.478730 ;
15.500000 ;-21.820682 ;-17.458812 ;
15.600000 ;-21.802016 ;-17.439207 ;
15.700000 ;-21.767358 ;-17.419664 ;
15.800000 ;-21.737936 ;-17.401503 ;
15.900000 ;-21.736491 ;-17.386142 ;
16.000000 ;-21.727294 ;-17.371212 ;
16.100000 ;-21.705585 ;-17.356359 ;
16.200000 ;-21.695931 ;-17.343125 ;
16.300000 ;-21.687403 ;-17.330757 ;
16.400000 ;-21.673101 ;-17.318768 ;
16.500000 ;-21.662810 ;-17.307748 ;
16.600000 ;-21.657249 ;-17.297703 ;
16.700000 ;-21.646658 ;-17.287972 ;
16.800000 ;-21.632064 ;-17.278586 ;
16.900000 ;-21.625963 ;-17.270309 ;
17.000000 ;-21.631138 ;-17.263285 ;
17.100000 ;-21.624293 ;-17.256003 ;
17.200000 ;-21.601273 ;-17.248173 ;
17.300000 ;-21.582126 ;-17.241040 ;
17.400000 ;-21.589130 ;-17.235994 ;
17.500000 ;-21.588399 ;-17.230857 ;
17.600000 ;-21.574730 ;-17.225278 ;
17.700000 ;-21.572446 ;-17.220780 ;
17.800000 ;-21.571884 ;-17.216727 ;
17.900000 ;-21.564582 ;-17.212564 ;
18.000000 ;-21.560174 ;-17.208884 ;
18.100000 ;-21.561536 ;-17.205850 ;
18.200000 ;-21.557593 ;-17.202746 ;
18.300000 ;-21.548462 ;-17.199564 ;
18.400000 ;-21.546632 ;-17.197078 ;
18.500000 ;-21.556824 ;-17.195570 ;
18.600000 ;-21.555687 ;-17.193557 ;
18.700000 ;-21.538218 ;-17.190711 ;
18.800000 ;-21.524081 ;-17.188259 ;
18.900000 ;-21.544048 ;-17.188124 ;
19.000000 ;-21.558554 ;-17.187805 ;
19.100000 ;-21.536335 ;-17.185335 ;
19.200000 ;-21.507349 ;-17.182586 ;
19.300000 ;-21.526101 ;-17.182969 ;
19.400000 ;-21.535621 ;-17.182894 ;
19.500000 ;-21.520726 ;-17.181402 ;
19.600000 ;-21.521717 ;-17.181023 ;
19.700000 ;-21.528033 ;-17.181081 ;
19.800000 ;-21.524422 ;-17.180611 ;
19.900000 ;-21.524418 ;-17.180459 ;
20.000000 ;-21.528296 ;-17.180636 ;
20.100000 ;-21.526559 ;-17.180539 ;
20.200000 ;-21.522784 ;-17.180387 ;
20.300000 ;-21.528380 ;-17.180894 ;
20.400000 ;-21.533814 ;-17.181455 ;
20.500000 ;-21.528999 ;-17.181431 ;
20.600000 ;-21.519422 ;-17.181164 ;
20.700000 ;-21.526134 ;-17.181972 ;
20.800000 ;-21.547184 ;-17.183727 ;
20.900000 ;-21.545022 ;-17.184070 ;
21.000000 ;-21.518348 ;-17.182918 ;
21.100000 ;-21.508108 ;-17.182838 ;
21.200000 ;-21.537724 ;-17.185291 ;
21.300000 ;-21.543177 ;-17.186257 ;
21.400000 ;-21.517901 ;-17.185329 ;
21.500000 ;-21.520439 ;-17.186178 ;
21.600000 ;-21.533676 ;-17.187722 ;
21.700000 ;-21.530141 ;-17.188234 ;
21.800000 ;-21.530745 ;-17.189028 ;
21.900000 ;-21.536872 ;-17.190190 ;
22.000000 ;-21.536295 ;-17.190947 ;
22.100000 ;-21.535588 ;-17.191713 ;
22.200000 ;-21.541777 ;-17.192927 ;
22.300000 ;-21.543948 ;-17.193901 ;
22.400000 ;-21.539873 ;-17.194493 ;
22.500000 ;-21.539216 ;-17.195312 ;
22.600000 ;-21.553370 ;-17.197071 ;
22.700000 ;-21.560226 ;-17.198378 ;
22.800000 ;-21.548809 ;-17.198544 ;
22.900000 ;-21.533338 ;-17.198462 ;
23.000000 ;-21.543683 ;-17.200009 ;
23.100000 ;-21.554094 ;-17.201564 ;
23.200000 ;-21.548846 ;-17.202136 ;
23.300000 ;-21.549330 ;-17.203072 ;
23.400000 ;-21.556339 ;-17.204422 ;
23.500000 ;-21.556222 ;-17.205324 ;
23.600000 ;-21.555416 ;-17.206183 ;
23.700000 ;-21.562105 ;-17.207515 ;
23.800000 ;-21.564874 ;-17.208600 ;
23.900000 ;-21.561093 ;-17.209271 ;
24.000000 ;-21.560628 ;-17.210150 ;
24.100000 ;-21.574531 ;-17.211932 ;
24.200000 ;-21.581115 ;-17.213251 ;
24.300000 ;-21.570256 ;-17.213469 ;
24.400000 ;-21.556533 ;-17.213505 ;
24.500000 ;-21.573556 ;-17.215472 ;
24.600000 ;-21.596816 ;-17.217826 ;
24.700000 ;-21.584679 ;-17.217951 ;
24.800000 ;-21.554910 ;-17.216968 ;
24.900000 ;-21.569122 ;-17.218748 ;
25.000000 ;-21.586602 ;-17.220726 ;
25.100000 ;-21.577064 ;-17.220996 ;
25.200000 ;-21.575000 ;-17.221735 ;
25.300000 ;-21.585373 ;-17.223255 ;
25.400000 ;-21.585453 ;-17.224119 ;
25.500000 ;-21.585521 ;-17.224978 ;
25.600000 ;-21.591895 ;-17.226230 ;
25.700000 ;-21.593217 ;-17.227158 ;
25.800000 ;-21.590736 ;-17.227841 ;
25.900000 ;-21.596136 ;-17.229016 ;
26.000000 ;-21.604399 ;-17.230367 ;
26.100000 ;-21.602997 ;-17.231101 ;
26.200000 ;-21.594610 ;-17.231389 ;
26.300000 ;-21.597913 ;-17.232411 ;
26.400000 ;-21.620907 ;-17.234667 ;
26.500000 ;-21.625142 ;-17.235735 ;
26.600000 ;-21.602127 ;-17.235081 ;
26.700000 ;-21.585662 ;-17.234836 ;
26.800000 ;-21.614175 ;-17.237420 ;
26.900000 ;-21.627002 ;-17.239006 ;
27.000000 ;-21.604922 ;-17.238386 ;
27.100000 ;-21.600665 ;-17.238890 ;
27.200000 ;-21.616989 ;-17.240686 ;
27.300000 ;-21.616388 ;-17.241405 ;
27.400000 ;-21.615064 ;-17.242074 ;
27.500000 ;-21.622551 ;-17.243296 ;
27.600000 ;-21.623633 ;-17.244107 ;
27.700000 ;-21.622387 ;-17.244764 ;
27.800000 ;-21.628738 ;-17.245898 ;
27.900000 ;-21.632495 ;-17.246863 ;
28.000000 ;-21.629489 ;-17.247393 ;
28.100000 ;-21.627557 ;-17.247987 ;
28.200000 ;-21.640638 ;-17.249526 ;
28.300000 ;-21.650226 ;-17.250838 ;
28.400000 ;-21.641568 ;-17.250991 ;
28.500000 ;-21.625175 ;-17.250651 ;
28.600000 ;-21.632057 ;-17.251778 ;
28.700000 ;-21.644709 ;-17.253266 ;
28.800000 ;-21.641289 ;-17.253729 ;
28.900000 ;-21.639479 ;-17.254291 ;
29.000000 ;-21.647284 ;-17.255459 ;
29.100000 ;-21.648317 ;-17.256191 ;
29.200000 ;-21.646641 ;-17.256748 ;
29.300000 ;-21.653069 ;-17.257814 ;
29.400000 ;-21.656977 ;-17.258715 ;
29.500000 ;-21.653831 ;-17.259165 ;
29.600000 ;-21.651797 ;-17.259681 ;
29.700000 ;-21.664594 ;-17.261133 ;
29.800000 ;-21.673396 ;-17.262326 ;
29.900000 ;-21.664571 ;-17.262399 ;
30.000000 ;-21.649452 ;-17.262069 ;
30.100000 ;-21.661577 ;-17.263461 ;
30.200000 ;-21.687375 ;-17.265711 ;
30.300000 ;-21.679981 ;-17.265858 ;
30.400000 ;-21.649459 ;-17.264540 ;
30.500000 ;-21.657672 ;-17.265672 ;
30.600000 ;-21.677790 ;-17.267550 ;
30.700000 ;-21.670685 ;-17.267697 ;
30.800000 ;-21.665040 ;-17.267936 ;
30.900000 ;-21.676101 ;-17.269231 ;
31.000000 ;-21.677217 ;-17.269891 ;
31.100000 ;-21.675963 ;-17.270396 ;
31.200000 ;-21.682353 ;-17.271384 ;
31.300000 ;-21.684345 ;-17.272088 ;
31.400000 ;-21.681637 ;-17.272490 ;
31.500000 ;-21.685515 ;-17.273308 ;
31.600000 ;-21.694281 ;-17.274432 ;
31.700000 ;-21.694033 ;-17.274980 ;
31.800000 ;-21.685558 ;-17.275002 ;
31.900000 ;-21.685776 ;-17.275574 ;
32.000000 ;-21.708304 ;-17.277556 ;
32.100000 ;-21.715673 ;-17.278573 ;
32.200000 ;-21.694597 ;-17.277785 ;
32.300000 ;-21.674351 ;-17.277048 ;
32.400000 ;-21.699782 ;-17.279203 ;
32.500000 ;-21.716176 ;-17.280778 ;
32.600000 ;-21.696272 ;-17.280049 ;
32.700000 ;-21.686997 ;-17.279996 ;
32.800000 ;-21.704118 ;-17.281615 ;
32.900000 ;-21.704910 ;-17.282191 ;
33.000000 ;-21.701835 ;-17.282519 ;
33.100000 ;-21.709387 ;-17.283520 ;
33.200000 ;-21.710974 ;-17.284139 ;
33.300000 ;-21.709031 ;-17.284531 ;
33.400000 ;-21.714685 ;-17.285403 ;
33.500000 ;-21.718908 ;-17.286181 ;
33.600000 ;-21.716156 ;-17.286513 ;
33.700000 ;-21.713104 ;-17.286823 ;
33.800000 ;-21.724687 ;-17.288061 ;
33.900000 ;-21.735517 ;-17.289249 ;
34.000000 ;-21.728312 ;-17.289286 ;
34.100000 ;-21.711171 ;-17.288690 ;
34.200000 ;-21.715062 ;-17.289430 ;
34.300000 ;-21.728630 ;-17.290783 ;
34.400000 ;-21.726224 ;-17.291115 ;
34.500000 ;-21.722602 ;-17.291368 ;
34.600000 ;-21.730428 ;-17.292348 ;
34.700000 ;-21.731909 ;-17.292921 ;
34.800000 ;-21.729577 ;-17.293249 ;
34.900000 ;-21.735289 ;-17.294088 ;
35.000000 ;-21.739556 ;-17.294832 ;
35.100000 ;-21.736606 ;-17.295113 ;
35.200000 ;-21.733538 ;-17.295385 ;
35.300000 ;-21.745078 ;-17.296585 ;
35.400000 ;-21.754866 ;-17.297671 ;
35.500000 ;-21.747150 ;-17.297640 ;
35.600000 ;-21.731213 ;-17.297084 ;
35.700000 ;-21.739903 ;-17.298094 ;
35.800000 ;-21.766720 ;-17.300252 ;
35.900000 ;-21.762140 ;-17.300411 ;
36.000000 ;-21.731347 ;-17.298905 ;
36.100000 ;-21.735183 ;-17.299601 ;
36.200000 ;-21.756619 ;-17.301411 ;
36.300000 ;-21.751064 ;-17.301499 ;
36.400000 ;-21.742953 ;-17.301424 ;
36.500000 ;-21.754154 ;-17.302579 ;
36.600000 ;-21.755811 ;-17.303122 ;
36.700000 ;-21.753634 ;-17.303419 ;
36.800000 ;-21.759750 ;-17.304244 ;
36.900000 ;-21.761984 ;-17.304818 ;
37.000000 ;-21.759066 ;-17.305062 ;
37.100000 ;-21.761825 ;-17.305666 ;
37.200000 ;-21.770616 ;-17.306653 ;
37.300000 ;-21.770916 ;-17.307096 ;
37.400000 ;-21.762359 ;-17.306972 ;
37.500000 ;-21.760748 ;-17.307290 ;
37.600000 ;-21.782522 ;-17.309096 ;
37.700000 ;-21.791570 ;-17.310088 ;
37.800000 ;-21.771663 ;-17.309235 ;
37.900000 ;-21.749328 ;-17.308227 ;
38.000000 ;-21.772325 ;-17.310105 ;
38.100000 ;-21.790698 ;-17.311683 ;
38.200000 ;-21.772170 ;-17.310908 ;
38.300000 ;-21.759611 ;-17.310517 ;
38.400000 ;-21.777017 ;-17.312034 ;
38.500000 ;-21.778628 ;-17.312539 ;
38.600000 ;-21.774409 ;-17.312670 ;
38.700000 ;-21.781821 ;-17.313544 ;
38.800000 ;-21.783617 ;-17.314056 ;
38.900000 ;-21.781240 ;-17.314300 ;
39.000000 ;-21.786272 ;-17.315017 ;
39.100000 ;-21.790623 ;-17.315688 ;
39.200000 ;-21.787948 ;-17.315907 ;
39.300000 ;-21.784231 ;-17.316059 ;
39.400000 ;-21.794734 ;-17.317118 ;
39.500000 ;-21.806084 ;-17.318229 ;
39.600000 ;-21.799644 ;-17.318202 ;
39.700000 ;-21.782111 ;-17.317466 ;
39.800000 ;-21.784530 ;-17.317984 ;
39.900000 ;-21.803608 ;-17.319178 ;
40.000000 ;-21.803961 ;-17.319155 ;
40.100000 ;-21.795426 ;-17.320042 ;
40.200000 ;-21.833955 ;-17.327946 ;
40.300000 ;-21.930842 ;-17.346586 ;
40.400000 ;-22.041864 ;-17.374126 ;
40.500000 ;-22.183247 ;-17.412379 ;
40.600000 ;-22.346663 ;-17.460756 ;
40.700000 ;-22.516588 ;-17.517650 ;
40.800000 ;-22.696523 ;-17.582919 ;
40.900000 ;-22.880947 ;-17.655485 ;
41.000000 ;-23.062534 ;-17.733915 ;
41.100000 ;-23.242038 ;-17.817611 ;
41.200000 ;-23.429557 ;-17.906876 ;
41.300000 ;-23.620450 ;-18.000585 ;
41.400000 ;-23.793128 ;-18.096202 ;
41.500000 ;-23.944819 ;-18.192867 ;
41.600000 ;-24.092955 ;-18.291509 ;
41.700000 ;-24.265614 ;-18.394029 ;
41.800000 ;-24.431917 ;-18.497325 ;
41.900000 ;-24.576308 ;-18.599614 ;
42.000000 ;-24.723459 ;-18.702532 ;
42.100000 ;-24.869212 ;-18.805339 ;
42.200000 ;-25.003488 ;-18.906815 ;
42.300000 ;-25.134706 ;-19.007342 ;
42.400000 ;-25.265941 ;-19.106874 ;
42.500000 ;-25.386853 ;-19.204216 ;
42.600000 ;-25.497172 ;-19.299075 ;
42.700000 ;-25.608513 ;-19.392222 ;
42.800000 ;-25.732590 ;-19.484488 ;
42.900000 ;-25.840221 ;-19.573038 ;
43.000000 ;-25.918751 ;-19.656543 ;
43.100000 ;-25.986014 ;-19.736446 ;
43.200000 ;-26.082106 ;-19.816229 ;
43.300000 ;-26.177542 ;-19.893098 ;
43.400000 ;-26.248015 ;-19.964713 ;
43.500000 ;-26.319196 ;-20.033360 ;
43.600000 ;-26.393065 ;-20.099158 ;
43.700000 ;-26.454707 ;-20.160682 ;
43.800000 ;-26.512107 ;-20.218655 ;
43.900000 ;-26.572351 ;-20.273733 ;
44.000000 ;-26.623410 ;-20.324813 ;
44.100000 ;-26.663608 ;-20.371772 ;
44.200000 ;-26.704756 ;-20.415767 ;
44.300000 ;-26.759452 ;-20.458055 ;
44.400000 ;-26.800895 ;-20.496176 ;
44.500000 ;-26.816838 ;-20.529056 ;
44.600000 ;-26.824385 ;-20.558418 ;
44.700000 ;-26.860082 ;-20.587847 ;
44.800000 ;-26.894570 ;-20.614659 ;
44.900000 ;-26.906914 ;-20.636964 ;
45.000000 ;-26.921905 ;-20.657264 ;
45.100000 ;-26.943906 ;-20.676102 ;
45.200000 ;-26.955228 ;-20.691900 ;
45.300000 ;-26.962389 ;-20.705410 ;
45.400000 ;-26.977180 ;-20.717892 ;
45.500000 ;-26.986413 ;-20.728196 ;
45.600000 ;-26.985624 ;-20.736012 ;
45.700000 ;-26.985193 ;-20.742457 ;
45.800000 ;-27.001628 ;-20.749235 ;
45.900000 ;-27.011752 ;-20.754219 ;
46.000000 ;-26.999040 ;-20.755918 ;
46.100000 ;-26.976731 ;-20.755709 ;
46.200000 ;-26.985511 ;-20.757617 ;
46.300000 ;-27.014289 ;-20.760660 ;
46.400000 ;-27.002925 ;-20.759114 ;
46.500000 ;-26.958244 ;-20.753720 ;
46.600000 ;-26.955044 ;-20.751773 ;
46.700000 ;-26.975266 ;-20.751600 ;
46.800000 ;-26.962182 ;-20.747791 ;
46.900000 ;-26.942601 ;-20.742994 ;
47.000000 ;-26.948146 ;-20.740315 ;
47.100000 ;-26.942411 ;-20.736295 ;
47.200000 ;-26.930330 ;-20.731456 ;
47.300000 ;-26.928318 ;-20.727426 ;
47.400000 ;-26.922390 ;-20.722896 ;
47.500000 ;-26.909610 ;-20.717619 ;
47.600000 ;-26.901675 ;-20.712755 ;
47.700000 ;-26.902970 ;-20.708755 ;
47.800000 ;-26.895496 ;-20.703914 ;
47.900000 ;-26.876031 ;-20.697945 ;
48.000000 ;-26.860264 ;-20.692379 ;
48.100000 ;-26.873899 ;-20.689705 ;
48.200000 ;-26.881836 ;-20.686566 ;
48.300000 ;-26.853887 ;-20.680077 ;
48.400000 ;-26.810967 ;-20.672257 ;
48.500000 ;-26.816370 ;-20.669194 ;
48.600000 ;-26.838577 ;-20.667872 ;
48.700000 ;-26.816585 ;-20.662447 ;
48.800000 ;-26.778825 ;-20.655651 ;
48.900000 ;-26.788894 ;-20.653583 ;
49.000000 ;-26.788017 ;-20.650613 ;
49.100000 ;-26.771478 ;-20.646293 ;
49.200000 ;-26.769232 ;-20.643494 ;
49.300000 ;-26.765009 ;-20.640657 ;
49.400000 ;-26.753313 ;-20.637256 ;
49.500000 ;-26.747141 ;-20.634536 ;
49.600000 ;-26.745377 ;-20.632387 ;
49.700000 ;-26.736238 ;-20.629680 ;
49.800000 ;-26.721764 ;-20.626607 ;
49.900000 ;-26.718261 ;-20.624726 ;
50.000000 ;-26.727650 ;-20.624218 ;
50.100000 ;-26.720825 ;-20.622294 ;
50.200000 ;-26.693546 ;-20.618545 ;
50.300000 ;-26.671942 ;-20.615466 ;
50.400000 ;-26.682119 ;-20.615550 ;
50.500000 ;-26.681288 ;-20.614700 ;
50.600000 ;-26.664543 ;-20.612445 ;
50.700000 ;-26.662000 ;-20.611656 ;
50.800000 ;-26.660760 ;-20.611098 ;
50.900000 ;-26.650990 ;-20.609825 ;
51.000000 ;-26.644668 ;-20.608979 ;
51.100000 ;-26.645044 ;-20.608864 ;
51.200000 ;-26.638690 ;-20.608194 ;
51.300000 ;-26.625783 ;-20.606981 ;
51.400000 ;-26.621435 ;-20.606665 ;
51.500000 ;-26.631755 ;-20.607823 ;
51.600000 ;-26.628407 ;-20.607748 ;
51.700000 ;-26.604834 ;-20.605806 ;
51.800000 ;-26.584136 ;-20.604201 ;
51.900000 ;-26.604734 ;-20.606596 ;
52.000000 ;-26.621196 ;-20.608653 ;
52.100000 ;-26.592591 ;-20.606460 ;
52.200000 ;-26.551850 ;-20.603155 ;
52.300000 ;-26.569410 ;-20.605455 ;
52.400000 ;-26.580043 ;-20.607136 ;
52.500000 ;-26.559137 ;-20.605845 ;
52.600000 ;-26.554208 ;-20.606112 ;
52.700000 ;-26.559245 ;-20.607360 ;
52.800000 ;-26.551809 ;-20.607445 ;
52.900000 ;-26.546860 ;-20.607794 ;
53.000000 ;-26.548055 ;-20.608751 ;
53.100000 ;-26.542710 ;-20.609105 ;
53.200000 ;-26.533736 ;-20.609129 ;
53.300000 ;-26.535289 ;-20.610175 ;
53.400000 ;-26.538775 ;-20.611418 ;
53.500000 ;-26.530231 ;-20.611524 ;
53.600000 ;-26.514123 ;-20.610918 ;
53.700000 ;-26.513952 ;-20.611840 ;
53.800000 ;-26.536414 ;-20.614929 ;
53.900000 ;-26.534650 ;-20.615710 ;
54.000000 ;-26.500084 ;-20.613364 ;
54.100000 ;-26.474952 ;-20.611917 ;
54.200000 ;-26.504874 ;-20.615723 ;
54.300000 ;-26.515082 ;-20.617648 ;
54.400000 ;-26.482536 ;-20.615494 ;
54.500000 ;-26.471388 ;-20.615375 ;
54.600000 ;-26.486302 ;-20.617736 ;
54.700000 ;-26.480775 ;-20.618140 ;
54.800000 ;-26.473636 ;-20.618384 ;
54.900000 ;-26.477700 ;-20.619688 ;
55.000000 ;-26.474251 ;-20.620266 ;
55.100000 ;-26.467569 ;-20.620525 ;
55.200000 ;-26.470090 ;-20.621653 ;
55.300000 ;-26.470122 ;-20.622533 ;
55.400000 ;-26.461996 ;-20.622621 ;
55.500000 ;-26.454235 ;-20.622733 ;
55.600000 ;-26.464347 ;-20.624538 ;
55.700000 ;-26.472715 ;-20.626164 ;
55.800000 ;-26.459352 ;-20.625702 ;
55.900000 ;-26.434205 ;-20.624102 ;
56.000000 ;-26.434326 ;-20.624898 ;
56.100000 ;-26.446798 ;-20.626859 ;
56.200000 ;-26.440193 ;-20.626985 ;
56.300000 ;-26.431184 ;-20.626867 ;
56.400000 ;-26.436587 ;-20.628109 ;
56.500000 ;-26.434739 ;-20.628644 ;
56.600000 ;-26.427864 ;-20.628683 ;
56.700000 ;-26.430384 ;-20.629603 ;
56.800000 ;-26.432043 ;-20.630425 ;
56.900000 ;-26.425143 ;-20.630415 ;
57.000000 ;-26.417029 ;-20.630273 ;
57.100000 ;-26.425828 ;-20.631729 ;
57.200000 ;-26.435423 ;-20.633247 ;
57.300000 ;-26.424515 ;-20.632791 ;
57.400000 ;-26.401053 ;-20.631120 ;
57.500000 ;-26.402070 ;-20.631770 ;
57.600000 ;-26.432835 ;-20.635245 ;
57.700000 ;-26.430391 ;-20.635536 ;
57.800000 ;-26.390496 ;-20.632238 ;
57.900000 ;-26.380833 ;-20.631807 ;
58.000000 ;-26.406561 ;-20.634738 ;
58.100000 ;-26.402002 ;-20.634765 ;
58.200000 ;-26.383929 ;-20.633487 ;
58.300000 ;-26.393880 ;-20.634868 ;
58.400000 ;-26.395090 ;-20.635399 ;
58.500000 ;-26.388190 ;-20.635142 ;
58.600000 ;-26.391342 ;-20.635829 ;
58.700000 ;-26.392310 ;-20.636294 ;
58.800000 ;-26.386296 ;-20.636077 ;
58.900000 ;-26.383578 ;-20.636162 ;
59.000000 ;-26.391231 ;-20.637223 ;
59.100000 ;-26.391563 ;-20.637571 ;
59.200000 ;-26.379746 ;-20.636746 ;
59.300000 ;-26.369749 ;-20.636081 ;
59.400000 ;-26.387936 ;-20.638095 ;
59.500000 ;-26.404202 ;-20.639913 ;
59.600000 ;-26.385756 ;-20.638404 ;
59.700000 ;-26.349980 ;-20.635228 ;
59.800000 ;-26.358544 ;-20.636272 ;
59.900000 ;-26.388358 ;-20.639332 ;
60.000000 ;-26.375641 ;-20.638324 ;
60.100000 ;-26.343916 ;-20.635490 ;
60.200000 ;-26.359179 ;-20.637127 ;
60.300000 ;-26.365839 ;-20.637931 ;
60.400000 ;-26.355975 ;-20.637147 ;
60.500000 ;-26.359617 ;-20.637641 ;
60.600000 ;-26.362125 ;-20.638016 ;
60.700000 ;-26.356940 ;-20.637645 ;
60.800000 ;-26.356637 ;-20.637731 ;
60.900000 ;-26.361088 ;-20.638260 ;
61.000000 ;-26.358307 ;-20.638089 ;
61.100000 ;-26.349937 ;-20.637374 ;
61.200000 ;-26.351870 ;-20.637634 ;
61.300000 ;-26.366816 ;-20.639127 ;
61.400000 ;-26.366024 ;-20.639109 ;
61.500000 ;-26.344924 ;-20.637142 ;
61.600000 ;-26.328994 ;-20.635659 ;
61.700000 ;-26.344270 ;-20.637148 ;
61.800000 ;-26.348756 ;-20.637598 ;
61.900000 ;-26.337369 ;-20.636525 ;
62.000000 ;-26.339898 ;-20.636772 ;
62.100000 ;-26.343736 ;-20.637137 ;
62.200000 ;-26.338969 ;-20.636671 ;
62.300000 ;-26.337498 ;-20.636513 ;
62.400000 ;-26.342671 ;-20.636982 ;
62.500000 ;-26.341050 ;-20.636795 ;
62.600000 ;-26.332807 ;-20.635969 ;
62.700000 ;-26.333062 ;-20.635947 ;
62.800000 ;-26.347635 ;-20.637285 ;
62.900000 ;-26.348439 ;-20.637303 ;
63.000000 ;-26.329266 ;-20.635406 ;
63.100000 ;-26.313422 ;-20.633820 ;
63.200000 ;-26.338309 ;-20.636117 ;
63.300000 ;-26.357597 ;-20.637875 ;
63.400000 ;-26.332550 ;-20.635396 ;
63.500000 ;-26.297281 ;-20.631935 ;
63.600000 ;-26.319336 ;-20.633938 ;
63.700000 ;-26.332497 ;-20.635086 ;
63.800000 ;-26.315034 ;-20.633308 ;
63.900000 ;-26.314599 ;-20.633149 ;
64.000000 ;-26.322807 ;-20.633810 ;
64.100000 ;-26.318584 ;-20.633278 ;
64.200000 ;-26.317291 ;-20.633021 ;
64.300000 ;-26.321747 ;-20.633309 ;
64.400000 ;-26.319504 ;-20.632952 ;
64.500000 ;-26.313786 ;-20.632258 ;
64.600000 ;-26.318722 ;-20.632578 ;
64.700000 ;-26.325067 ;-20.633028 ;
64.800000 ;-26.319250 ;-20.632312 ;
64.900000 ;-26.306200 ;-20.630902 ;
65.000000 ;-26.309816 ;-20.631079 ;
65.100000 ;-26.334617 ;-20.633275 ;
65.200000 ;-26.334419 ;-20.633082 ;
65.300000 ;-26.302421 ;-20.629849 ;
65.400000 ;-26.282149 ;-20.627731 ;
65.500000 ;-26.314972 ;-20.630676 ;
65.600000 ;-26.325686 ;-20.631510 ;
65.700000 ;-26.295274 ;-20.628419 ;
65.800000 ;-26.289037 ;-20.627629 ;
65.900000 ;-26.305570 ;-20.629008 ;
66.000000 ;-26.301673 ;-20.628434 ;
66.100000 ;-26.297498 ;-20.627831 ;
66.200000 ;-26.303693 ;-20.628214 ;
66.300000 ;-26.302186 ;-20.627859 ;
66.400000 ;-26.297846 ;-20.627231 ;
66.500000 ;-26.302677 ;-20.627476 ;
66.600000 ;-26.304587 ;-20.627440 ;
66.700000 ;-26.298335 ;-20.626621 ;
66.800000 ;-26.292881 ;-20.625877 ;
66.900000 ;-26.305385 ;-20.626845 ;
67.000000 ;-26.315081 ;-20.627543 ;
67.100000 ;-26.302988 ;-20.626158 ;
67.200000 ;-26.280030 ;-20.623734 ;
67.300000 ;-26.283297 ;-20.623811 ;
67.400000 ;-26.296971 ;-20.624880 ;
67.500000 ;-26.291485 ;-20.624118 ;
67.600000 ;-26.284894 ;-20.623250 ;
67.700000 ;-26.291902 ;-20.623677 ;
67.800000 ;-26.291391 ;-20.623385 ;
67.900000 ;-26.286235 ;-20.622647 ;
68.000000 ;-26.290600 ;-20.622817 ;
68.100000 ;-26.293584 ;-20.622854 ;
68.200000 ;-26.287997 ;-20.622070 ;
68.300000 ;-26.281654 ;-20.621213 ;
68.400000 ;-26.292418 ;-20.621988 ;
68.500000 ;-26.302869 ;-20.622732 ;
68.600000 ;-26.292731 ;-20.621509 ;
68.700000 ;-26.270919 ;-20.619171 ;
68.800000 ;-26.274980 ;-20.619300 ;
68.900000 ;-26.306425 ;-20.622042 ;
69.000000 ;-26.303562 ;-20.621511 ;
69.100000 ;-26.264906 ;-20.617564 ;
69.200000 ;-26.259169 ;-20.616755 ;
69.300000 ;-26.285320 ;-20.618986 ;
69.400000 ;-26.280765 ;-20.618288 ;
69.500000 ;-26.264698 ;-20.616492 ;
69.600000 ;-26.276012 ;-20.617306 ;
69.700000 ;-26.277913 ;-20.617220 ;
69.800000 ;-26.272212 ;-20.616409 ;
69.900000 ;-26.276667 ;-20.616565 ;
70.000000 ;-26.278520 ;-20.616473 ;
70.100000 ;-26.273459 ;-20.615719 ;
70.200000 ;-26.272114 ;-20.615320 ;
70.300000 ;-26.280795 ;-20.615878 ;
70.400000 ;-26.281789 ;-20.615701 ;
70.500000 ;-26.270784 ;-20.614378 ;
70.600000 ;-26.262223 ;-20.613287 ;
70.700000 ;-26.281929 ;-20.614895 ;
70.800000 ;-26.298214 ;-20.616176 ;
70.900000 ;-26.279874 ;-20.614152 ;
71.000000 ;-26.245602 ;-20.610608 ;
71.100000 ;-26.256798 ;-20.611400 ;
71.200000 ;-26.286430 ;-20.613952 ;
71.300000 ;-26.273368 ;-20.612432 ;
71.400000 ;-26.243436 ;-20.609304 ;
71.500000 ;-26.260157 ;-20.610624 ;
71.600000 ;-26.266972 ;-20.610997 ;
71.700000 ;-26.257857 ;-20.609851 ;
71.800000 ;-26.262576 ;-20.610024 ;
71.900000 ;-26.265663 ;-20.610042 ;
72.000000 ;-26.261152 ;-20.609333 ;
72.100000 ;-26.261799 ;-20.609117 ;
72.200000 ;-26.266917 ;-20.609328 ;
72.300000 ;-26.264698 ;-20.608838 ;
72.400000 ;-26.257040 ;-20.607828 ;
72.500000 ;-26.260017 ;-20.607834 ;
72.600000 ;-26.275502 ;-20.609034 ;
72.700000 ;-26.274970 ;-20.608706 ;
72.800000 ;-26.254418 ;-20.606466 ;
72.900000 ;-26.239752 ;-20.604788 ;
73.000000 ;-26.255794 ;-20.606041 ;
73.100000 ;-26.260500 ;-20.606212 ;
73.200000 ;-26.249700 ;-20.604904 ;
73.300000 ;-26.253094 ;-20.604950 ;
73.400000 ;-26.257400 ;-20.605083 ;
73.500000 ;-26.253142 ;-20.604399 ;
73.600000 ;-26.252386 ;-20.604049 ;
73.700000 ;-26.258100 ;-20.604317 ;
73.800000 ;-26.256937 ;-20.603929 ;
73.900000 ;-26.249238 ;-20.602917 ;
74.000000 ;-26.250238 ;-20.602736 ;
74.100000 ;-26.265264 ;-20.603893 ;
74.200000 ;-26.266355 ;-20.603721 ;
74.300000 ;-26.247653 ;-20.601661 ;
74.400000 ;-26.232673 ;-20.599955 ;
74.500000 ;-26.258252 ;-20.602120 ;
74.600000 ;-26.277487 ;-20.603680 ;
74.700000 ;-26.252697 ;-20.601043 ;
74.800000 ;-26.218499 ;-20.597508 ;
74.900000 ;-26.241259 ;-20.599404 ;
75.000000 ;-26.254480 ;-20.600390 ;
75.100000 ;-26.237424 ;-20.598491 ;
75.200000 ;-26.237671 ;-20.598242 ;
75.300000 ;-26.246228 ;-20.598785 ;
75.400000 ;-26.242395 ;-20.598146 ;
75.500000 ;-26.241565 ;-20.597794 ;
75.600000 ;-26.246438 ;-20.597986 ;
75.700000 ;-26.244605 ;-20.597538 ;
75.800000 ;-26.239302 ;-20.596760 ;
75.900000 ;-26.244632 ;-20.596997 ;
76.000000 ;-26.251370 ;-20.597369 ;
76.100000 ;-26.245973 ;-20.596583 ;
76.200000 ;-26.233344 ;-20.595108 ;
76.300000 ;-26.237292 ;-20.595214 ;
76.400000 ;-26.262340 ;-20.597334 ;
76.500000 ;-26.262557 ;-20.597087 ;
76.600000 ;-26.231138 ;-20.593822 ;
76.700000 ;-26.211298 ;-20.591662 ;
76.800000 ;-26.244247 ;-20.594535 ;
76.900000 ;-26.255325 ;-20.595326 ;
77.000000 ;-26.225502 ;-20.592218 ;
77.100000 ;-26.219482 ;-20.591380 ;
77.200000 ;-26.236327 ;-20.592720 ;
77.300000 ;-26.232851 ;-20.592123 ;
77.400000 ;-26.228893 ;-20.591481 ;
77.500000 ;-26.235433 ;-20.591840 ;
77.600000 ;-26.234320 ;-20.591470 ;
77.700000 ;-26.230243 ;-20.590816 ;
77.800000 ;-26.235335 ;-20.591039 ;
77.900000 ;-26.237648 ;-20.590997 ;
78.000000 ;-26.231784 ;-20.590174 ;
78.100000 ;-26.226516 ;-20.589410 ;
78.200000 ;-26.239089 ;-20.590348 ;
78.300000 ;-26.249273 ;-20.591059 ;
78.400000 ;-26.237797 ;-20.589704 ;
78.500000 ;-26.215156 ;-20.587284 ;
78.600000 ;-26.218229 ;-20.587318 ;
78.700000 ;-26.232326 ;-20.588404 ;
78.800000 ;-26.227383 ;-20.587674 ;
78.900000 ;-26.220785 ;-20.586788 ;
79.000000 ;-26.228090 ;-20.587228 ;
79.100000 ;-26.228011 ;-20.586964 ;
79.200000 ;-26.223071 ;-20.586236 ;
79.300000 ;-26.227549 ;-20.586408 ;
79.400000 ;-26.230937 ;-20.586477 ;
79.500000 ;-26.225763 ;-20.585729 ;
79.600000 ;-26.219530 ;-20.584880 ;
79.700000 ;-26.225606 ;-20.585207 ;
79.800000 ;-26.229181 ;-20.585295 ;
79.900000 ;-26.222722 ;-20.584427 ;
80.000000 ;-26.217766 ;-20.583702 ;
