0.000000 ;-27.500000 ;-20.600000 ;
0.100000 ;-27.512845 ;-20.637386 ;
0.200000 ;-27.494680 ;-20.659808 ;
0.300000 ;-27.452681 ;-20.670838 ;
0.400000 ;-27.419181 ;-20.675706 ;
0.500000 ;-27.392255 ;-20.676045 ;
0.600000 ;-27.365206 ;-20.672631 ;
0.700000 ;-27.347738 ;-20.667463 ;
0.800000 ;-27.332993 ;-20.660712 ;
0.900000 ;-27.316282 ;-20.652529 ;
1.000000 ;-27.303123 ;-20.643927 ;
1.100000 ;-27.305882 ;-20.636430 ;
1.200000 ;-27.306936 ;-20.628648 ;
1.300000 ;-27.291656 ;-20.619410 ;
1.400000 ;-27.267287 ;-20.609510 ;
1.500000 ;-27.262388 ;-20.601655 ;
1.600000 ;-27.274793 ;-20.595713 ;
1.700000 ;-27.270744 ;-20.588681 ;
1.800000 ;-27.260708 ;-20.581512 ;
1.900000 ;-27.266686 ;-20.576166 ;
2.000000 ;-27.266959 ;-20.570712 ;
2.100000 ;-27.261525 ;-20.565141 ;
2.200000 ;-27.265108 ;-20.560748 ;
2.300000 ;-27.269437 ;-20.556780 ;
2.400000 ;-27.264834 ;-20.552362 ;
2.500000 ;-27.257642 ;-20.548036 ;
2.600000 ;-27.268035 ;-20.545572 ;
2.700000 ;-27.283082 ;-20.543804 ;
2.800000 ;-27.275243 ;-20.540273 ;
2.900000 ;-27.250611 ;-20.535501 ;
3.000000 ;-27.248909 ;-20.532985 ;
3.100000 ;-27.266555 ;-20.532393 ;
3.200000 ;-27.264226 ;-20.530228 ;
3.300000 ;-27.256820 ;-20.527793 ;
3.400000 ;-27.265347 ;-20.526933 ;
3.500000 ;-27.266450 ;-20.525568 ;
3.600000 ;-27.262371 ;-20.523884 ;
3.700000 ;-27.267925 ;-20.523181 ;
3.800000 ;-27.271934 ;-20.522458 ;
3.900000 ;-27.267170 ;-20.521067 ;
4.000000 ;-27.262332 ;-20.519767 ;
4.100000 ;-27.275706 ;-20.520169 ;
4.200000 ;-27.286612 ;-20.520435 ;
4.300000 ;-27.275352 ;-20.518815 ;
4.400000 ;-27.253906 ;-20.516363 ;
4.500000 ;-27.264238 ;-20.516782 ;
4.600000 ;-27.298113 ;-20.519340 ;
4.700000 ;-27.290301 ;-20.518267 ;
4.800000 ;-27.248023 ;-20.514194 ;
4.900000 ;-27.252235 ;-20.514271 ;
5.000000 ;-27.278915 ;-20.516371 ;
5.100000 ;-27.269723 ;-20.515337 ;
5.200000 ;-27.259261 ;-20.514223 ;
5.300000 ;-27.272076 ;-20.515193 ;
5.400000 ;-27.272263 ;-20.515073 ;
5.500000 ;-27.269417 ;-20.514707 ;
5.600000 ;-27.275761 ;-20.515174 ;
5.700000 ;-27.276422 ;-20.515158 ;
5.800000 ;-27.271655 ;-20.514679 ;
5.900000 ;-27.275810 ;-20.515003 ;
6.000000 ;-27.284683 ;-20.515758 ;
6.100000 ;-27.281824 ;-20.515488 ;
6.200000 ;-27.269685 ;-20.514408 ;
6.300000 ;-27.271047 ;-20.514531 ;
6.400000 ;-27.298728 ;-20.516990 ;
6.500000 ;-27.303382 ;-20.517421 ;
6.600000 ;-27.272351 ;-20.514703 ;
6.700000 ;-27.248028 ;-20.512585 ;
6.800000 ;-27.282790 ;-20.515692 ;
6.900000 ;-27.298530 ;-20.517125 ;
7.000000 ;-27.267716 ;-20.514449 ;
7.100000 ;-27.259804 ;-20.513800 ;
7.200000 ;-27.279222 ;-20.515567 ;
7.300000 ;-27.276420 ;-20.515373 ;
7.400000 ;-27.273564 ;-20.515175 ;
7.500000 ;-27.281039 ;-20.515893 ;
7.600000 ;-27.280150 ;-20.515872 ;
7.700000 ;-27.277443 ;-20.515692 ;
7.800000 ;-27.283826 ;-20.516316 ;
7.900000 ;-27.285835 ;-20.516555 ;
8.000000 ;-27.279788 ;-20.516081 ;
8.100000 ;-27.277239 ;-20.515917 ;
8.200000 ;-27.293379 ;-20.517407 ;
8.300000 ;-27.300928 ;-20.518137 ;
8.400000 ;-27.285387 ;-20.516825 ;
8.500000 ;-27.264447 ;-20.515036 ;
8.600000 ;-27.275982 ;-20.516118 ;
8.700000 ;-27.287456 ;-20.517195 ;
8.800000 ;-27.279032 ;-20.516513 ;
8.900000 ;-27.278536 ;-20.516531 ;
9.000000 ;-27.285638 ;-20.517221 ;
9.100000 ;-27.283505 ;-20.517094 ;
9.200000 ;-27.281270 ;-20.516957 ;
9.300000 ;-27.288212 ;-20.517632 ;
9.400000 ;-27.289443 ;-20.517802 ;
9.500000 ;-27.282543 ;-20.517252 ;
9.600000 ;-27.280940 ;-20.517170 ;
9.700000 ;-27.283816 ;-20.517484 ;
9.800000 ;-27.284213 ;-20.516901 ;
9.900000 ;-27.298137 ;-20.526329 ;
10.000000 ;-27.330449 ;-20.561635 ;
10.100000 ;-27.343317 ;-20.607053 ;
10.200000 ;-27.327176 ;-20.650147 ;
10.300000 ;-27.283789 ;-20.683073 ;
10.400000 ;-27.206882 ;-20.700234 ;
10.500000 ;-27.107785 ;-20.700872 ;
10.600000 ;-26.990743 ;-20.684903 ;
10.700000 ;-26.866407 ;-20.653015 ;
10.800000 ;-26.746882 ;-20.606952 ;
10.900000 ;-26.610846 ;-20.547582 ;
11.000000 ;-26.450440 ;-20.476305 ;
11.100000 ;-26.276795 ;-20.395277 ;
11.200000 ;-26.120040 ;-20.307407 ;
11.300000 ;-25.998119 ;-20.214966 ;
11.400000 ;-25.864086 ;-20.116680 ;
11.500000 ;-25.722658 ;-20.014182 ;
11.600000 ;-25.597369 ;-19.910421 ;
11.700000 ;-25.472042 ;-19.805081 ;
11.800000 ;-25.349299 ;-19.699218 ;
11.900000 ;-25.236719 ;-19.594141 ;
12.000000 ;-25.126971 ;-19.489919 ;
12.100000 ;-25.017236 ;-19.386874 ;
12.200000 ;-24.913312 ;-19.285878 ;
12.300000 ;-24.830727 ;-19.188403 ;
12.400000 ;-24.753028 ;-19.093552 ;
12.500000 ;-24.657768 ;-18.999972 ;
12.600000 ;-24.549126 ;-18.908137 ;
12.700000 ;-24.458002 ;-18.820355 ;
12.800000 ;-24.403575 ;-18.738047 ;
12.900000 ;-24.337472 ;-18.657882 ;
13.000000 ;-24.264065 ;-18.580199 ;
13.100000 ;-24.207113 ;-18.506623 ;
13.200000 ;-24.148586 ;-18.435907 ;
13.300000 ;-24.089997 ;-18.368116 ;
13.400000 ;-24.040328 ;-18.303796 ;
13.500000 ;-23.991503 ;-18.242352 ;
13.600000 ;-23.939668 ;-18.183463 ;
13.700000 ;-23.891073 ;-18.127459 ;
13.800000 ;-23.860661 ;-18.075204 ;
13.900000 ;-23.831012 ;-18.025501 ;
14.000000 ;-23.782629 ;-17.977035 ;
14.100000 ;-23.722697 ;-17.930169 ;
14.200000 ;-23.684754 ;-17.886930 ;
14.300000 ;-23.668475 ;-17.847195 ;
14.400000 ;-23.636324 ;-17.808521 ;
14.500000 ;-23.601515 ;-17.771650 ;
14.600000 ;-23.579843 ;-17.737477 ;
14.700000 ;-23.553495 ;-17.704812 ;
14.800000 ;-23.526139 ;-17.673799 ;
14.900000 ;-23.506980 ;-17.644922 ;
15.000000 ;-23.486098 ;-17.617497 ;
15.100000 ;-23.460107 ;-17.591244 ;
15.200000 ;-23.437301 ;-17.566594 ;
15.300000 ;-23.431880 ;-17.544330 ;
15.400000 ;-23.421821 ;-17.523060 ;
15.500000 ;-23.391917 ;-17.501811 ;
15.600000 ;-23.354690 ;-17.481272 ;
15.700000 ;-23.345288 ;-17.463488 ;
15.800000 ;-23.343131 ;-17.447167 ;
15.900000 ;-23.323707 ;-17.430793 ;
16.000000 ;-23.308848 ;-17.415619 ;
16.100000 ;-23.302246 ;-17.401813 ;
16.200000 ;-23.289049 ;-17.388447 ;
16.300000 ;-23.276430 ;-17.375902 ;
16.400000 ;-23.271204 ;-17.364538 ;
16.500000 ;-23.261807 ;-17.353632 ;
16.600000 ;-23.246769 ;-17.343060 ;
16.700000 ;-23.237727 ;-17.333471 ;
16.800000 ;-23.243924 ;-17.325369 ;
16.900000 ;-23.239515 ;-17.317208 ;
17.000000 ;-23.215938 ;-17.308458 ;
17.100000 ;-23.192812 ;-17.300236 ;
17.200000 ;-23.199378 ;-17.294226 ;
17.300000 ;-23.200000 ;-17.288313 ;
17.400000 ;-23.185433 ;-17.281935 ;
17.500000 ;-23.182664 ;-17.276646 ;
17.600000 ;-23.181924 ;-17.271851 ;
17.700000 ;-23.173842 ;-17.266981 ;
17.800000 ;-23.169587 ;-17.262669 ;
17.900000 ;-23.170681 ;-17.258983 ;
18.000000 ;-23.165407 ;-17.255224 ;
18.100000 ;-23.155301 ;-17.251464 ;
18.200000 ;-23.155737 ;-17.248580 ;
18.300000 ;-23.166194 ;-17.246524 ;
18.400000 ;-23.161132 ;-17.243803 ;
18.500000 ;-23.139734 ;-17.240356 ;
18.600000 ;-23.129855 ;-17.237784 ;
18.700000 ;-23.156813 ;-17.237534 ;
18.800000 ;-23.163327 ;-17.236285 ;
18.900000 ;-23.129974 ;-17.232909 ;
19.000000 ;-23.110477 ;-17.230499 ;
19.100000 ;-23.135277 ;-17.230797 ;
19.200000 ;-23.135023 ;-17.229787 ;
19.300000 ;-23.117997 ;-17.227942 ;
19.400000 ;-23.126620 ;-17.227709 ;
19.500000 ;-23.128503 ;-17.227203 ;
19.600000 ;-23.123127 ;-17.226388 ;
19.700000 ;-23.126746 ;-17.226197 ;
19.800000 ;-23.127910 ;-17.225961 ;
19.900000 ;-23.123163 ;-17.225474 ;
20.000000 ;-23.123079 ;-17.225343 ;
20.100000 ;-23.130869 ;-17.225746 ;
20.200000 ;-23.130305 ;-17.225740 ;
20.300000 ;-23.119743 ;-17.225227 ;
20.400000 ;-23.115584 ;-17.225149 ;
20.500000 ;-23.137821 ;-17.226653 ;
20.600000 ;-23.147057 ;-17.227463 ;
20.700000 ;-23.123689 ;-17.226448 ;
20.800000 ;-23.097683 ;-17.225332 ;
20.900000 ;-23.122827 ;-17.227208 ;
21.000000 ;-23.140890 ;-17.228715 ;
21.100000 ;-23.117639 ;-17.227881 ;
21.200000 ;-23.106697 ;-17.227798 ;
21.300000 ;-23.124039 ;-17.229378 ;
21.400000 ;-23.122970 ;-17.229925 ;
21.500000 ;-23.120126 ;-17.230398 ;
21.600000 ;-23.126942 ;-17.231457 ;
21.700000 ;-23.126766 ;-17.232136 ;
21.800000 ;-23.124721 ;-17.232729 ;
21.900000 ;-23.130693 ;-17.233806 ;
22.000000 ;-23.133009 ;-17.234690 ;
22.100000 ;-23.128285 ;-17.235184 ;
22.200000 ;-23.126789 ;-17.235880 ;
22.300000 ;-23.141642 ;-17.237534 ;
22.400000 ;-23.148332 ;-17.238730 ;
22.500000 ;-23.134764 ;-17.238767 ;
22.600000 ;-23.118003 ;-17.238630 ;
22.700000 ;-23.130350 ;-17.240184 ;
22.800000 ;-23.139699 ;-17.241572 ;
22.900000 ;-23.132458 ;-17.242007 ;
23.000000 ;-23.134844 ;-17.243006 ;
23.100000 ;-23.141026 ;-17.244230 ;
23.200000 ;-23.139264 ;-17.244998 ;
23.300000 ;-23.139783 ;-17.245902 ;
23.400000 ;-23.146547 ;-17.247170 ;
23.500000 ;-23.147089 ;-17.248081 ;
23.600000 ;-23.141850 ;-17.248658 ;
23.700000 ;-23.145607 ;-17.249757 ;
23.800000 ;-23.160702 ;-17.251512 ;
23.900000 ;-23.161176 ;-17.252421 ;
24.000000 ;-23.144529 ;-17.252340 ;
24.100000 ;-23.137057 ;-17.252789 ;
24.200000 ;-23.166443 ;-17.255365 ;
24.300000 ;-23.177946 ;-17.256904 ;
24.400000 ;-23.149603 ;-17.256144 ;
24.500000 ;-23.131596 ;-17.255982 ;
24.600000 ;-23.159166 ;-17.258447 ;
24.700000 ;-23.162844 ;-17.259526 ;
24.800000 ;-23.148142 ;-17.259539 ;
24.900000 ;-23.158883 ;-17.261023 ;
25.000000 ;-23.163783 ;-17.262165 ;
25.100000 ;-23.160553 ;-17.262832 ;
25.200000 ;-23.166211 ;-17.264010 ;
25.300000 ;-23.169890 ;-17.265070 ;
25.400000 ;-23.167263 ;-17.265759 ;
25.500000 ;-23.168590 ;-17.266673 ;
25.600000 ;-23.178337 ;-17.268071 ;
25.700000 ;-23.180002 ;-17.268996 ;
25.800000 ;-23.171266 ;-17.269313 ;
25.900000 ;-23.168134 ;-17.269951 ;
26.000000 ;-23.191299 ;-17.272105 ;
26.100000 ;-23.202447 ;-17.273559 ;
26.200000 ;-23.181204 ;-17.273134 ;
26.300000 ;-23.156626 ;-17.272513 ;
26.400000 ;-23.182345 ;-17.274797 ;
26.500000 ;-23.201567 ;-17.276696 ;
26.600000 ;-23.179853 ;-17.276222 ;
26.700000 ;-23.169777 ;-17.276421 ;
26.800000 ;-23.188135 ;-17.278261 ;
26.900000 ;-23.188062 ;-17.279025 ;
27.000000 ;-23.185810 ;-17.279658 ;
27.100000 ;-23.193605 ;-17.280870 ;
27.200000 ;-23.194315 ;-17.281665 ;
27.300000 ;-23.192843 ;-17.282329 ;
27.400000 ;-23.199563 ;-17.283463 ;
27.500000 ;-23.202693 ;-17.284384 ;
27.600000 ;-23.198584 ;-17.284878 ;
27.700000 ;-23.197519 ;-17.285545 ;
27.800000 ;-23.212868 ;-17.287160 ;
27.900000 ;-23.220137 ;-17.288301 ;
28.000000 ;-23.207108 ;-17.288258 ;
28.100000 ;-23.190969 ;-17.288031 ;
28.200000 ;-23.203907 ;-17.289488 ;
28.300000 ;-23.213489 ;-17.290744 ;
28.400000 ;-23.206483 ;-17.291030 ;
28.500000 ;-23.209333 ;-17.291887 ;
28.600000 ;-23.215864 ;-17.292952 ;
28.700000 ;-23.214314 ;-17.293543 ;
28.800000 ;-23.215115 ;-17.294265 ;
28.900000 ;-23.222215 ;-17.295351 ;
29.000000 ;-23.222949 ;-17.296060 ;
29.100000 ;-23.217833 ;-17.296425 ;
29.200000 ;-23.221947 ;-17.297323 ;
29.300000 ;-23.237188 ;-17.298864 ;
29.400000 ;-23.237530 ;-17.299533 ;
29.500000 ;-23.220897 ;-17.299211 ;
29.600000 ;-23.214293 ;-17.299469 ;
29.700000 ;-23.243945 ;-17.301827 ;
29.800000 ;-23.254336 ;-17.303062 ;
29.900000 ;-23.225640 ;-17.302025 ;
30.000000 ;-23.209882 ;-17.301739 ;
30.100000 ;-23.237185 ;-17.303948 ;
30.200000 ;-23.239755 ;-17.304712 ;
30.300000 ;-23.225403 ;-17.304489 ;
30.400000 ;-23.236618 ;-17.305753 ;
30.500000 ;-23.241138 ;-17.306621 ;
30.600000 ;-23.237854 ;-17.307031 ;
30.700000 ;-23.243725 ;-17.307972 ;
30.800000 ;-23.247237 ;-17.308771 ;
30.900000 ;-23.244426 ;-17.309197 ;
31.000000 ;-23.246012 ;-17.309877 ;
31.100000 ;-23.255758 ;-17.311029 ;
31.200000 ;-23.257011 ;-17.311682 ;
31.300000 ;-23.247968 ;-17.311731 ;
31.400000 ;-23.245450 ;-17.312157 ;
31.500000 ;-23.268960 ;-17.314095 ;
31.600000 ;-23.278778 ;-17.315231 ;
31.700000 ;-23.256494 ;-17.314498 ;
31.800000 ;-23.233310 ;-17.313710 ;
31.900000 ;-23.260544 ;-17.315853 ;
32.000000 ;-23.277587 ;-17.317395 ;
32.100000 ;-23.254574 ;-17.316604 ;
32.200000 ;-23.247152 ;-17.316723 ;
32.300000 ;-23.264737 ;-17.318293 ;
32.400000 ;-23.263586 ;-17.318766 ;
32.500000 ;-23.261941 ;-17.319208 ;
32.600000 ;-23.269467 ;-17.320183 ;
32.700000 ;-23.269652 ;-17.320726 ;
32.800000 ;-23.268291 ;-17.321175 ;
32.900000 ;-23.275037 ;-17.322096 ;
33.000000 ;-23.277677 ;-17.322773 ;
33.100000 ;-23.273143 ;-17.323029 ;
33.200000 ;-23.272543 ;-17.323511 ;
33.300000 ;-23.288116 ;-17.324935 ;
33.400000 ;-23.294256 ;-17.325806 ;
33.500000 ;-23.280159 ;-17.325493 ;
33.600000 ;-23.264734 ;-17.325100 ;
33.700000 ;-23.278729 ;-17.326422 ;
33.800000 ;-23.287067 ;-17.327411 ;
33.900000 ;-23.279417 ;-17.327462 ;
34.000000 ;-23.283095 ;-17.328174 ;
34.100000 ;-23.289050 ;-17.329016 ;
34.200000 ;-23.286949 ;-17.329385 ;
34.300000 ;-23.288162 ;-17.329945 ;
34.400000 ;-23.294986 ;-17.330831 ;
34.500000 ;-23.295005 ;-17.331316 ;
34.600000 ;-23.289633 ;-17.331484 ;
34.700000 ;-23.294749 ;-17.332263 ;
34.800000 ;-23.309481 ;-17.333601 ;
34.900000 ;-23.308251 ;-17.334003 ;
35.000000 ;-23.290906 ;-17.333462 ;
35.100000 ;-23.286543 ;-17.333679 ;
35.200000 ;-23.316744 ;-17.335908 ;
35.300000 ;-23.323905 ;-17.336789 ;
35.400000 ;-23.293396 ;-17.335474 ;
35.500000 ;-23.282068 ;-17.335279 ;
35.600000 ;-23.308625 ;-17.337290 ;
35.700000 ;-23.308523 ;-17.337739 ;
35.800000 ;-23.294974 ;-17.337401 ;
35.900000 ;-23.306788 ;-17.338546 ;
36.000000 ;-23.310148 ;-17.339194 ;
36.100000 ;-23.306836 ;-17.339448 ;
36.200000 ;-23.312937 ;-17.340253 ;
36.300000 ;-23.315727 ;-17.340861 ;
36.400000 ;-23.312453 ;-17.341112 ;
36.500000 ;-23.314761 ;-17.341688 ;
36.600000 ;-23.324167 ;-17.342677 ;
36.700000 ;-23.324233 ;-17.343118 ;
36.800000 ;-23.314593 ;-17.342988 ;
36.900000 ;-23.313744 ;-17.343371 ;
37.000000 ;-23.337792 ;-17.345207 ;
37.100000 ;-23.344754 ;-17.346042 ;
37.200000 ;-23.320310 ;-17.345040 ;
37.300000 ;-23.299919 ;-17.344276 ;
37.400000 ;-23.329599 ;-17.346435 ;
37.500000 ;-23.342810 ;-17.347626 ;
37.600000 ;-23.317571 ;-17.346569 ;
37.700000 ;-23.314531 ;-17.346812 ;
37.800000 ;-23.330728 ;-17.348178 ;
37.900000 ;-23.327877 ;-17.348424 ;
38.000000 ;-23.327480 ;-17.348813 ;
38.100000 ;-23.334421 ;-17.349632 ;
38.200000 ;-23.333733 ;-17.350000 ;
38.300000 ;-23.332834 ;-17.350355 ;
38.400000 ;-23.339520 ;-17.351153 ;
38.500000 ;-23.341229 ;-17.351657 ;
38.600000 ;-23.336129 ;-17.351759 ;
38.700000 ;-23.336747 ;-17.352196 ;
38.800000 ;-23.352509 ;-17.353519 ;
38.900000 ;-23.356565 ;-17.354153 ;
39.000000 ;-23.340832 ;-17.353627 ;
39.100000 ;-23.327118 ;-17.353217 ;
39.200000 ;-23.342520 ;-17.354513 ;
39.300000 ;-23.348793 ;-17.355271 ;
39.400000 ;-23.340481 ;-17.355172 ;
39.500000 ;-23.345500 ;-17.355854 ;
39.600000 ;-23.350494 ;-17.356533 ;
39.700000 ;-23.347701 ;-17.356753 ;
39.800000 ;-23.347695 ;-17.357081 ;
39.900000 ;-23.344644 ;-17.356810 ;
40.000000 ;-23.348156 ;-17.357204 ;
40.100000 ;-23.370378 ;-17.360836 ;
40.200000 ;-23.426443 ;-17.371653 ;
40.300000 ;-23.523333 ;-17.392730 ;
40.400000 ;-23.630377 ;-17.422647 ;
40.500000 ;-23.768198 ;-17.463571 ;
40.600000 ;-23.935870 ;-17.515501 ;
40.700000 ;-24.100483 ;-17.575403 ;
40.800000 ;-24.267227 ;-17.643058 ;
40.900000 ;-24.448658 ;-17.718773 ;
41.000000 ;-24.624242 ;-17.800220 ;
41.100000 ;-24.790286 ;-17.886340 ;
41.200000 ;-24.962024 ;-17.977578 ;
41.300000 ;-25.138532 ;-18.073179 ;
41.400000 ;-25.298963 ;-18.170868 ;
41.500000 ;-25.444268 ;-18.270087 ;
41.600000 ;-25.599243 ;-18.372156 ;
41.700000 ;-25.769822 ;-18.477022 ;
41.800000 ;-25.913387 ;-18.580884 ;
41.900000 ;-26.026403 ;-18.683003 ;
42.000000 ;-26.154553 ;-18.786501 ;
42.100000 ;-26.311261 ;-18.892069 ;
42.200000 ;-26.435149 ;-18.994487 ;
42.300000 ;-26.529574 ;-19.093675 ;
42.400000 ;-26.653213 ;-19.194020 ;
42.500000 ;-26.774486 ;-19.292702 ;
42.600000 ;-26.871789 ;-19.387690 ;
42.700000 ;-26.972836 ;-19.481009 ;
42.800000 ;-27.076406 ;-19.572339 ;
42.900000 ;-27.165084 ;-19.660028 ;
43.000000 ;-27.248240 ;-19.744679 ;
43.100000 ;-27.338887 ;-19.827225 ;
43.200000 ;-27.419064 ;-19.906012 ;
43.300000 ;-27.484215 ;-19.980537 ;
43.400000 ;-27.550488 ;-20.052078 ;
43.500000 ;-27.632417 ;-20.121816 ;
43.600000 ;-27.697789 ;-20.186922 ;
43.700000 ;-27.735914 ;-20.246436 ;
43.800000 ;-27.773643 ;-20.302677 ;
43.900000 ;-27.847963 ;-20.358884 ;
44.000000 ;-27.906225 ;-20.410482 ;
44.100000 ;-27.922290 ;-20.455206 ;
44.200000 ;-27.941675 ;-20.497128 ;
44.300000 ;-28.000301 ;-20.539494 ;
44.400000 ;-28.034559 ;-20.576761 ;
44.500000 ;-28.046546 ;-20.609207 ;
44.600000 ;-28.080166 ;-20.640844 ;
44.700000 ;-28.108526 ;-20.669387 ;
44.800000 ;-28.122176 ;-20.694110 ;
44.900000 ;-28.141724 ;-20.716976 ;
45.000000 ;-28.163267 ;-20.737763 ;
45.100000 ;-28.173163 ;-20.755375 ;
45.200000 ;-28.178087 ;-20.770536 ;
45.300000 ;-28.196521 ;-20.785032 ;
45.400000 ;-28.212139 ;-20.797523 ;
45.500000 ;-28.209507 ;-20.806744 ;
45.600000 ;-28.199584 ;-20.813800 ;
45.700000 ;-28.215617 ;-20.821799 ;
45.800000 ;-28.239592 ;-20.829233 ;
45.900000 ;-28.229205 ;-20.832400 ;
46.000000 ;-28.196948 ;-20.832527 ;
46.100000 ;-28.204721 ;-20.835292 ;
46.200000 ;-28.228002 ;-20.838578 ;
46.300000 ;-28.213747 ;-20.837695 ;
46.400000 ;-28.189119 ;-20.835173 ;
46.500000 ;-28.201862 ;-20.835393 ;
46.600000 ;-28.201539 ;-20.833884 ;
46.700000 ;-28.187290 ;-20.830637 ;
46.800000 ;-28.187948 ;-20.828314 ;
46.900000 ;-28.186144 ;-20.825408 ;
47.000000 ;-28.174637 ;-20.821324 ;
47.100000 ;-28.168316 ;-20.817451 ;
47.200000 ;-28.169841 ;-20.814075 ;
47.300000 ;-28.161771 ;-20.809671 ;
47.400000 ;-28.144672 ;-20.804327 ;
47.500000 ;-28.138992 ;-20.799916 ;
47.600000 ;-28.150759 ;-20.797012 ;
47.700000 ;-28.143822 ;-20.792397 ;
47.800000 ;-28.112892 ;-20.785621 ;
47.900000 ;-28.092778 ;-20.779832 ;
48.000000 ;-28.115973 ;-20.777964 ;
48.100000 ;-28.118015 ;-20.774256 ;
48.200000 ;-28.079157 ;-20.766954 ;
48.300000 ;-28.058804 ;-20.761393 ;
48.400000 ;-28.075239 ;-20.759222 ;
48.500000 ;-28.066219 ;-20.754879 ;
48.600000 ;-28.044893 ;-20.749549 ;
48.700000 ;-28.047810 ;-20.746509 ;
48.800000 ;-28.042665 ;-20.742876 ;
48.900000 ;-28.028960 ;-20.738608 ;
49.000000 ;-28.026213 ;-20.735456 ;
49.100000 ;-28.022704 ;-20.732373 ;
49.200000 ;-28.010220 ;-20.728627 ;
49.300000 ;-27.998901 ;-20.725126 ;
49.400000 ;-28.003189 ;-20.723158 ;
49.500000 ;-28.001253 ;-20.720774 ;
49.600000 ;-27.982157 ;-20.716995 ;
49.700000 ;-27.961402 ;-20.713205 ;
49.800000 ;-27.973435 ;-20.712474 ;
49.900000 ;-27.987752 ;-20.712080 ;
50.000000 ;-27.963216 ;-20.708349 ;
50.100000 ;-27.921231 ;-20.703188 ;
50.200000 ;-27.930737 ;-20.702738 ;
50.300000 ;-27.947620 ;-20.703064 ;
50.400000 ;-27.924397 ;-20.699933 ;
50.500000 ;-27.902945 ;-20.697071 ;
50.600000 ;-27.913286 ;-20.697146 ;
50.700000 ;-27.907418 ;-20.695880 ;
50.800000 ;-27.894943 ;-20.694124 ;
50.900000 ;-27.896280 ;-20.693692 ;
51.000000 ;-27.891400 ;-20.692797 ;
51.100000 ;-27.880090 ;-20.691416 ;
51.200000 ;-27.878326 ;-20.690967 ;
51.300000 ;-27.879168 ;-20.690829 ;
51.400000 ;-27.869322 ;-20.689813 ;
51.500000 ;-27.854156 ;-20.688394 ;
51.600000 ;-27.856881 ;-20.688634 ;
51.700000 ;-27.870635 ;-20.689919 ;
51.800000 ;-27.859741 ;-20.689069 ;
51.900000 ;-27.826960 ;-20.686328 ;
52.000000 ;-27.816941 ;-20.685663 ;
52.100000 ;-27.847196 ;-20.688631 ;
52.200000 ;-27.844456 ;-20.688711 ;
52.300000 ;-27.802351 ;-20.685333 ;
52.400000 ;-27.796543 ;-20.685221 ;
52.500000 ;-27.813611 ;-20.687178 ;
52.600000 ;-27.802301 ;-20.686647 ;
52.700000 ;-27.791298 ;-20.686173 ;
52.800000 ;-27.796570 ;-20.687174 ;
52.900000 ;-27.791228 ;-20.687257 ;
53.000000 ;-27.783329 ;-20.687136 ;
53.100000 ;-27.785359 ;-20.687919 ;
53.200000 ;-27.782238 ;-20.688263 ;
53.300000 ;-27.771928 ;-20.687984 ;
53.400000 ;-27.768721 ;-20.688352 ;
53.500000 ;-27.777533 ;-20.689801 ;
53.600000 ;-27.774147 ;-20.690177 ;
53.700000 ;-27.754701 ;-20.689134 ;
53.800000 ;-27.741620 ;-20.688665 ;
53.900000 ;-27.765792 ;-20.691514 ;
54.000000 ;-27.777504 ;-20.693262 ;
54.100000 ;-27.745799 ;-20.691154 ;
54.200000 ;-27.708923 ;-20.688587 ;
54.300000 ;-27.733630 ;-20.691494 ;
54.400000 ;-27.746655 ;-20.693363 ;
54.500000 ;-27.719752 ;-20.691685 ;
54.600000 ;-27.713547 ;-20.691842 ;
54.700000 ;-27.723803 ;-20.693458 ;
54.800000 ;-27.716809 ;-20.693536 ;
54.900000 ;-27.712746 ;-20.693870 ;
55.000000 ;-27.715740 ;-20.694825 ;
55.100000 ;-27.710846 ;-20.695072 ;
55.200000 ;-27.704005 ;-20.695139 ;
55.300000 ;-27.708169 ;-20.696177 ;
55.400000 ;-27.708825 ;-20.696894 ;
55.500000 ;-27.698665 ;-20.696640 ;
55.600000 ;-27.688443 ;-20.696372 ;
55.700000 ;-27.701903 ;-20.698200 ;
55.800000 ;-27.714691 ;-20.699958 ;
55.900000 ;-27.697678 ;-20.699056 ;
56.000000 ;-27.665127 ;-20.696761 ;
56.100000 ;-27.671654 ;-20.697928 ;
56.200000 ;-27.704280 ;-20.701404 ;
56.300000 ;-27.691260 ;-20.700815 ;
56.400000 ;-27.648621 ;-20.697581 ;
56.500000 ;-27.660437 ;-20.699172 ;
56.600000 ;-27.673769 ;-20.700885 ;
56.700000 ;-27.659951 ;-20.700174 ;
56.800000 ;-27.659628 ;-20.700648 ;
56.900000 ;-27.664209 ;-20.701546 ;
57.000000 ;-27.658414 ;-20.701508 ;
57.100000 ;-27.656692 ;-20.701820 ;
57.200000 ;-27.660001 ;-20.702566 ;
57.300000 ;-27.656011 ;-20.702650 ;
57.400000 ;-27.647944 ;-20.702359 ;
57.500000 ;-27.652515 ;-20.703179 ;
57.600000 ;-27.661756 ;-20.704401 ;
57.700000 ;-27.654534 ;-20.704147 ;
57.800000 ;-27.634716 ;-20.702761 ;
57.900000 ;-27.632494 ;-20.702925 ;
58.000000 ;-27.664194 ;-20.706094 ;
58.100000 ;-27.666981 ;-20.706681 ;
58.200000 ;-27.626684 ;-20.703427 ;
58.300000 ;-27.602594 ;-20.701599 ;
58.400000 ;-27.636766 ;-20.704936 ;
58.500000 ;-27.640423 ;-20.705551 ;
58.600000 ;-27.611732 ;-20.703281 ;
58.700000 ;-27.619161 ;-20.704208 ;
58.800000 ;-27.626114 ;-20.705079 ;
58.900000 ;-27.618431 ;-20.704638 ;
59.000000 ;-27.620650 ;-20.705065 ;
59.100000 ;-27.622808 ;-20.705476 ;
59.200000 ;-27.617372 ;-20.705200 ;
59.300000 ;-27.615440 ;-20.705225 ;
59.400000 ;-27.621625 ;-20.705961 ;
59.500000 ;-27.620100 ;-20.706000 ;
59.600000 ;-27.609296 ;-20.705204 ;
59.700000 ;-27.605232 ;-20.704997 ;
59.800000 ;-27.626007 ;-20.706988 ;
59.900000 ;-27.633099 ;-20.707753 ;
60.000000 ;-27.608621 ;-20.705702 ;
60.100000 ;-27.579659 ;-20.703242 ;
60.200000 ;-27.603439 ;-20.705459 ;
60.300000 ;-27.630600 ;-20.707969 ;
60.400000 ;-27.604557 ;-20.705745 ;
60.500000 ;-27.568508 ;-20.702622 ;
60.600000 ;-27.592628 ;-20.704834 ;
60.700000 ;-27.598895 ;-20.705450 ;
60.800000 ;-27.585047 ;-20.704271 ;
60.900000 ;-27.591832 ;-20.704917 ;
61.000000 ;-27.593984 ;-20.705142 ;
61.100000 ;-27.588336 ;-20.704665 ;
61.200000 ;-27.591034 ;-20.704923 ;
61.300000 ;-27.593407 ;-20.705143 ;
61.400000 ;-27.588073 ;-20.704671 ;
61.500000 ;-27.582893 ;-20.704205 ;
61.600000 ;-27.593075 ;-20.705098 ;
61.700000 ;-27.599504 ;-20.705650 ;
61.800000 ;-27.587648 ;-20.704569 ;
61.900000 ;-27.569031 ;-20.702880 ;
62.000000 ;-27.575133 ;-20.703381 ;
62.100000 ;-27.585616 ;-20.704266 ;
62.200000 ;-27.577385 ;-20.703481 ;
62.300000 ;-27.570975 ;-20.702851 ;
62.400000 ;-27.578799 ;-20.703481 ;
62.500000 ;-27.577414 ;-20.703286 ;
62.600000 ;-27.570047 ;-20.702553 ;
62.700000 ;-27.575199 ;-20.702927 ;
62.800000 ;-27.579308 ;-20.703203 ;
62.900000 ;-27.571964 ;-20.702455 ;
63.000000 ;-27.563726 ;-20.701622 ;
63.100000 ;-27.576152 ;-20.702620 ;
63.200000 ;-27.585326 ;-20.703325 ;
63.300000 ;-27.571329 ;-20.701965 ;
63.400000 ;-27.550558 ;-20.699998 ;
63.500000 ;-27.566046 ;-20.701249 ;
63.600000 ;-27.586669 ;-20.702952 ;
63.700000 ;-27.569311 ;-20.701276 ;
63.800000 ;-27.539792 ;-20.698514 ;
63.900000 ;-27.558207 ;-20.700007 ;
64.000000 ;-27.568709 ;-20.700792 ;
64.100000 ;-27.552489 ;-20.699199 ;
64.200000 ;-27.552378 ;-20.699034 ;
64.300000 ;-27.560889 ;-20.699630 ;
64.400000 ;-27.555866 ;-20.699019 ;
64.500000 ;-27.552803 ;-20.698579 ;
64.600000 ;-27.559160 ;-20.698972 ;
64.700000 ;-27.557612 ;-20.698659 ;
64.800000 ;-27.549891 ;-20.697794 ;
64.900000 ;-27.554219 ;-20.697997 ;
65.000000 ;-27.563230 ;-20.698612 ;
65.100000 ;-27.557533 ;-20.697917 ;
65.200000 ;-27.542181 ;-20.696361 ;
65.300000 ;-27.546713 ;-20.696569 ;
65.400000 ;-27.570020 ;-20.698443 ;
65.500000 ;-27.565358 ;-20.697829 ;
65.600000 ;-27.533661 ;-20.694810 ;
65.700000 ;-27.529924 ;-20.694271 ;
65.800000 ;-27.558156 ;-20.696571 ;
65.900000 ;-27.553484 ;-20.695946 ;
66.000000 ;-27.526639 ;-20.693349 ;
66.100000 ;-27.538184 ;-20.694160 ;
66.200000 ;-27.546108 ;-20.694645 ;
66.300000 ;-27.536542 ;-20.693575 ;
66.400000 ;-27.538806 ;-20.693553 ;
66.500000 ;-27.543793 ;-20.693771 ;
66.600000 ;-27.539034 ;-20.693121 ;
66.700000 ;-27.536387 ;-20.692657 ;
66.800000 ;-27.543691 ;-20.693074 ;
66.900000 ;-27.543540 ;-20.692828 ;
67.000000 ;-27.533947 ;-20.691740 ;
67.100000 ;-27.532268 ;-20.691354 ;
67.200000 ;-27.549727 ;-20.692668 ;
67.300000 ;-27.552364 ;-20.692662 ;
67.400000 ;-27.531140 ;-20.690535 ;
67.500000 ;-27.515046 ;-20.688862 ;
67.600000 ;-27.542553 ;-20.691061 ;
67.700000 ;-27.556290 ;-20.692036 ;
67.800000 ;-27.527656 ;-20.689247 ;
67.900000 ;-27.506650 ;-20.687134 ;
68.000000 ;-27.531593 ;-20.689099 ;
68.100000 ;-27.533713 ;-20.689037 ;
68.200000 ;-27.517411 ;-20.687337 ;
68.300000 ;-27.526010 ;-20.687848 ;
68.400000 ;-27.529779 ;-20.687928 ;
68.500000 ;-27.523265 ;-20.687093 ;
68.600000 ;-27.526226 ;-20.687099 ;
68.700000 ;-27.530259 ;-20.687199 ;
68.800000 ;-27.525524 ;-20.686520 ;
68.900000 ;-27.520527 ;-20.685815 ;
69.000000 ;-27.530332 ;-20.686426 ;
69.100000 ;-27.535546 ;-20.686628 ;
69.200000 ;-27.524528 ;-20.685386 ;
69.300000 ;-27.510660 ;-20.683891 ;
69.400000 ;-27.526918 ;-20.685072 ;
69.500000 ;-27.548083 ;-20.686688 ;
69.600000 ;-27.532239 ;-20.685017 ;
69.700000 ;-27.496663 ;-20.681592 ;
69.800000 ;-27.508542 ;-20.682380 ;
69.900000 ;-27.533930 ;-20.684368 ;
70.000000 ;-27.518768 ;-20.682756 ;
70.100000 ;-27.498383 ;-20.680680 ;
70.200000 ;-27.515441 ;-20.681927 ;
70.300000 ;-27.517121 ;-20.681807 ;
70.400000 ;-27.509081 ;-20.680824 ;
70.500000 ;-27.515712 ;-20.681143 ;
70.600000 ;-27.517066 ;-20.680993 ;
70.700000 ;-27.511310 ;-20.680211 ;
70.800000 ;-27.513977 ;-20.680177 ;
70.900000 ;-27.519921 ;-20.680434 ;
71.000000 ;-27.515824 ;-20.679799 ;
71.100000 ;-27.506224 ;-20.678674 ;
71.200000 ;-27.512973 ;-20.679002 ;
71.300000 ;-27.530686 ;-20.680304 ;
71.400000 ;-27.525374 ;-20.679560 ;
71.500000 ;-27.498876 ;-20.676934 ;
71.600000 ;-27.492549 ;-20.676099 ;
71.700000 ;-27.526909 ;-20.678878 ;
71.800000 ;-27.530372 ;-20.678915 ;
71.900000 ;-27.492891 ;-20.675317 ;
72.000000 ;-27.487320 ;-20.674551 ;
72.100000 ;-27.510637 ;-20.676348 ;
72.200000 ;-27.504962 ;-20.675572 ;
72.300000 ;-27.495278 ;-20.674440 ;
72.400000 ;-27.505304 ;-20.675058 ;
72.500000 ;-27.504841 ;-20.674744 ;
72.600000 ;-27.500199 ;-20.674059 ;
72.700000 ;-27.505794 ;-20.674283 ;
72.800000 ;-27.506818 ;-20.674101 ;
72.900000 ;-27.500561 ;-20.673272 ;
73.000000 ;-27.500491 ;-20.672993 ;
73.100000 ;-27.512025 ;-20.673746 ;
73.200000 ;-27.512328 ;-20.673500 ;
73.300000 ;-27.497426 ;-20.671904 ;
73.400000 ;-27.488135 ;-20.670807 ;
73.500000 ;-27.514328 ;-20.672862 ;
73.600000 ;-27.529288 ;-20.673919 ;
73.700000 ;-27.502210 ;-20.671245 ;
73.800000 ;-27.468065 ;-20.667943 ;
73.900000 ;-27.494202 ;-20.669992 ;
74.000000 ;-27.512545 ;-20.671351 ;
74.100000 ;-27.488856 ;-20.668980 ;
74.200000 ;-27.481542 ;-20.668063 ;
74.300000 ;-27.496332 ;-20.669106 ;
74.400000 ;-27.493114 ;-20.668551 ;
74.500000 ;-27.490378 ;-20.668039 ;
74.600000 ;-27.496454 ;-20.668309 ;
74.700000 ;-27.494798 ;-20.667893 ;
74.800000 ;-27.490288 ;-20.667224 ;
74.900000 ;-27.496359 ;-20.667495 ;
75.000000 ;-27.499630 ;-20.667517 ;
75.100000 ;-27.492575 ;-20.666623 ;
75.200000 ;-27.485050 ;-20.665687 ;
75.300000 ;-27.499672 ;-20.666719 ;
75.400000 ;-27.514130 ;-20.667737 ;
75.500000 ;-27.500577 ;-20.666268 ;
75.600000 ;-27.471750 ;-20.663443 ;
75.700000 ;-27.478927 ;-20.663814 ;
75.800000 ;-27.514112 ;-20.666673 ;
75.900000 ;-27.505166 ;-20.665617 ;
76.000000 ;-27.463413 ;-20.661651 ;
76.100000 ;-27.473754 ;-20.662306 ;
76.200000 ;-27.491875 ;-20.663651 ;
76.300000 ;-27.480518 ;-20.662381 ;
76.400000 ;-27.479528 ;-20.662031 ;
76.500000 ;-27.487169 ;-20.662448 ;
76.600000 ;-27.483860 ;-20.661892 ;
76.700000 ;-27.483011 ;-20.661556 ;
76.800000 ;-27.488205 ;-20.661756 ;
76.900000 ;-27.486535 ;-20.661347 ;
77.000000 ;-27.480335 ;-20.660537 ;
77.100000 ;-27.485583 ;-20.660744 ;
77.200000 ;-27.495992 ;-20.661409 ;
77.300000 ;-27.491234 ;-20.660728 ;
77.400000 ;-27.474276 ;-20.658965 ;
77.500000 ;-27.472897 ;-20.658585 ;
77.600000 ;-27.504855 ;-20.661165 ;
77.700000 ;-27.510432 ;-20.661405 ;
77.800000 ;-27.473603 ;-20.657882 ;
77.900000 ;-27.447970 ;-20.655352 ;
78.000000 ;-27.483306 ;-20.658233 ;
78.100000 ;-27.491771 ;-20.658731 ;
78.200000 ;-27.463243 ;-20.655948 ;
78.300000 ;-27.468350 ;-20.656150 ;
78.400000 ;-27.478975 ;-20.656840 ;
78.500000 ;-27.472931 ;-20.656052 ;
78.600000 ;-27.475079 ;-20.655991 ;
78.700000 ;-27.479279 ;-20.656112 ;
78.800000 ;-27.475627 ;-20.655537 ;
78.900000 ;-27.474056 ;-20.655147 ;
79.000000 ;-27.481052 ;-20.655518 ;
79.100000 ;-27.481327 ;-20.655293 ;
79.200000 ;-27.472474 ;-20.654258 ;
79.300000 ;-27.468963 ;-20.653698 ;
79.400000 ;-27.489164 ;-20.655244 ;
79.500000 ;-27.497907 ;-20.655774 ;
79.600000 ;-27.476795 ;-20.653654 ;
79.700000 ;-27.449437 ;-20.650979 ;
79.800000 ;-27.461150 ;-20.651773 ;
79.900000 ;-27.468916 ;-20.652217 ;
80.000000 ;-27.467707 ;-20.651865 ;
