0.000000 ;-27.500000 ;-20.600000 ;
0.100000 ;-27.518863 ;-20.617152 ;
0.200000 ;-27.526812 ;-20.628594 ;
0.300000 ;-27.517357 ;-20.634755 ;
0.400000 ;-27.502255 ;-20.637513 ;
0.500000 ;-27.502162 ;-20.639391 ;
0.600000 ;-27.496159 ;-20.639048 ;
0.700000 ;-27.486709 ;-20.637137 ;
0.800000 ;-27.487600 ;-20.635251 ;
0.900000 ;-27.487386 ;-20.632619 ;
1.000000 ;-27.478863 ;-20.628793 ;
1.100000 ;-27.470706 ;-20.624724 ;
1.200000 ;-27.482533 ;-20.622312 ;
1.300000 ;-27.493134 ;-20.619738 ;
1.400000 ;-27.479437 ;-20.614992 ;
1.500000 ;-27.453339 ;-20.609196 ;
1.600000 ;-27.457210 ;-20.606200 ;
1.700000 ;-27.471858 ;-20.604305 ;
1.800000 ;-27.465380 ;-20.600668 ;
1.900000 ;-27.460988 ;-20.597377 ;
2.000000 ;-27.468288 ;-20.595300 ;
2.100000 ;-27.466985 ;-20.592618 ;
2.200000 ;-27.463685 ;-20.589923 ;
2.300000 ;-27.469941 ;-20.588245 ;
2.400000 ;-27.471717 ;-20.586322 ;
2.500000 ;-27.465299 ;-20.583815 ;
2.600000 ;-27.463033 ;-20.581823 ;
2.700000 ;-27.479199 ;-20.581617 ;
2.800000 ;-27.485503 ;-20.580656 ;
2.900000 ;-27.469057 ;-20.577780 ;
3.000000 ;-27.449696 ;-20.574755 ;
3.100000 ;-27.463336 ;-20.574788 ;
3.200000 ;-27.473001 ;-20.574565 ;
3.300000 ;-27.463424 ;-20.572712 ;
3.400000 ;-27.464695 ;-20.571915 ;
3.500000 ;-27.471461 ;-20.571688 ;
3.600000 ;-27.468530 ;-20.570667 ;
3.700000 ;-27.467065 ;-20.569844 ;
3.800000 ;-27.474386 ;-20.569871 ;
3.900000 ;-27.474837 ;-20.569341 ;
4.000000 ;-27.467374 ;-20.568156 ;
4.100000 ;-27.468460 ;-20.567786 ;
4.200000 ;-27.485333 ;-20.568873 ;
4.300000 ;-27.487098 ;-20.568651 ;
4.400000 ;-27.467613 ;-20.566567 ;
4.500000 ;-27.454620 ;-20.565098 ;
4.600000 ;-27.484679 ;-20.567512 ;
4.700000 ;-27.500409 ;-20.568675 ;
4.800000 ;-27.470458 ;-20.565784 ;
4.900000 ;-27.443926 ;-20.563222 ;
5.000000 ;-27.473135 ;-20.565665 ;
5.100000 ;-27.479679 ;-20.566103 ;
5.200000 ;-27.460913 ;-20.564299 ;
5.300000 ;-27.469443 ;-20.564952 ;
5.400000 ;-27.475795 ;-20.565426 ;
5.500000 ;-27.470470 ;-20.564871 ;
5.600000 ;-27.474091 ;-20.565129 ;
5.700000 ;-27.478567 ;-20.565476 ;
5.800000 ;-27.474918 ;-20.565108 ;
5.900000 ;-27.472253 ;-20.564837 ;
6.000000 ;-27.482202 ;-20.565705 ;
6.100000 ;-27.485938 ;-20.566025 ;
6.200000 ;-27.475854 ;-20.565118 ;
6.300000 ;-27.466257 ;-20.564260 ;
6.400000 ;-27.486402 ;-20.566069 ;
6.500000 ;-27.505055 ;-20.567751 ;
6.600000 ;-27.486760 ;-20.566136 ;
6.700000 ;-27.452328 ;-20.563082 ;
6.800000 ;-27.468145 ;-20.564524 ;
6.900000 ;-27.497027 ;-20.567138 ;
7.000000 ;-27.479955 ;-20.565650 ;
7.100000 ;-27.454567 ;-20.563424 ;
7.200000 ;-27.475153 ;-20.565306 ;
7.300000 ;-27.479115 ;-20.565706 ;
7.400000 ;-27.470804 ;-20.565010 ;
7.500000 ;-27.478560 ;-20.565753 ;
7.600000 ;-27.480699 ;-20.565996 ;
7.700000 ;-27.476123 ;-20.565640 ;
7.800000 ;-27.480293 ;-20.566067 ;
7.900000 ;-27.485363 ;-20.566577 ;
8.000000 ;-27.481256 ;-20.566267 ;
8.100000 ;-27.474543 ;-20.565725 ;
8.200000 ;-27.485483 ;-20.566763 ;
8.300000 ;-27.499589 ;-20.568086 ;
8.400000 ;-27.490865 ;-20.567367 ;
8.500000 ;-27.467065 ;-20.565302 ;
8.600000 ;-27.470025 ;-20.565629 ;
8.700000 ;-27.506169 ;-20.568924 ;
8.800000 ;-27.504160 ;-20.568811 ;
8.900000 ;-27.462145 ;-20.565123 ;
9.000000 ;-27.460239 ;-20.565019 ;
9.100000 ;-27.487517 ;-20.567522 ;
9.200000 ;-27.480422 ;-20.566955 ;
9.300000 ;-27.469461 ;-20.566043 ;
9.400000 ;-27.481653 ;-20.567199 ;
9.500000 ;-27.481818 ;-20.567281 ;
9.600000 ;-27.478608 ;-20.567060 ;
9.700000 ;-27.481305 ;-20.567369 ;
9.800000 ;-27.482494 ;-20.567542 ;
9.900000 ;-27.489323 ;-20.571753 ;
10.000000 ;-27.518556 ;-20.601731 ;
10.100000 ;-27.533190 ;-20.645445 ;
10.200000 ;-27.537896 ;-20.691163 ;
10.300000 ;-27.495581 ;-20.726395 ;
10.400000 ;-27.425607 ;-20.747664 ;
10.500000 ;-27.334089 ;-20.752845 ;
10.600000 ;-27.226288 ;-20.740959 ;
10.700000 ;-27.104619 ;-20.713075 ;
10.800000 ;-26.968071 ;-20.670600 ;
10.900000 ;-26.823281 ;-20.615039 ;
11.000000 ;-26.683845 ;-20.548122 ;
11.100000 ;-26.548354 ;-20.471703 ;
11.200000 ;-26.402408 ;-20.386433 ;
11.300000 ;-26.250579 ;-20.294133 ;
11.400000 ;-26.116413 ;-20.197966 ;
11.500000 ;-25.995310 ;-20.098819 ;
11.600000 ;-25.860058 ;-19.995692 ;
11.700000 ;-25.716175 ;-19.890025 ;
11.800000 ;-25.600555 ;-19.785586 ;
11.900000 ;-25.502499 ;-19.682268 ;
12.000000 ;-25.383636 ;-19.577795 ;
12.100000 ;-25.255966 ;-19.473645 ;
12.200000 ;-25.166124 ;-19.373807 ;
12.300000 ;-25.080793 ;-19.276136 ;
12.400000 ;-24.977577 ;-19.179302 ;
12.500000 ;-24.885362 ;-19.085676 ;
12.600000 ;-24.813606 ;-18.996124 ;
12.700000 ;-24.733547 ;-18.908717 ;
12.800000 ;-24.651294 ;-18.823997 ;
12.900000 ;-24.587936 ;-18.743516 ;
13.000000 ;-24.524558 ;-18.665977 ;
13.100000 ;-24.454118 ;-18.590909 ;
13.200000 ;-24.392175 ;-18.519370 ;
13.300000 ;-24.346315 ;-18.451832 ;
13.400000 ;-24.292879 ;-18.386659 ;
13.500000 ;-24.229306 ;-18.323628 ;
13.600000 ;-24.179480 ;-18.264264 ;
13.700000 ;-24.151919 ;-18.209035 ;
13.800000 ;-24.108793 ;-18.155390 ;
13.900000 ;-24.047035 ;-18.103050 ;
14.000000 ;-24.006518 ;-18.054521 ;
14.100000 ;-23.989513 ;-18.009842 ;
14.200000 ;-23.951040 ;-17.966040 ;
14.300000 ;-23.899704 ;-17.923582 ;
14.400000 ;-23.878572 ;-17.885123 ;
14.500000 ;-23.856200 ;-17.848569 ;
14.600000 ;-23.819527 ;-17.813014 ;
14.700000 ;-23.793681 ;-17.779956 ;
14.800000 ;-23.775743 ;-17.749126 ;
14.900000 ;-23.748733 ;-17.719384 ;
15.000000 ;-23.721275 ;-17.691189 ;
15.100000 ;-23.708001 ;-17.665374 ;
15.200000 ;-23.690542 ;-17.640727 ;
15.300000 ;-23.663197 ;-17.616830 ;
15.400000 ;-23.641878 ;-17.594594 ;
15.500000 ;-23.639220 ;-17.574722 ;
15.600000 ;-23.625858 ;-17.555361 ;
15.700000 ;-23.594469 ;-17.536008 ;
15.800000 ;-23.572220 ;-17.518259 ;
15.900000 ;-23.579690 ;-17.503301 ;
16.000000 ;-23.570412 ;-17.488269 ;
16.100000 ;-23.536351 ;-17.472634 ;
16.200000 ;-23.522793 ;-17.459081 ;
16.300000 ;-23.528223 ;-17.447469 ;
16.400000 ;-23.513309 ;-17.435387 ;
16.500000 ;-23.493019 ;-17.423698 ;
16.600000 ;-23.493832 ;-17.413952 ;
16.700000 ;-23.486835 ;-17.404377 ;
16.800000 ;-23.471751 ;-17.394920 ;
16.900000 ;-23.468624 ;-17.386750 ;
17.000000 ;-23.465837 ;-17.379139 ;
17.100000 ;-23.453848 ;-17.371488 ;
17.200000 ;-23.443417 ;-17.364411 ;
17.300000 ;-23.447720 ;-17.358665 ;
17.400000 ;-23.445284 ;-17.352946 ;
17.500000 ;-23.428662 ;-17.346788 ;
17.600000 ;-23.416203 ;-17.341260 ;
17.700000 ;-23.429961 ;-17.337644 ;
17.800000 ;-23.432579 ;-17.333707 ;
17.900000 ;-23.408837 ;-17.328529 ;
18.000000 ;-23.391803 ;-17.324051 ;
18.100000 ;-23.409850 ;-17.321931 ;
18.200000 ;-23.410004 ;-17.319018 ;
18.300000 ;-23.387860 ;-17.315039 ;
18.400000 ;-23.389332 ;-17.312695 ;
18.500000 ;-23.396047 ;-17.310882 ;
18.600000 ;-23.387323 ;-17.308365 ;
18.700000 ;-23.383747 ;-17.306351 ;
18.800000 ;-23.388435 ;-17.305010 ;
18.900000 ;-23.384435 ;-17.303329 ;
19.000000 ;-23.377664 ;-17.301648 ;
19.100000 ;-23.383060 ;-17.300839 ;
19.200000 ;-23.385135 ;-17.299978 ;
19.300000 ;-23.376463 ;-17.298619 ;
19.400000 ;-23.369816 ;-17.297506 ;
19.500000 ;-23.383199 ;-17.297692 ;
19.600000 ;-23.388805 ;-17.297531 ;
19.700000 ;-23.372692 ;-17.296196 ;
19.800000 ;-23.357311 ;-17.295003 ;
19.900000 ;-23.377300 ;-17.295982 ;
20.000000 ;-23.387542 ;-17.296472 ;
20.100000 ;-23.366442 ;-17.295199 ;
20.200000 ;-23.355272 ;-17.294588 ;
20.300000 ;-23.373379 ;-17.295768 ;
20.400000 ;-23.372580 ;-17.295899 ;
20.500000 ;-23.361155 ;-17.295465 ;
20.600000 ;-23.369841 ;-17.296273 ;
20.700000 ;-23.372520 ;-17.296779 ;
20.800000 ;-23.366788 ;-17.296839 ;
20.900000 ;-23.370775 ;-17.297517 ;
21.000000 ;-23.375516 ;-17.298281 ;
21.100000 ;-23.371466 ;-17.298566 ;
21.200000 ;-23.367479 ;-17.298890 ;
21.300000 ;-23.378114 ;-17.300110 ;
21.400000 ;-23.383466 ;-17.301049 ;
21.500000 ;-23.373305 ;-17.301103 ;
21.600000 ;-23.363199 ;-17.301186 ;
21.700000 ;-23.381629 ;-17.302972 ;
21.800000 ;-23.395002 ;-17.304482 ;
21.900000 ;-23.377425 ;-17.304192 ;
22.000000 ;-23.356700 ;-17.303737 ;
22.100000 ;-23.378466 ;-17.305798 ;
22.200000 ;-23.388533 ;-17.307183 ;
22.300000 ;-23.371227 ;-17.306971 ;
22.400000 ;-23.372419 ;-17.307862 ;
22.500000 ;-23.383768 ;-17.309362 ;
22.600000 ;-23.380229 ;-17.309993 ;
22.700000 ;-23.379562 ;-17.310802 ;
22.800000 ;-23.386870 ;-17.312090 ;
22.900000 ;-23.386345 ;-17.312921 ;
23.000000 ;-23.382815 ;-17.313581 ;
23.100000 ;-23.390477 ;-17.314906 ;
23.200000 ;-23.395499 ;-17.316079 ;
23.300000 ;-23.389755 ;-17.316619 ;
23.400000 ;-23.384267 ;-17.317178 ;
23.500000 ;-23.399765 ;-17.318975 ;
23.600000 ;-23.410772 ;-17.320508 ;
23.700000 ;-23.397412 ;-17.320606 ;
23.800000 ;-23.378685 ;-17.320389 ;
23.900000 ;-23.397925 ;-17.322408 ;
24.000000 ;-23.416387 ;-17.324377 ;
24.100000 ;-23.398991 ;-17.324234 ;
24.200000 ;-23.381604 ;-17.324093 ;
24.300000 ;-23.402164 ;-17.326186 ;
24.400000 ;-23.405913 ;-17.327282 ;
24.500000 ;-23.396112 ;-17.327576 ;
24.600000 ;-23.404948 ;-17.328970 ;
24.700000 ;-23.409166 ;-17.330086 ;
24.800000 ;-23.405397 ;-17.330727 ;
24.900000 ;-23.410105 ;-17.331865 ;
25.000000 ;-23.415674 ;-17.333051 ;
25.100000 ;-23.413011 ;-17.333745 ;
25.200000 ;-23.409835 ;-17.334405 ;
25.300000 ;-23.421283 ;-17.335924 ;
25.400000 ;-23.428778 ;-17.337205 ;
25.500000 ;-23.419791 ;-17.337508 ;
25.600000 ;-23.407856 ;-17.337632 ;
25.700000 ;-23.425302 ;-17.339486 ;
25.800000 ;-23.444824 ;-17.341456 ;
25.900000 ;-23.429927 ;-17.341390 ;
26.000000 ;-23.403047 ;-17.340616 ;
26.100000 ;-23.422316 ;-17.342559 ;
26.200000 ;-23.438090 ;-17.344288 ;
26.300000 ;-23.422977 ;-17.344187 ;
26.400000 ;-23.421210 ;-17.344872 ;
26.500000 ;-23.433532 ;-17.346385 ;
26.600000 ;-23.431742 ;-17.347056 ;
26.700000 ;-23.431450 ;-17.347811 ;
26.800000 ;-23.438635 ;-17.349004 ;
26.900000 ;-23.438710 ;-17.349770 ;
27.000000 ;-23.435853 ;-17.350357 ;
27.100000 ;-23.443533 ;-17.351563 ;
27.200000 ;-23.449098 ;-17.352638 ;
27.300000 ;-23.443940 ;-17.353073 ;
27.400000 ;-23.437802 ;-17.353445 ;
27.500000 ;-23.453083 ;-17.355079 ;
27.600000 ;-23.467505 ;-17.356656 ;
27.700000 ;-23.455423 ;-17.356661 ;
27.800000 ;-23.432472 ;-17.356020 ;
27.900000 ;-23.447617 ;-17.357626 ;
28.000000 ;-23.472213 ;-17.359782 ;
28.100000 ;-23.458035 ;-17.359642 ;
28.200000 ;-23.434537 ;-17.358949 ;
28.300000 ;-23.454634 ;-17.360831 ;
28.400000 ;-23.461175 ;-17.361902 ;
28.500000 ;-23.452121 ;-17.362045 ;
28.600000 ;-23.460082 ;-17.363193 ;
28.700000 ;-23.464525 ;-17.364127 ;
28.800000 ;-23.461417 ;-17.364608 ;
28.900000 ;-23.465897 ;-17.365535 ;
29.000000 ;-23.471322 ;-17.366514 ;
29.100000 ;-23.468972 ;-17.367026 ;
29.200000 ;-23.465714 ;-17.367480 ;
29.300000 ;-23.477049 ;-17.368796 ;
29.400000 ;-23.485775 ;-17.369952 ;
29.500000 ;-23.477236 ;-17.370080 ;
29.600000 ;-23.463172 ;-17.369876 ;
29.700000 ;-23.478001 ;-17.371380 ;
29.800000 ;-23.502566 ;-17.373454 ;
29.900000 ;-23.490534 ;-17.373358 ;
30.000000 ;-23.458343 ;-17.372068 ;
30.100000 ;-23.472755 ;-17.373535 ;
30.200000 ;-23.493077 ;-17.375343 ;
30.300000 ;-23.480181 ;-17.375177 ;
30.400000 ;-23.475364 ;-17.375490 ;
30.500000 ;-23.487972 ;-17.376833 ;
30.600000 ;-23.487186 ;-17.377376 ;
30.700000 ;-23.486819 ;-17.377941 ;
30.800000 ;-23.493555 ;-17.378924 ;
30.900000 ;-23.493746 ;-17.379514 ;
31.000000 ;-23.491028 ;-17.379927 ;
31.100000 ;-23.498368 ;-17.380935 ;
31.200000 ;-23.504110 ;-17.381844 ;
31.300000 ;-23.499161 ;-17.382114 ;
31.400000 ;-23.492203 ;-17.382262 ;
31.500000 ;-23.506550 ;-17.383671 ;
31.600000 ;-23.523829 ;-17.385250 ;
31.700000 ;-23.513141 ;-17.385166 ;
31.800000 ;-23.486691 ;-17.384145 ;
31.900000 ;-23.496463 ;-17.385271 ;
32.000000 ;-23.525937 ;-17.387559 ;
32.100000 ;-23.515419 ;-17.387470 ;
32.200000 ;-23.487274 ;-17.386337 ;
32.300000 ;-23.505495 ;-17.387955 ;
32.400000 ;-23.514233 ;-17.389002 ;
32.500000 ;-23.505811 ;-17.389026 ;
32.600000 ;-23.512834 ;-17.389968 ;
32.700000 ;-23.517304 ;-17.390754 ;
32.800000 ;-23.514502 ;-17.391104 ;
32.900000 ;-23.518587 ;-17.391861 ;
33.000000 ;-23.523793 ;-17.392683 ;
33.100000 ;-23.521563 ;-17.393058 ;
33.200000 ;-23.518050 ;-17.393355 ;
33.300000 ;-23.529003 ;-17.394510 ;
33.400000 ;-23.538715 ;-17.395588 ;
33.500000 ;-23.530625 ;-17.395604 ;
33.600000 ;-23.514831 ;-17.395159 ;
33.700000 ;-23.526475 ;-17.396344 ;
33.800000 ;-23.555037 ;-17.398528 ;
33.900000 ;-23.546239 ;-17.398491 ;
34.000000 ;-23.510298 ;-17.396844 ;
34.100000 ;-23.518938 ;-17.397844 ;
34.200000 ;-23.542889 ;-17.399747 ;
34.300000 ;-23.532337 ;-17.399594 ;
34.400000 ;-23.524808 ;-17.399621 ;
34.500000 ;-23.537561 ;-17.400855 ;
34.600000 ;-23.537507 ;-17.401321 ;
34.700000 ;-23.536914 ;-17.401754 ;
34.800000 ;-23.543268 ;-17.402599 ;
34.900000 ;-23.543503 ;-17.403076 ;
35.000000 ;-23.540751 ;-17.403372 ;
35.100000 ;-23.547680 ;-17.404245 ;
35.200000 ;-23.553557 ;-17.405051 ;
35.300000 ;-23.548778 ;-17.405221 ;
35.400000 ;-23.541123 ;-17.405216 ;
35.500000 ;-23.554231 ;-17.406447 ;
35.600000 ;-23.573800 ;-17.408058 ;
35.700000 ;-23.564674 ;-17.407960 ;
35.800000 ;-23.535799 ;-17.406686 ;
35.900000 ;-23.540146 ;-17.407389 ;
36.000000 ;-23.573104 ;-17.409786 ;
36.100000 ;-23.566279 ;-17.409815 ;
36.200000 ;-23.535037 ;-17.408393 ;
36.300000 ;-23.550764 ;-17.409767 ;
36.400000 ;-23.561270 ;-17.410824 ;
36.500000 ;-23.553401 ;-17.410783 ;
36.600000 ;-23.559571 ;-17.411579 ;
36.700000 ;-23.564076 ;-17.412274 ;
36.800000 ;-23.561426 ;-17.412539 ;
36.900000 ;-23.565091 ;-17.413180 ;
37.000000 ;-23.570140 ;-17.413902 ;
37.100000 ;-23.567996 ;-17.414192 ;
37.200000 ;-23.564208 ;-17.414381 ;
37.300000 ;-23.574653 ;-17.415419 ;
37.400000 ;-23.585147 ;-17.416458 ;
37.500000 ;-23.577563 ;-17.416416 ;
37.600000 ;-23.560563 ;-17.415810 ;
37.700000 ;-23.565953 ;-17.416540 ;
37.800000 ;-23.578696 ;-17.417706 ;
37.900000 ;-23.574083 ;-17.417833 ;
38.000000 ;-23.571118 ;-17.418058 ;
38.100000 ;-23.579286 ;-17.418947 ;
38.200000 ;-23.579344 ;-17.419348 ;
38.300000 ;-23.576371 ;-17.419567 ;
38.400000 ;-23.583410 ;-17.420383 ;
38.500000 ;-23.586765 ;-17.420977 ;
38.600000 ;-23.581510 ;-17.421055 ;
38.700000 ;-23.579621 ;-17.421332 ;
38.800000 ;-23.594620 ;-17.422616 ;
38.900000 ;-23.600243 ;-17.423339 ;
39.000000 ;-23.585950 ;-17.422870 ;
39.100000 ;-23.572883 ;-17.422474 ;
39.200000 ;-23.596375 ;-17.424258 ;
39.300000 ;-23.612167 ;-17.425578 ;
39.400000 ;-23.589831 ;-17.424624 ;
39.500000 ;-23.568823 ;-17.423751 ;
39.600000 ;-23.593337 ;-17.425592 ;
39.700000 ;-23.598788 ;-17.426291 ;
39.800000 ;-23.584032 ;-17.425780 ;
39.900000 ;-23.590167 ;-17.426439 ;
40.000000 ;-23.593454 ;-17.426717 ;
40.100000 ;-23.602517 ;-17.428494 ;
40.200000 ;-23.648929 ;-17.436889 ;
40.300000 ;-23.730329 ;-17.454553 ;
40.400000 ;-23.832670 ;-17.481809 ;
40.500000 ;-23.974243 ;-17.520694 ;
40.600000 ;-24.127557 ;-17.569115 ;
40.700000 ;-24.288958 ;-17.626449 ;
40.800000 ;-24.462565 ;-17.692607 ;
40.900000 ;-24.636217 ;-17.765832 ;
41.000000 ;-24.805306 ;-17.844950 ;
41.100000 ;-24.976334 ;-17.929849 ;
41.200000 ;-25.161179 ;-18.020797 ;
41.300000 ;-25.335131 ;-18.115041 ;
41.400000 ;-25.483527 ;-18.210718 ;
41.500000 ;-25.618457 ;-18.308140 ;
41.600000 ;-25.776058 ;-18.409589 ;
41.700000 ;-25.940492 ;-18.513300 ;
41.800000 ;-26.080042 ;-18.616268 ;
41.900000 ;-26.216622 ;-18.719718 ;
42.000000 ;-26.357321 ;-18.823770 ;
42.100000 ;-26.485716 ;-18.926729 ;
42.200000 ;-26.609175 ;-19.028811 ;
42.300000 ;-26.734708 ;-19.130239 ;
42.400000 ;-26.850370 ;-19.229724 ;
42.500000 ;-26.954672 ;-19.326848 ;
42.600000 ;-27.059964 ;-19.422355 ;
42.700000 ;-27.179178 ;-19.517092 ;
42.800000 ;-27.281335 ;-19.608222 ;
42.900000 ;-27.353683 ;-19.694463 ;
43.000000 ;-27.417400 ;-19.777419 ;
43.100000 ;-27.513272 ;-19.860382 ;
43.200000 ;-27.602752 ;-19.939942 ;
43.300000 ;-27.667215 ;-20.014370 ;
43.400000 ;-27.738157 ;-20.086289 ;
43.500000 ;-27.808457 ;-20.155002 ;
43.600000 ;-27.865962 ;-20.219399 ;
43.700000 ;-27.922813 ;-20.280504 ;
43.800000 ;-27.981256 ;-20.338500 ;
43.900000 ;-28.028340 ;-20.392258 ;
44.000000 ;-28.065801 ;-20.441954 ;
44.100000 ;-28.111285 ;-20.489188 ;
44.200000 ;-28.165947 ;-20.534126 ;
44.300000 ;-28.198639 ;-20.574062 ;
44.400000 ;-28.206887 ;-20.608862 ;
44.500000 ;-28.222384 ;-20.641451 ;
44.600000 ;-28.266159 ;-20.673819 ;
44.700000 ;-28.291282 ;-20.701867 ;
44.800000 ;-28.299797 ;-20.725895 ;
44.900000 ;-28.323749 ;-20.748920 ;
45.000000 ;-28.342110 ;-20.769168 ;
45.100000 ;-28.349907 ;-20.786315 ;
45.200000 ;-28.363251 ;-20.801949 ;
45.300000 ;-28.377992 ;-20.815823 ;
45.400000 ;-28.381853 ;-20.826950 ;
45.500000 ;-28.379852 ;-20.835910 ;
45.600000 ;-28.392480 ;-20.844685 ;
45.700000 ;-28.410153 ;-20.852523 ;
45.800000 ;-28.405188 ;-20.857023 ;
45.900000 ;-28.382444 ;-20.858735 ;
46.000000 ;-28.380911 ;-20.861311 ;
46.100000 ;-28.415031 ;-20.866164 ;
46.200000 ;-28.414682 ;-20.867014 ;
46.300000 ;-28.371329 ;-20.863171 ;
46.400000 ;-28.358759 ;-20.861433 ;
46.500000 ;-28.384018 ;-20.862519 ;
46.600000 ;-28.375226 ;-20.859969 ;
46.700000 ;-28.353441 ;-20.855768 ;
46.800000 ;-28.360828 ;-20.853811 ;
46.900000 ;-28.356815 ;-20.850471 ;
47.000000 ;-28.345093 ;-20.846139 ;
47.100000 ;-28.344408 ;-20.842570 ;
47.200000 ;-28.339390 ;-20.838415 ;
47.300000 ;-28.326883 ;-20.833429 ;
47.400000 ;-28.320615 ;-20.828897 ;
47.500000 ;-28.323245 ;-20.825096 ;
47.600000 ;-28.314961 ;-20.820262 ;
47.700000 ;-28.294427 ;-20.814301 ;
47.800000 ;-28.282379 ;-20.809119 ;
47.900000 ;-28.301576 ;-20.806798 ;
48.000000 ;-28.303919 ;-20.803006 ;
48.100000 ;-28.267618 ;-20.795787 ;
48.200000 ;-28.229537 ;-20.788493 ;
48.300000 ;-28.252051 ;-20.786777 ;
48.400000 ;-28.264433 ;-20.784258 ;
48.500000 ;-28.228498 ;-20.777496 ;
48.600000 ;-28.207577 ;-20.772218 ;
48.700000 ;-28.220013 ;-20.770085 ;
48.800000 ;-28.210575 ;-20.766118 ;
48.900000 ;-28.198111 ;-20.762022 ;
49.000000 ;-28.198320 ;-20.759217 ;
49.100000 ;-28.190230 ;-20.755812 ;
49.200000 ;-28.178872 ;-20.752263 ;
49.300000 ;-28.177730 ;-20.749785 ;
49.400000 ;-28.173116 ;-20.747144 ;
49.500000 ;-28.159540 ;-20.743843 ;
49.600000 ;-28.148153 ;-20.740887 ;
49.700000 ;-28.157058 ;-20.739904 ;
49.800000 ;-28.159286 ;-20.738461 ;
49.900000 ;-28.136927 ;-20.734943 ;
50.000000 ;-28.107231 ;-20.730899 ;
50.100000 ;-28.111331 ;-20.730030 ;
50.200000 ;-28.116989 ;-20.729429 ;
50.300000 ;-28.101709 ;-20.727069 ;
50.400000 ;-28.094363 ;-20.725541 ;
50.500000 ;-28.095209 ;-20.724866 ;
50.600000 ;-28.086504 ;-20.723443 ;
50.700000 ;-28.078005 ;-20.722144 ;
50.800000 ;-28.078926 ;-20.721795 ;
50.900000 ;-28.073738 ;-20.720994 ;
51.000000 ;-28.060419 ;-20.719555 ;
51.100000 ;-28.054356 ;-20.718857 ;
51.200000 ;-28.065640 ;-20.719802 ;
51.300000 ;-28.063137 ;-20.719589 ;
51.400000 ;-28.038295 ;-20.717443 ;
51.500000 ;-28.016849 ;-20.715672 ;
51.600000 ;-28.040343 ;-20.718009 ;
51.700000 ;-28.055443 ;-20.719655 ;
51.800000 ;-28.021512 ;-20.716957 ;
51.900000 ;-27.982697 ;-20.713876 ;
52.000000 ;-28.006402 ;-20.716459 ;
52.100000 ;-28.012014 ;-20.717467 ;
52.200000 ;-27.987584 ;-20.715824 ;
52.300000 ;-27.989085 ;-20.716549 ;
52.400000 ;-27.991839 ;-20.717425 ;
52.500000 ;-27.982103 ;-20.717214 ;
52.600000 ;-27.980392 ;-20.717755 ;
52.700000 ;-27.980450 ;-20.718486 ;
52.800000 ;-27.972538 ;-20.718526 ;
52.900000 ;-27.965144 ;-20.718638 ;
53.000000 ;-27.970467 ;-20.719913 ;
53.100000 ;-27.970175 ;-20.720703 ;
53.200000 ;-27.956099 ;-20.720272 ;
53.300000 ;-27.941862 ;-20.719841 ;
53.400000 ;-27.957487 ;-20.722105 ;
53.500000 ;-27.973828 ;-20.724445 ;
53.600000 ;-27.952252 ;-20.723389 ;
53.700000 ;-27.911694 ;-20.720634 ;
53.800000 ;-27.920996 ;-20.722361 ;
53.900000 ;-27.949557 ;-20.725822 ;
54.000000 ;-27.930137 ;-20.724980 ;
54.100000 ;-27.897126 ;-20.722919 ;
54.200000 ;-27.914438 ;-20.725372 ;
54.300000 ;-27.916269 ;-20.726434 ;
54.400000 ;-27.904125 ;-20.726239 ;
54.500000 ;-27.908356 ;-20.727509 ;
54.600000 ;-27.907323 ;-20.728301 ;
54.700000 ;-27.899517 ;-20.728479 ;
54.800000 ;-27.900395 ;-20.729431 ;
54.900000 ;-27.902078 ;-20.730447 ;
55.000000 ;-27.894750 ;-20.730645 ;
55.100000 ;-27.885152 ;-20.730630 ;
55.200000 ;-27.893474 ;-20.732215 ;
55.300000 ;-27.904379 ;-20.734022 ;
55.400000 ;-27.892161 ;-20.733741 ;
55.500000 ;-27.865107 ;-20.732115 ;
55.600000 ;-27.863743 ;-20.732785 ;
55.700000 ;-27.877392 ;-20.734791 ;
55.800000 ;-27.870209 ;-20.734914 ;
55.900000 ;-27.861253 ;-20.734864 ;
56.000000 ;-27.867017 ;-20.736123 ;
56.100000 ;-27.864343 ;-20.736611 ;
56.200000 ;-27.857419 ;-20.736702 ;
56.300000 ;-27.861102 ;-20.737733 ;
56.400000 ;-27.861770 ;-20.738478 ;
56.500000 ;-27.853200 ;-20.738379 ;
56.600000 ;-27.846531 ;-20.738435 ;
56.700000 ;-27.859407 ;-20.740234 ;
56.800000 ;-27.865457 ;-20.741404 ;
56.900000 ;-27.848170 ;-20.740463 ;
57.000000 ;-27.825264 ;-20.739002 ;
57.100000 ;-27.841992 ;-20.741087 ;
57.200000 ;-27.868468 ;-20.744033 ;
57.300000 ;-27.848039 ;-20.742753 ;
57.400000 ;-27.805514 ;-20.739473 ;
57.500000 ;-27.822271 ;-20.741500 ;
57.600000 ;-27.838942 ;-20.743505 ;
57.700000 ;-27.820657 ;-20.742358 ;
57.800000 ;-27.817435 ;-20.742548 ;
57.900000 ;-27.825758 ;-20.743759 ;
58.000000 ;-27.820440 ;-20.743731 ;
58.100000 ;-27.818481 ;-20.743990 ;
58.200000 ;-27.822335 ;-20.744757 ;
58.300000 ;-27.818628 ;-20.744831 ;
58.400000 ;-27.812093 ;-20.744636 ;
58.500000 ;-27.817994 ;-20.745546 ;
58.600000 ;-27.822783 ;-20.746342 ;
58.700000 ;-27.813698 ;-20.745877 ;
58.800000 ;-27.799677 ;-20.744956 ;
58.900000 ;-27.810264 ;-20.746233 ;
59.000000 ;-27.833644 ;-20.748647 ;
59.100000 ;-27.822729 ;-20.747967 ;
59.200000 ;-27.784136 ;-20.744788 ;
59.300000 ;-27.781035 ;-20.744784 ;
59.400000 ;-27.816206 ;-20.748205 ;
59.500000 ;-27.809366 ;-20.747844 ;
59.600000 ;-27.773635 ;-20.744877 ;
59.700000 ;-27.786756 ;-20.746284 ;
59.800000 ;-27.795546 ;-20.747289 ;
59.900000 ;-27.785212 ;-20.746565 ;
60.000000 ;-27.788829 ;-20.747083 ;
60.100000 ;-27.791606 ;-20.747514 ;
60.200000 ;-27.786021 ;-20.747183 ;
60.300000 ;-27.786340 ;-20.747372 ;
60.400000 ;-27.790946 ;-20.747935 ;
60.500000 ;-27.787167 ;-20.747735 ;
60.600000 ;-27.778369 ;-20.747074 ;
60.700000 ;-27.783751 ;-20.747678 ;
60.800000 ;-27.798810 ;-20.749141 ;
60.900000 ;-27.793346 ;-20.748751 ;
61.000000 ;-27.768579 ;-20.746617 ;
61.100000 ;-27.760326 ;-20.745957 ;
61.200000 ;-27.777400 ;-20.747564 ;
61.300000 ;-27.775957 ;-20.747500 ;
61.400000 ;-27.764937 ;-20.746566 ;
61.500000 ;-27.771921 ;-20.747241 ;
61.600000 ;-27.772719 ;-20.747352 ;
61.700000 ;-27.766559 ;-20.746830 ;
61.800000 ;-27.769793 ;-20.747144 ;
61.900000 ;-27.773410 ;-20.747485 ;
62.000000 ;-27.767637 ;-20.746974 ;
62.100000 ;-27.760131 ;-20.746300 ;
62.200000 ;-27.770963 ;-20.747266 ;
62.300000 ;-27.781929 ;-20.748238 ;
62.400000 ;-27.770182 ;-20.747162 ;
62.500000 ;-27.746596 ;-20.745015 ;
62.600000 ;-27.754339 ;-20.745676 ;
62.700000 ;-27.786628 ;-20.748536 ;
62.800000 ;-27.777319 ;-20.747655 ;
62.900000 ;-27.734412 ;-20.743751 ;
63.000000 ;-27.739632 ;-20.744160 ;
63.100000 ;-27.763412 ;-20.746230 ;
63.200000 ;-27.751309 ;-20.745073 ;
63.300000 ;-27.741633 ;-20.744129 ;
63.400000 ;-27.752834 ;-20.745053 ;
63.500000 ;-27.750766 ;-20.744779 ;
63.600000 ;-27.747102 ;-20.744356 ;
63.700000 ;-27.752421 ;-20.744735 ;
63.800000 ;-27.751280 ;-20.744529 ;
63.900000 ;-27.744984 ;-20.743855 ;
64.000000 ;-27.749127 ;-20.744114 ;
64.100000 ;-27.756655 ;-20.744672 ;
64.200000 ;-27.751149 ;-20.744055 ;
64.300000 ;-27.737195 ;-20.742674 ;
64.400000 ;-27.741287 ;-20.742910 ;
64.500000 ;-27.767843 ;-20.745160 ;
64.600000 ;-27.765828 ;-20.744841 ;
64.700000 ;-27.730299 ;-20.741507 ;
64.800000 ;-27.714411 ;-20.739932 ;
64.900000 ;-27.751139 ;-20.743078 ;
65.000000 ;-27.755519 ;-20.743318 ;
65.100000 ;-27.720400 ;-20.740010 ;
65.200000 ;-27.724562 ;-20.740222 ;
65.300000 ;-27.738547 ;-20.741313 ;
65.400000 ;-27.730662 ;-20.740436 ;
65.500000 ;-27.731327 ;-20.740323 ;
65.600000 ;-27.736436 ;-20.740607 ;
65.700000 ;-27.732531 ;-20.740077 ;
65.800000 ;-27.731049 ;-20.739762 ;
65.900000 ;-27.736868 ;-20.740100 ;
66.000000 ;-27.735615 ;-20.739800 ;
66.100000 ;-27.727338 ;-20.738866 ;
66.200000 ;-27.728648 ;-20.738791 ;
66.300000 ;-27.745400 ;-20.740100 ;
66.400000 ;-27.745622 ;-20.739923 ;
66.500000 ;-27.723553 ;-20.737740 ;
66.600000 ;-27.708084 ;-20.736147 ;
66.700000 ;-27.725520 ;-20.737508 ;
66.800000 ;-27.729205 ;-20.737632 ;
66.900000 ;-27.717445 ;-20.736367 ;
67.000000 ;-27.722662 ;-20.736624 ;
67.100000 ;-27.726024 ;-20.736713 ;
67.200000 ;-27.720653 ;-20.736015 ;
67.300000 ;-27.721942 ;-20.735913 ;
67.400000 ;-27.727293 ;-20.736175 ;
67.500000 ;-27.723812 ;-20.735641 ;
67.600000 ;-27.715627 ;-20.734683 ;
67.700000 ;-27.722597 ;-20.735084 ;
67.800000 ;-27.736834 ;-20.736137 ;
67.900000 ;-27.730372 ;-20.735330 ;
68.000000 ;-27.707108 ;-20.733011 ;
68.100000 ;-27.704833 ;-20.732576 ;
68.200000 ;-27.739240 ;-20.735433 ;
68.300000 ;-27.740898 ;-20.735351 ;
68.400000 ;-27.700599 ;-20.731500 ;
68.500000 ;-27.691296 ;-20.730430 ;
68.600000 ;-27.719828 ;-20.732754 ;
68.700000 ;-27.715011 ;-20.732084 ;
68.800000 ;-27.698606 ;-20.730373 ;
68.900000 ;-27.711022 ;-20.731247 ;
69.000000 ;-27.712167 ;-20.731108 ;
69.100000 ;-27.706677 ;-20.730372 ;
69.200000 ;-27.712173 ;-20.730622 ;
69.300000 ;-27.713145 ;-20.730464 ;
69.400000 ;-27.707278 ;-20.729691 ;
69.500000 ;-27.708614 ;-20.729564 ;
69.600000 ;-27.717709 ;-20.730134 ;
69.700000 ;-27.715560 ;-20.729692 ;
69.800000 ;-27.702221 ;-20.728245 ;
69.900000 ;-27.699593 ;-20.727759 ;
70.000000 ;-27.726303 ;-20.729907 ;
70.100000 ;-27.732856 ;-20.730246 ;
70.200000 ;-27.702220 ;-20.727244 ;
70.300000 ;-27.675309 ;-20.724576 ;
70.400000 ;-27.708007 ;-20.727257 ;
70.500000 ;-27.723348 ;-20.728382 ;
70.600000 ;-27.692401 ;-20.725354 ;
70.700000 ;-27.684467 ;-20.724390 ;
70.800000 ;-27.702596 ;-20.725762 ;
70.900000 ;-27.698412 ;-20.725132 ;
71.000000 ;-27.695078 ;-20.724577 ;
71.100000 ;-27.701789 ;-20.724923 ;
71.200000 ;-27.699758 ;-20.724484 ;
71.300000 ;-27.696278 ;-20.723915 ;
71.400000 ;-27.702263 ;-20.724195 ;
71.500000 ;-27.703286 ;-20.724029 ;
71.600000 ;-27.695898 ;-20.723108 ;
71.700000 ;-27.693123 ;-20.722600 ;
71.800000 ;-27.709526 ;-20.723815 ;
71.900000 ;-27.715143 ;-20.724062 ;
72.000000 ;-27.696823 ;-20.722159 ;
72.100000 ;-27.676004 ;-20.720030 ;
72.200000 ;-27.689884 ;-20.721018 ;
72.300000 ;-27.698613 ;-20.721543 ;
72.400000 ;-27.687939 ;-20.720326 ;
72.500000 ;-27.689403 ;-20.720199 ;
72.600000 ;-27.694941 ;-20.720437 ;
72.700000 ;-27.690911 ;-20.719816 ;
72.800000 ;-27.689651 ;-20.719444 ;
72.900000 ;-27.695948 ;-20.719751 ;
73.000000 ;-27.694798 ;-20.719389 ;
73.100000 ;-27.686589 ;-20.718393 ;
73.200000 ;-27.688825 ;-20.718334 ;
73.300000 ;-27.704886 ;-20.719518 ;
73.400000 ;-27.703934 ;-20.719174 ;
73.500000 ;-27.682469 ;-20.716989 ;
73.600000 ;-27.670962 ;-20.715697 ;
73.700000 ;-27.703131 ;-20.718326 ;
73.800000 ;-27.715756 ;-20.719203 ;
73.900000 ;-27.681364 ;-20.715861 ;
74.000000 ;-27.656353 ;-20.713359 ;
74.100000 ;-27.686731 ;-20.715827 ;
74.200000 ;-27.690437 ;-20.715903 ;
74.300000 ;-27.670580 ;-20.713865 ;
74.400000 ;-27.680344 ;-20.714485 ;
74.500000 ;-27.684926 ;-20.714639 ;
74.600000 ;-27.678879 ;-20.713840 ;
74.700000 ;-27.682937 ;-20.713947 ;
74.800000 ;-27.685853 ;-20.713953 ;
74.900000 ;-27.680956 ;-20.713257 ;
75.000000 ;-27.679231 ;-20.712845 ;
75.100000 ;-27.688768 ;-20.713446 ;
75.200000 ;-27.690008 ;-20.713302 ;
75.300000 ;-27.678182 ;-20.711985 ;
75.400000 ;-27.670187 ;-20.711012 ;
75.500000 ;-27.693372 ;-20.712839 ;
75.600000 ;-27.708043 ;-20.713903 ;
75.700000 ;-27.684373 ;-20.711526 ;
75.800000 ;-27.650283 ;-20.708213 ;
75.900000 ;-27.672654 ;-20.709967 ;
76.000000 ;-27.698136 ;-20.712001 ;
76.100000 ;-27.674962 ;-20.709672 ;
76.200000 ;-27.653360 ;-20.707485 ;
76.300000 ;-27.674216 ;-20.709105 ;
76.400000 ;-27.675025 ;-20.708926 ;
76.500000 ;-27.667615 ;-20.708011 ;
76.600000 ;-27.675181 ;-20.708439 ;
76.700000 ;-27.675373 ;-20.708206 ;
76.800000 ;-27.670571 ;-20.707525 ;
76.900000 ;-27.675521 ;-20.707720 ;
77.000000 ;-27.678665 ;-20.707753 ;
77.100000 ;-27.672749 ;-20.706973 ;
77.200000 ;-27.666986 ;-20.706207 ;
77.300000 ;-27.680603 ;-20.707181 ;
77.400000 ;-27.691171 ;-20.707883 ;
77.500000 ;-27.677788 ;-20.706435 ;
77.600000 ;-27.653981 ;-20.704051 ;
77.700000 ;-27.660868 ;-20.704423 ;
77.800000 ;-27.674235 ;-20.705377 ;
77.900000 ;-27.666546 ;-20.704442 ;
78.000000 ;-27.663109 ;-20.703890 ;
78.100000 ;-27.670341 ;-20.704295 ;
78.200000 ;-27.668298 ;-20.703868 ;
78.300000 ;-27.664579 ;-20.703291 ;
78.400000 ;-27.670918 ;-20.703617 ;
78.500000 ;-27.672169 ;-20.703487 ;
78.600000 ;-27.664749 ;-20.702579 ;
78.700000 ;-27.662334 ;-20.702121 ;
78.800000 ;-27.678302 ;-20.703314 ;
78.900000 ;-27.682926 ;-20.703489 ;
79.000000 ;-27.664854 ;-20.701627 ;
79.100000 ;-27.646646 ;-20.699754 ;
79.200000 ;-27.671470 ;-20.701742 ;
79.300000 ;-27.694212 ;-20.703545 ;
79.400000 ;-27.668920 ;-20.701041 ;
79.500000 ;-27.632413 ;-20.697531 ;
79.600000 ;-27.657550 ;-20.699549 ;
79.700000 ;-27.670381 ;-20.700464 ;
79.800000 ;-27.651395 ;-20.698526 ;
79.900000 ;-27.652956 ;-20.698432 ;
80.000000 ;-27.657943 ;-20.698645 ;
