0.000000 ;-27.500000 ;-20.600000 ;
0.100000 ;-27.501734 ;-20.687690 ;
0.200000 ;-27.426275 ;-20.739016 ;
0.300000 ;-27.317744 ;-20.765011 ;
0.400000 ;-27.226965 ;-20.775879 ;
0.500000 ;-27.143343 ;-20.775050 ;
0.600000 ;-27.075241 ;-20.766737 ;
0.700000 ;-27.020473 ;-20.753358 ;
0.800000 ;-26.971513 ;-20.736118 ;
0.900000 ;-26.933347 ;-20.717075 ;
1.000000 ;-26.908923 ;-20.697726 ;
1.100000 ;-26.885068 ;-20.677520 ;
1.200000 ;-26.857757 ;-20.656639 ;
1.300000 ;-26.835456 ;-20.636392 ;
1.400000 ;-26.831011 ;-20.618365 ;
1.500000 ;-26.825842 ;-20.600992 ;
1.600000 ;-26.808974 ;-20.583413 ;
1.700000 ;-26.795080 ;-20.567013 ;
1.800000 ;-26.801442 ;-20.553362 ;
1.900000 ;-26.801079 ;-20.540086 ;
2.000000 ;-26.786027 ;-20.526472 ;
2.100000 ;-26.778685 ;-20.514454 ;
2.200000 ;-26.791947 ;-20.505122 ;
2.300000 ;-26.792251 ;-20.495502 ;
2.400000 ;-26.775194 ;-20.485163 ;
2.500000 ;-26.772522 ;-20.476821 ;
2.600000 ;-26.788740 ;-20.470818 ;
2.700000 ;-26.786828 ;-20.463887 ;
2.800000 ;-26.769778 ;-20.456242 ;
2.900000 ;-26.775614 ;-20.451139 ;
3.000000 ;-26.787708 ;-20.447091 ;
3.100000 ;-26.780975 ;-20.441883 ;
3.200000 ;-26.771182 ;-20.436843 ;
3.300000 ;-26.783245 ;-20.434097 ;
3.400000 ;-26.787616 ;-20.431049 ;
3.500000 ;-26.778115 ;-20.427133 ;
3.600000 ;-26.778421 ;-20.424373 ;
3.700000 ;-26.790077 ;-20.422876 ;
3.800000 ;-26.788769 ;-20.420510 ;
3.900000 ;-26.777799 ;-20.417539 ;
4.000000 ;-26.784157 ;-20.416280 ;
4.100000 ;-26.796600 ;-20.415741 ;
4.200000 ;-26.791209 ;-20.413831 ;
4.300000 ;-26.777205 ;-20.411333 ;
4.400000 ;-26.787787 ;-20.411108 ;
4.500000 ;-26.801147 ;-20.411254 ;
4.600000 ;-26.791994 ;-20.409567 ;
4.700000 ;-26.777369 ;-20.407511 ;
4.800000 ;-26.792165 ;-20.408099 ;
4.900000 ;-26.800943 ;-20.408251 ;
5.000000 ;-26.788973 ;-20.406684 ;
5.100000 ;-26.784519 ;-20.405836 ;
5.200000 ;-26.798314 ;-20.406631 ;
5.300000 ;-26.798550 ;-20.406306 ;
5.400000 ;-26.787883 ;-20.405086 ;
5.500000 ;-26.794517 ;-20.405409 ;
5.600000 ;-26.803054 ;-20.405935 ;
5.700000 ;-26.797272 ;-20.405255 ;
5.800000 ;-26.790045 ;-20.404480 ;
5.900000 ;-26.801973 ;-20.405391 ;
6.000000 ;-26.807629 ;-20.405783 ;
6.100000 ;-26.797212 ;-20.404802 ;
6.200000 ;-26.790858 ;-20.404191 ;
6.300000 ;-26.807229 ;-20.405564 ;
6.400000 ;-26.812106 ;-20.405954 ;
6.500000 ;-26.796773 ;-20.404605 ;
6.600000 ;-26.791130 ;-20.404105 ;
6.700000 ;-26.809643 ;-20.405705 ;
6.800000 ;-26.811458 ;-20.405866 ;
6.900000 ;-26.794623 ;-20.404417 ;
7.000000 ;-26.797622 ;-20.404690 ;
7.100000 ;-26.811087 ;-20.405872 ;
7.200000 ;-26.806329 ;-20.405479 ;
7.300000 ;-26.796031 ;-20.404608 ;
7.400000 ;-26.806943 ;-20.405575 ;
7.500000 ;-26.811818 ;-20.406020 ;
7.600000 ;-26.803169 ;-20.405293 ;
7.700000 ;-26.802445 ;-20.405253 ;
7.800000 ;-26.813697 ;-20.406249 ;
7.900000 ;-26.812971 ;-20.406208 ;
8.000000 ;-26.801861 ;-20.405265 ;
8.100000 ;-26.806254 ;-20.405665 ;
8.200000 ;-26.819723 ;-20.406849 ;
8.300000 ;-26.815548 ;-20.406503 ;
8.400000 ;-26.799755 ;-20.405149 ;
8.500000 ;-26.807001 ;-20.405790 ;
8.600000 ;-26.822930 ;-20.407181 ;
8.700000 ;-26.815713 ;-20.406565 ;
8.800000 ;-26.797882 ;-20.405029 ;
8.900000 ;-26.809902 ;-20.406076 ;
9.000000 ;-26.820935 ;-20.407036 ;
9.100000 ;-26.810336 ;-20.406121 ;
9.200000 ;-26.803138 ;-20.405499 ;
9.300000 ;-26.816254 ;-20.406635 ;
9.400000 ;-26.817483 ;-20.406740 ;
9.500000 ;-26.807311 ;-20.405855 ;
9.600000 ;-26.809796 ;-20.406066 ;
9.700000 ;-26.812639 ;-20.406307 ;
9.800000 ;-26.814032 ;-20.406411 ;
9.900000 ;-26.824092 ;-20.412605 ;
10.000000 ;-26.854656 ;-20.445030 ;
10.100000 ;-26.868932 ;-20.489792 ;
10.200000 ;-26.868835 ;-20.535013 ;
10.300000 ;-26.820348 ;-20.568800 ;
10.400000 ;-26.743506 ;-20.587897 ;
10.500000 ;-26.643648 ;-20.590193 ;
10.600000 ;-26.529653 ;-20.574956 ;
10.700000 ;-26.400769 ;-20.543212 ;
10.800000 ;-26.252971 ;-20.496352 ;
10.900000 ;-26.093766 ;-20.436037 ;
11.000000 ;-25.941830 ;-20.364212 ;
11.100000 ;-25.799385 ;-20.282841 ;
11.200000 ;-25.646100 ;-20.192466 ;
11.300000 ;-25.485950 ;-20.094914 ;
11.400000 ;-25.343539 ;-19.993460 ;
11.500000 ;-25.207106 ;-19.888502 ;
11.600000 ;-25.063542 ;-19.780224 ;
11.700000 ;-24.923821 ;-19.670499 ;
11.800000 ;-24.804928 ;-19.561496 ;
11.900000 ;-24.686155 ;-19.452461 ;
12.000000 ;-24.559129 ;-19.343463 ;
12.100000 ;-24.439636 ;-19.236221 ;
12.200000 ;-24.347500 ;-19.132611 ;
12.300000 ;-24.252317 ;-19.030859 ;
12.400000 ;-24.140782 ;-18.930360 ;
12.500000 ;-24.036319 ;-18.832989 ;
12.600000 ;-23.967568 ;-18.740882 ;
12.700000 ;-23.892026 ;-18.651274 ;
12.800000 ;-23.796549 ;-18.563393 ;
12.900000 ;-23.716739 ;-18.479671 ;
13.000000 ;-23.661127 ;-18.400678 ;
13.100000 ;-23.593205 ;-18.324023 ;
13.200000 ;-23.519348 ;-18.250102 ;
13.300000 ;-23.467213 ;-18.180654 ;
13.400000 ;-23.414914 ;-18.114216 ;
13.500000 ;-23.354941 ;-18.050252 ;
13.600000 ;-23.304002 ;-17.989735 ;
13.700000 ;-23.263708 ;-17.932674 ;
13.800000 ;-23.216777 ;-17.877915 ;
13.900000 ;-23.165305 ;-17.825497 ;
14.000000 ;-23.128974 ;-17.776526 ;
14.100000 ;-23.101332 ;-17.730503 ;
14.200000 ;-23.060401 ;-17.686015 ;
14.300000 ;-23.010870 ;-17.643249 ;
14.400000 ;-22.982880 ;-17.603910 ;
14.500000 ;-22.969247 ;-17.567462 ;
14.600000 ;-22.934265 ;-17.531712 ;
14.700000 ;-22.885258 ;-17.497005 ;
14.800000 ;-22.866257 ;-17.465838 ;
14.900000 ;-22.854977 ;-17.436811 ;
15.000000 ;-22.822543 ;-17.408165 ;
15.100000 ;-22.790560 ;-17.381080 ;
15.200000 ;-22.780447 ;-17.356718 ;
15.300000 ;-22.761404 ;-17.333222 ;
15.400000 ;-22.734691 ;-17.310599 ;
15.500000 ;-22.721548 ;-17.290001 ;
15.600000 ;-22.708734 ;-17.270602 ;
15.700000 ;-22.687458 ;-17.251840 ;
15.800000 ;-22.668972 ;-17.234299 ;
15.900000 ;-22.663465 ;-17.218498 ;
16.000000 ;-22.651636 ;-17.203291 ;
16.100000 ;-22.628825 ;-17.188363 ;
16.200000 ;-22.612022 ;-17.174627 ;
16.300000 ;-22.616339 ;-17.162883 ;
16.400000 ;-22.609751 ;-17.151288 ;
16.500000 ;-22.582200 ;-17.139238 ;
16.600000 ;-22.561455 ;-17.128251 ;
16.700000 ;-22.572166 ;-17.119665 ;
16.800000 ;-22.568073 ;-17.110857 ;
16.900000 ;-22.540887 ;-17.101334 ;
17.000000 ;-22.532112 ;-17.093381 ;
17.100000 ;-22.537340 ;-17.086716 ;
17.200000 ;-22.526292 ;-17.079626 ;
17.300000 ;-22.512918 ;-17.072860 ;
17.400000 ;-22.514726 ;-17.067368 ;
17.500000 ;-22.509728 ;-17.061900 ;
17.600000 ;-22.498099 ;-17.056444 ;
17.700000 ;-22.496719 ;-17.051915 ;
17.800000 ;-22.497130 ;-17.047823 ;
17.900000 ;-22.488188 ;-17.043531 ;
18.000000 ;-22.477054 ;-17.039417 ;
18.100000 ;-22.482147 ;-17.036482 ;
18.200000 ;-22.486863 ;-17.033790 ;
18.300000 ;-22.474406 ;-17.030401 ;
18.400000 ;-22.456189 ;-17.026929 ;
18.500000 ;-22.464739 ;-17.025154 ;
18.600000 ;-22.477814 ;-17.023833 ;
18.700000 ;-22.463377 ;-17.021193 ;
18.800000 ;-22.439548 ;-17.018222 ;
18.900000 ;-22.451530 ;-17.017393 ;
19.000000 ;-22.459111 ;-17.016481 ;
19.100000 ;-22.444825 ;-17.014518 ;
19.200000 ;-22.441184 ;-17.013284 ;
19.300000 ;-22.448571 ;-17.012789 ;
19.400000 ;-22.444378 ;-17.011782 ;
19.500000 ;-22.438881 ;-17.010820 ;
19.600000 ;-22.444134 ;-17.010559 ;
19.700000 ;-22.443749 ;-17.010090 ;
19.800000 ;-22.436725 ;-17.009352 ;
19.900000 ;-22.438024 ;-17.009162 ;
20.000000 ;-22.445727 ;-17.009406 ;
20.100000 ;-22.442565 ;-17.009132 ;
20.200000 ;-22.430683 ;-17.008452 ;
20.300000 ;-22.432574 ;-17.008597 ;
20.400000 ;-22.450016 ;-17.009656 ;
20.500000 ;-22.447860 ;-17.009700 ;
20.600000 ;-22.425463 ;-17.008691 ;
20.700000 ;-22.422514 ;-17.008799 ;
20.800000 ;-22.444351 ;-17.010312 ;
20.900000 ;-22.442043 ;-17.010544 ;
21.000000 ;-22.421291 ;-17.009807 ;
21.100000 ;-22.429651 ;-17.010706 ;
21.200000 ;-22.438289 ;-17.011652 ;
21.300000 ;-22.431131 ;-17.011764 ;
21.400000 ;-22.431640 ;-17.012327 ;
21.500000 ;-22.438033 ;-17.013239 ;
21.600000 ;-22.435812 ;-17.013704 ;
21.700000 ;-22.432769 ;-17.014146 ;
21.800000 ;-22.439822 ;-17.015163 ;
21.900000 ;-22.442132 ;-17.015939 ;
22.000000 ;-22.435841 ;-17.016260 ;
22.100000 ;-22.433845 ;-17.016832 ;
22.200000 ;-22.447862 ;-17.018296 ;
22.300000 ;-22.452308 ;-17.019248 ;
22.400000 ;-22.438451 ;-17.019207 ;
22.500000 ;-22.427158 ;-17.019318 ;
22.600000 ;-22.448261 ;-17.021213 ;
22.700000 ;-22.460174 ;-17.022610 ;
22.800000 ;-22.440732 ;-17.022298 ;
22.900000 ;-22.425383 ;-17.022218 ;
23.000000 ;-22.446148 ;-17.024120 ;
23.100000 ;-22.450154 ;-17.025106 ;
23.200000 ;-22.437266 ;-17.025169 ;
23.300000 ;-22.444462 ;-17.026338 ;
23.400000 ;-22.450476 ;-17.027443 ;
23.500000 ;-22.446336 ;-17.027992 ;
23.600000 ;-22.448747 ;-17.028901 ;
23.700000 ;-22.454653 ;-17.030002 ;
23.800000 ;-22.453034 ;-17.030690 ;
23.900000 ;-22.449353 ;-17.031263 ;
24.000000 ;-22.457732 ;-17.032497 ;
24.100000 ;-22.464443 ;-17.033638 ;
24.200000 ;-22.458286 ;-17.034069 ;
24.300000 ;-22.448647 ;-17.034308 ;
24.400000 ;-22.461358 ;-17.035770 ;
24.500000 ;-22.478881 ;-17.037492 ;
24.600000 ;-22.469331 ;-17.037727 ;
24.700000 ;-22.444926 ;-17.037144 ;
24.800000 ;-22.455443 ;-17.038474 ;
24.900000 ;-22.476474 ;-17.040374 ;
25.000000 ;-22.466460 ;-17.040566 ;
25.100000 ;-22.450653 ;-17.040438 ;
25.200000 ;-22.466144 ;-17.042025 ;
25.300000 ;-22.470055 ;-17.042969 ;
25.400000 ;-22.463719 ;-17.043345 ;
25.500000 ;-22.470478 ;-17.044438 ;
25.600000 ;-22.474311 ;-17.045364 ;
25.700000 ;-22.471041 ;-17.045894 ;
25.800000 ;-22.473624 ;-17.046742 ;
25.900000 ;-22.480756 ;-17.047834 ;
26.000000 ;-22.479885 ;-17.048481 ;
26.100000 ;-22.473536 ;-17.048822 ;
26.200000 ;-22.479208 ;-17.049818 ;
26.300000 ;-22.494514 ;-17.051338 ;
26.400000 ;-22.492728 ;-17.051914 ;
26.500000 ;-22.474637 ;-17.051589 ;
26.600000 ;-22.471951 ;-17.052106 ;
26.700000 ;-22.499270 ;-17.054263 ;
26.800000 ;-22.502856 ;-17.055112 ;
26.900000 ;-22.476052 ;-17.054289 ;
27.000000 ;-22.473975 ;-17.054820 ;
27.100000 ;-22.494156 ;-17.056567 ;
27.200000 ;-22.491018 ;-17.057025 ;
27.300000 ;-22.483117 ;-17.057218 ;
27.400000 ;-22.493605 ;-17.058418 ;
27.500000 ;-22.495448 ;-17.059136 ;
27.600000 ;-22.492285 ;-17.059573 ;
27.700000 ;-22.498526 ;-17.060524 ;
27.800000 ;-22.501698 ;-17.061301 ;
27.900000 ;-22.498199 ;-17.061705 ;
28.000000 ;-22.498867 ;-17.062334 ;
28.100000 ;-22.509657 ;-17.063515 ;
28.200000 ;-22.511980 ;-17.064225 ;
28.300000 ;-22.502051 ;-17.064256 ;
28.400000 ;-22.496541 ;-17.064526 ;
28.500000 ;-22.518184 ;-17.066284 ;
28.600000 ;-22.530158 ;-17.067504 ;
28.700000 ;-22.510654 ;-17.066992 ;
28.800000 ;-22.487966 ;-17.066301 ;
28.900000 ;-22.511105 ;-17.068125 ;
29.000000 ;-22.525483 ;-17.069460 ;
29.100000 ;-22.507353 ;-17.069003 ;
29.200000 ;-22.503608 ;-17.069336 ;
29.300000 ;-22.517486 ;-17.070635 ;
29.400000 ;-22.516098 ;-17.071087 ;
29.500000 ;-22.514584 ;-17.071528 ;
29.600000 ;-22.521642 ;-17.072438 ;
29.700000 ;-22.522080 ;-17.072979 ;
29.800000 ;-22.519479 ;-17.073349 ;
29.900000 ;-22.525915 ;-17.074213 ;
30.000000 ;-22.530418 ;-17.074966 ;
30.100000 ;-22.526267 ;-17.075239 ;
30.200000 ;-22.521681 ;-17.075483 ;
30.300000 ;-22.534865 ;-17.076704 ;
30.400000 ;-22.546971 ;-17.077860 ;
30.500000 ;-22.537216 ;-17.077810 ;
30.600000 ;-22.517109 ;-17.077186 ;
30.700000 ;-22.527373 ;-17.078232 ;
30.800000 ;-22.554518 ;-17.080199 ;
30.900000 ;-22.546022 ;-17.080204 ;
31.000000 ;-22.515776 ;-17.079011 ;
31.100000 ;-22.528683 ;-17.080191 ;
31.200000 ;-22.543310 ;-17.081460 ;
31.300000 ;-22.534187 ;-17.081415 ;
31.400000 ;-22.535390 ;-17.081939 ;
31.500000 ;-22.543310 ;-17.082830 ;
31.600000 ;-22.541710 ;-17.083192 ;
31.700000 ;-22.542399 ;-17.083678 ;
31.800000 ;-22.548371 ;-17.084453 ;
31.900000 ;-22.548381 ;-17.084895 ;
32.000000 ;-22.544615 ;-17.085125 ;
32.100000 ;-22.550690 ;-17.085897 ;
32.200000 ;-22.560172 ;-17.086853 ;
32.300000 ;-22.557093 ;-17.087113 ;
32.400000 ;-22.545050 ;-17.086876 ;
32.500000 ;-22.548089 ;-17.087469 ;
32.600000 ;-22.574084 ;-17.089322 ;
32.700000 ;-22.576119 ;-17.089853 ;
32.800000 ;-22.547404 ;-17.088689 ;
32.900000 ;-22.535326 ;-17.088441 ;
33.000000 ;-22.565046 ;-17.090491 ;
33.100000 ;-22.568632 ;-17.091096 ;
33.200000 ;-22.546449 ;-17.090280 ;
33.300000 ;-22.555240 ;-17.091171 ;
33.400000 ;-22.564183 ;-17.092068 ;
33.500000 ;-22.559651 ;-17.092217 ;
33.600000 ;-22.563562 ;-17.092831 ;
33.700000 ;-22.568257 ;-17.093486 ;
33.800000 ;-22.566212 ;-17.093766 ;
33.900000 ;-22.566798 ;-17.094189 ;
34.000000 ;-22.573984 ;-17.094975 ;
34.100000 ;-22.574921 ;-17.095413 ;
34.200000 ;-22.568714 ;-17.095454 ;
34.300000 ;-22.568956 ;-17.095849 ;
34.400000 ;-22.586902 ;-17.097219 ;
34.500000 ;-22.592330 ;-17.097896 ;
34.600000 ;-22.574795 ;-17.097305 ;
34.700000 ;-22.557664 ;-17.096734 ;
34.800000 ;-22.581974 ;-17.098446 ;
34.900000 ;-22.602014 ;-17.099918 ;
35.000000 ;-22.580183 ;-17.099082 ;
35.100000 ;-22.555802 ;-17.098108 ;
35.200000 ;-22.578949 ;-17.099751 ;
35.300000 ;-22.585086 ;-17.100451 ;
35.400000 ;-22.574367 ;-17.100218 ;
35.500000 ;-22.582496 ;-17.101027 ;
35.600000 ;-22.586576 ;-17.101609 ;
35.700000 ;-22.583657 ;-17.101802 ;
35.800000 ;-22.588003 ;-17.102396 ;
35.900000 ;-22.591912 ;-17.102964 ;
36.000000 ;-22.589396 ;-17.103174 ;
36.100000 ;-22.587623 ;-17.103424 ;
36.200000 ;-22.597811 ;-17.104333 ;
36.300000 ;-22.603447 ;-17.104989 ;
36.400000 ;-22.595183 ;-17.104875 ;
36.500000 ;-22.584042 ;-17.104600 ;
36.600000 ;-22.599014 ;-17.105766 ;
36.700000 ;-22.622463 ;-17.107396 ;
36.800000 ;-22.611543 ;-17.107129 ;
36.900000 ;-22.577864 ;-17.105608 ;
37.000000 ;-22.584517 ;-17.106311 ;
37.100000 ;-22.611543 ;-17.108133 ;
37.200000 ;-22.602540 ;-17.107964 ;
37.300000 ;-22.585191 ;-17.107335 ;
37.400000 ;-22.600546 ;-17.108512 ;
37.500000 ;-22.603594 ;-17.109006 ;
37.600000 ;-22.599920 ;-17.109127 ;
37.700000 ;-22.606377 ;-17.109807 ;
37.800000 ;-22.608105 ;-17.110224 ;
37.900000 ;-22.605252 ;-17.110385 ;
38.000000 ;-22.609637 ;-17.110946 ;
38.100000 ;-22.615210 ;-17.111572 ;
38.200000 ;-22.612592 ;-17.111742 ;
38.300000 ;-22.606270 ;-17.111705 ;
38.400000 ;-22.614444 ;-17.112470 ;
38.500000 ;-22.631800 ;-17.113740 ;
38.600000 ;-22.628226 ;-17.113852 ;
38.700000 ;-22.605148 ;-17.112885 ;
38.800000 ;-22.598697 ;-17.112837 ;
38.900000 ;-22.631763 ;-17.114967 ;
39.000000 ;-22.638427 ;-17.115637 ;
39.100000 ;-22.605882 ;-17.114144 ;
39.200000 ;-22.600065 ;-17.114129 ;
39.300000 ;-22.621835 ;-17.115634 ;
39.400000 ;-22.618982 ;-17.115774 ;
39.500000 ;-22.614011 ;-17.115796 ;
39.600000 ;-22.622804 ;-17.116581 ;
39.700000 ;-22.623130 ;-17.116894 ;
39.800000 ;-22.621794 ;-17.117112 ;
39.900000 ;-22.619736 ;-17.116992 ;
40.000000 ;-22.620164 ;-17.116950 ;
40.100000 ;-22.636607 ;-17.119293 ;
40.200000 ;-22.682379 ;-17.127568 ;
40.300000 ;-22.772430 ;-17.145630 ;
40.400000 ;-22.876136 ;-17.172460 ;
40.500000 ;-23.009256 ;-17.209893 ;
40.600000 ;-23.174167 ;-17.258306 ;
40.700000 ;-23.340145 ;-17.315064 ;
40.800000 ;-23.510374 ;-17.379877 ;
40.900000 ;-23.692928 ;-17.452764 ;
41.000000 ;-23.871417 ;-17.531761 ;
41.100000 ;-24.042568 ;-17.615870 ;
41.200000 ;-24.217917 ;-17.705269 ;
41.300000 ;-24.399199 ;-17.799405 ;
41.400000 ;-24.566142 ;-17.896080 ;
41.500000 ;-24.716102 ;-17.994457 ;
41.600000 ;-24.867872 ;-18.095344 ;
41.700000 ;-25.046240 ;-18.200060 ;
41.800000 ;-25.207643 ;-18.304849 ;
41.900000 ;-25.326532 ;-18.407322 ;
42.000000 ;-25.434907 ;-18.509428 ;
42.100000 ;-25.593614 ;-18.615338 ;
42.200000 ;-25.741186 ;-18.720058 ;
42.300000 ;-25.843400 ;-18.820592 ;
42.400000 ;-25.953180 ;-18.920691 ;
42.500000 ;-26.083334 ;-19.021054 ;
42.600000 ;-26.191349 ;-19.118086 ;
42.700000 ;-26.292629 ;-19.212741 ;
42.800000 ;-26.399434 ;-19.305758 ;
42.900000 ;-26.494491 ;-19.395544 ;
43.000000 ;-26.581015 ;-19.482164 ;
43.100000 ;-26.672911 ;-19.566570 ;
43.200000 ;-26.758958 ;-19.647703 ;
43.300000 ;-26.830460 ;-19.724724 ;
43.400000 ;-26.895607 ;-19.798197 ;
43.500000 ;-26.976457 ;-19.869862 ;
43.600000 ;-27.056352 ;-19.938280 ;
43.700000 ;-27.106375 ;-20.000981 ;
43.800000 ;-27.135265 ;-20.058677 ;
43.900000 ;-27.189277 ;-20.115257 ;
44.000000 ;-27.271852 ;-20.171053 ;
44.100000 ;-27.313739 ;-20.220199 ;
44.200000 ;-27.316519 ;-20.262874 ;
44.300000 ;-27.356716 ;-20.305693 ;
44.400000 ;-27.411727 ;-20.346799 ;
44.500000 ;-27.435375 ;-20.382309 ;
44.600000 ;-27.457715 ;-20.414914 ;
44.700000 ;-27.492515 ;-20.445910 ;
44.800000 ;-27.514237 ;-20.473200 ;
44.900000 ;-27.530928 ;-20.497601 ;
45.000000 ;-27.554793 ;-20.520295 ;
45.100000 ;-27.571579 ;-20.540169 ;
45.200000 ;-27.579200 ;-20.557168 ;
45.300000 ;-27.590944 ;-20.572575 ;
45.400000 ;-27.613205 ;-20.587072 ;
45.500000 ;-27.623068 ;-20.598786 ;
45.600000 ;-27.615411 ;-20.607390 ;
45.700000 ;-27.609510 ;-20.614685 ;
45.800000 ;-27.637731 ;-20.623617 ;
45.900000 ;-27.659900 ;-20.630783 ;
46.000000 ;-27.639396 ;-20.633082 ;
46.100000 ;-27.603299 ;-20.632986 ;
46.200000 ;-27.622492 ;-20.636799 ;
46.300000 ;-27.644899 ;-20.640053 ;
46.400000 ;-27.625588 ;-20.638899 ;
46.500000 ;-27.609491 ;-20.637355 ;
46.600000 ;-27.622572 ;-20.637768 ;
46.700000 ;-27.619290 ;-20.636222 ;
46.800000 ;-27.610225 ;-20.633712 ;
46.900000 ;-27.612636 ;-20.631811 ;
47.000000 ;-27.608647 ;-20.629010 ;
47.100000 ;-27.598594 ;-20.625393 ;
47.200000 ;-27.597047 ;-20.622284 ;
47.300000 ;-27.597783 ;-20.619181 ;
47.400000 ;-27.588259 ;-20.615030 ;
47.500000 ;-27.572627 ;-20.610231 ;
47.600000 ;-27.572024 ;-20.606665 ;
47.700000 ;-27.586681 ;-20.604382 ;
47.800000 ;-27.578864 ;-20.600114 ;
47.900000 ;-27.545162 ;-20.593588 ;
48.000000 ;-27.522991 ;-20.588093 ;
48.100000 ;-27.550979 ;-20.587016 ;
48.200000 ;-27.558528 ;-20.584219 ;
48.300000 ;-27.518398 ;-20.577343 ;
48.400000 ;-27.492755 ;-20.571817 ;
48.500000 ;-27.511834 ;-20.570285 ;
48.600000 ;-27.506153 ;-20.566705 ;
48.700000 ;-27.487664 ;-20.562126 ;
48.800000 ;-27.490590 ;-20.559534 ;
48.900000 ;-27.485995 ;-20.556415 ;
49.000000 ;-27.474705 ;-20.552845 ;
49.100000 ;-27.472762 ;-20.550223 ;
49.200000 ;-27.469390 ;-20.547614 ;
49.300000 ;-27.458348 ;-20.544475 ;
49.400000 ;-27.448340 ;-20.541565 ;
49.500000 ;-27.453376 ;-20.540100 ;
49.600000 ;-27.453696 ;-20.538362 ;
49.700000 ;-27.436647 ;-20.535250 ;
49.800000 ;-27.414106 ;-20.531794 ;
49.900000 ;-27.421001 ;-20.531026 ;
50.000000 ;-27.445117 ;-20.531881 ;
50.100000 ;-27.430210 ;-20.529475 ;
50.200000 ;-27.382361 ;-20.524331 ;
50.300000 ;-27.373673 ;-20.522702 ;
50.400000 ;-27.401435 ;-20.524349 ;
50.500000 ;-27.390593 ;-20.522760 ;
50.600000 ;-27.360317 ;-20.519593 ;
50.700000 ;-27.369528 ;-20.519950 ;
50.800000 ;-27.369323 ;-20.519589 ;
50.900000 ;-27.357740 ;-20.518334 ;
51.000000 ;-27.357946 ;-20.518192 ;
51.100000 ;-27.355344 ;-20.517891 ;
51.200000 ;-27.345918 ;-20.517080 ;
51.300000 ;-27.342031 ;-20.516827 ;
51.400000 ;-27.344359 ;-20.517186 ;
51.500000 ;-27.338304 ;-20.516887 ;
51.600000 ;-27.324126 ;-20.515949 ;
51.700000 ;-27.318780 ;-20.515839 ;
51.800000 ;-27.336307 ;-20.517770 ;
51.900000 ;-27.338167 ;-20.518397 ;
52.000000 ;-27.310048 ;-20.516477 ;
52.100000 ;-27.279733 ;-20.514412 ;
52.200000 ;-27.301334 ;-20.516891 ;
52.300000 ;-27.324436 ;-20.519541 ;
52.400000 ;-27.295933 ;-20.517760 ;
52.500000 ;-27.256939 ;-20.515105 ;
52.600000 ;-27.277342 ;-20.517625 ;
52.700000 ;-27.281981 ;-20.518807 ;
52.800000 ;-27.265403 ;-20.518178 ;
52.900000 ;-27.268495 ;-20.519277 ;
53.000000 ;-27.268843 ;-20.520159 ;
53.100000 ;-27.260820 ;-20.520334 ;
53.200000 ;-27.260041 ;-20.521153 ;
53.300000 ;-27.260527 ;-20.522097 ;
53.400000 ;-27.253646 ;-20.522414 ;
53.500000 ;-27.245266 ;-20.522613 ;
53.600000 ;-27.251066 ;-20.524049 ;
53.700000 ;-27.256973 ;-20.525501 ;
53.800000 ;-27.245868 ;-20.525485 ;
53.900000 ;-27.224855 ;-20.524613 ;
54.000000 ;-27.223506 ;-20.525448 ;
54.100000 ;-27.233903 ;-20.527301 ;
54.200000 ;-27.227076 ;-20.527663 ;
54.300000 ;-27.214771 ;-20.527547 ;
54.400000 ;-27.220267 ;-20.528972 ;
54.500000 ;-27.219693 ;-20.529867 ;
54.600000 ;-27.210323 ;-20.529994 ;
54.700000 ;-27.209988 ;-20.530899 ;
54.800000 ;-27.214402 ;-20.532209 ;
54.900000 ;-27.208398 ;-20.532608 ;
55.000000 ;-27.196438 ;-20.532483 ;
55.100000 ;-27.200512 ;-20.533738 ;
55.200000 ;-27.212539 ;-20.535674 ;
55.300000 ;-27.204504 ;-20.535860 ;
55.400000 ;-27.180813 ;-20.534678 ;
55.500000 ;-27.179412 ;-20.535416 ;
55.600000 ;-27.204030 ;-20.538399 ;
55.700000 ;-27.199589 ;-20.538851 ;
55.800000 ;-27.166666 ;-20.536823 ;
55.900000 ;-27.165879 ;-20.537566 ;
56.000000 ;-27.183864 ;-20.539922 ;
56.100000 ;-27.174857 ;-20.539926 ;
56.200000 ;-27.160656 ;-20.539466 ;
56.300000 ;-27.170207 ;-20.541050 ;
56.400000 ;-27.169613 ;-20.541740 ;
56.500000 ;-27.160698 ;-20.541695 ;
56.600000 ;-27.164066 ;-20.542700 ;
56.700000 ;-27.165929 ;-20.543559 ;
56.800000 ;-27.158593 ;-20.543607 ;
56.900000 ;-27.153371 ;-20.543823 ;
57.000000 ;-27.162301 ;-20.545251 ;
57.100000 ;-27.163965 ;-20.546035 ;
57.200000 ;-27.150594 ;-20.545500 ;
57.300000 ;-27.138649 ;-20.545073 ;
57.400000 ;-27.156352 ;-20.547203 ;
57.500000 ;-27.169121 ;-20.548891 ;
57.600000 ;-27.148748 ;-20.547691 ;
57.700000 ;-27.119417 ;-20.545699 ;
57.800000 ;-27.137119 ;-20.547770 ;
57.900000 ;-27.154006 ;-20.549756 ;
58.000000 ;-27.134302 ;-20.548557 ;
58.100000 ;-27.118513 ;-20.547683 ;
58.200000 ;-27.133858 ;-20.549493 ;
58.300000 ;-27.132998 ;-20.549883 ;
58.400000 ;-27.123005 ;-20.549468 ;
58.500000 ;-27.128963 ;-20.550422 ;
58.600000 ;-27.129825 ;-20.550921 ;
58.700000 ;-27.122672 ;-20.550710 ;
58.800000 ;-27.123492 ;-20.551178 ;
58.900000 ;-27.129033 ;-20.552043 ;
59.000000 ;-27.124783 ;-20.552045 ;
59.100000 ;-27.114187 ;-20.551484 ;
59.200000 ;-27.118175 ;-20.552175 ;
59.300000 ;-27.133672 ;-20.553853 ;
59.400000 ;-27.129086 ;-20.553776 ;
59.500000 ;-27.104879 ;-20.551985 ;
59.600000 ;-27.097526 ;-20.551644 ;
59.700000 ;-27.126866 ;-20.554473 ;
59.800000 ;-27.130398 ;-20.555054 ;
59.900000 ;-27.097124 ;-20.552433 ;
60.000000 ;-27.088150 ;-20.551906 ;
60.100000 ;-27.110223 ;-20.554060 ;
60.200000 ;-27.106227 ;-20.553943 ;
60.300000 ;-27.091878 ;-20.552918 ;
60.400000 ;-27.101503 ;-20.553961 ;
60.500000 ;-27.102655 ;-20.554258 ;
60.600000 ;-27.095626 ;-20.553836 ;
60.700000 ;-27.099308 ;-20.554333 ;
60.800000 ;-27.101923 ;-20.554727 ;
60.900000 ;-27.096050 ;-20.554376 ;
61.000000 ;-27.091508 ;-20.554130 ;
61.100000 ;-27.101245 ;-20.555115 ;
61.200000 ;-27.104909 ;-20.555563 ;
61.300000 ;-27.092873 ;-20.554640 ;
61.400000 ;-27.079363 ;-20.553581 ;
61.500000 ;-27.095996 ;-20.555128 ;
61.600000 ;-27.115381 ;-20.556907 ;
61.700000 ;-27.098782 ;-20.555556 ;
61.800000 ;-27.063913 ;-20.552612 ;
61.900000 ;-27.075262 ;-20.553668 ;
62.000000 ;-27.099512 ;-20.555836 ;
62.100000 ;-27.084961 ;-20.554633 ;
62.200000 ;-27.063898 ;-20.552857 ;
62.300000 ;-27.079917 ;-20.554290 ;
62.400000 ;-27.081987 ;-20.554504 ;
62.500000 ;-27.073333 ;-20.553782 ;
62.600000 ;-27.078985 ;-20.554294 ;
62.700000 ;-27.080672 ;-20.554455 ;
62.800000 ;-27.074813 ;-20.553955 ;
62.900000 ;-27.075748 ;-20.554038 ;
63.000000 ;-27.081864 ;-20.554564 ;
63.100000 ;-27.078845 ;-20.554292 ;
63.200000 ;-27.068870 ;-20.553410 ;
63.300000 ;-27.071378 ;-20.553605 ;
63.400000 ;-27.089550 ;-20.555155 ;
63.500000 ;-27.088642 ;-20.555043 ;
63.600000 ;-27.064199 ;-20.552884 ;
63.700000 ;-27.049474 ;-20.551563 ;
63.800000 ;-27.080211 ;-20.554180 ;
63.900000 ;-27.092648 ;-20.555206 ;
64.000000 ;-27.060976 ;-20.552402 ;
64.100000 ;-27.041050 ;-20.550612 ;
64.200000 ;-27.065942 ;-20.552703 ;
64.300000 ;-27.067061 ;-20.552727 ;
64.400000 ;-27.052463 ;-20.551385 ;
64.500000 ;-27.061205 ;-20.552061 ;
64.600000 ;-27.063716 ;-20.552193 ;
64.700000 ;-27.057816 ;-20.551591 ;
64.800000 ;-27.061131 ;-20.551784 ;
64.900000 ;-27.064257 ;-20.551957 ;
65.000000 ;-27.059411 ;-20.551434 ;
65.100000 ;-27.054767 ;-20.550925 ;
65.200000 ;-27.064474 ;-20.551658 ;
65.300000 ;-27.070031 ;-20.552027 ;
65.400000 ;-27.059387 ;-20.550987 ;
65.500000 ;-27.044114 ;-20.549542 ;
65.600000 ;-27.057093 ;-20.550544 ;
65.700000 ;-27.082663 ;-20.552637 ;
65.800000 ;-27.071587 ;-20.551548 ;
65.900000 ;-27.032746 ;-20.548048 ;
66.000000 ;-27.033553 ;-20.547982 ;
66.100000 ;-27.064076 ;-20.550491 ;
66.200000 ;-27.056233 ;-20.549671 ;
66.300000 ;-27.030747 ;-20.547319 ;
66.400000 ;-27.045291 ;-20.548435 ;
66.500000 ;-27.050137 ;-20.548706 ;
66.600000 ;-27.042414 ;-20.547885 ;
66.700000 ;-27.047257 ;-20.548151 ;
66.800000 ;-27.049681 ;-20.548204 ;
66.900000 ;-27.044710 ;-20.547614 ;
67.000000 ;-27.045047 ;-20.547482 ;
67.100000 ;-27.051554 ;-20.547883 ;
67.200000 ;-27.049746 ;-20.547561 ;
67.300000 ;-27.040190 ;-20.546564 ;
67.400000 ;-27.040210 ;-20.546396 ;
67.500000 ;-27.060065 ;-20.547948 ;
67.600000 ;-27.063430 ;-20.548067 ;
67.700000 ;-27.039946 ;-20.545855 ;
67.800000 ;-27.018323 ;-20.543802 ;
67.900000 ;-27.045979 ;-20.546022 ;
68.000000 ;-27.067699 ;-20.547726 ;
68.100000 ;-27.040482 ;-20.545187 ;
68.200000 ;-27.009319 ;-20.542304 ;
68.300000 ;-27.034376 ;-20.544292 ;
68.400000 ;-27.040937 ;-20.544675 ;
68.500000 ;-27.026579 ;-20.543243 ;
68.600000 ;-27.033513 ;-20.543656 ;
68.700000 ;-27.037370 ;-20.543800 ;
68.800000 ;-27.032289 ;-20.543167 ;
68.900000 ;-27.034778 ;-20.543190 ;
69.000000 ;-27.038434 ;-20.543313 ;
69.100000 ;-27.034535 ;-20.542779 ;
69.200000 ;-27.029453 ;-20.542141 ;
69.300000 ;-27.038315 ;-20.542713 ;
69.400000 ;-27.045801 ;-20.543164 ;
69.500000 ;-27.036998 ;-20.542200 ;
69.600000 ;-27.020386 ;-20.540558 ;
69.700000 ;-27.027694 ;-20.540990 ;
69.800000 ;-27.058063 ;-20.543423 ;
69.900000 ;-27.054221 ;-20.542888 ;
70.000000 ;-27.014191 ;-20.539214 ;
70.100000 ;-27.001692 ;-20.537925 ;
70.200000 ;-27.036400 ;-20.540729 ;
70.300000 ;-27.036644 ;-20.540545 ;
70.400000 ;-27.008741 ;-20.537921 ;
70.500000 ;-27.019385 ;-20.538638 ;
70.600000 ;-27.027047 ;-20.539094 ;
70.700000 ;-27.020300 ;-20.538300 ;
70.800000 ;-27.023872 ;-20.538401 ;
70.900000 ;-27.027105 ;-20.538471 ;
71.000000 ;-27.022933 ;-20.537898 ;
71.100000 ;-27.022211 ;-20.537624 ;
71.200000 ;-27.028966 ;-20.537999 ;
71.300000 ;-27.028510 ;-20.537747 ;
71.400000 ;-27.019492 ;-20.536752 ;
71.500000 ;-27.016653 ;-20.536292 ;
71.600000 ;-27.036712 ;-20.537820 ;
71.700000 ;-27.044717 ;-20.538301 ;
71.800000 ;-27.023712 ;-20.536265 ;
71.900000 ;-26.996783 ;-20.533715 ;
72.000000 ;-27.017281 ;-20.535278 ;
72.100000 ;-27.047420 ;-20.537677 ;
72.200000 ;-27.027403 ;-20.535730 ;
72.300000 ;-26.988124 ;-20.532112 ;
72.400000 ;-27.008633 ;-20.533675 ;
72.500000 ;-27.020799 ;-20.534514 ;
72.600000 ;-27.007665 ;-20.533160 ;
72.700000 ;-27.011797 ;-20.533303 ;
72.800000 ;-27.017077 ;-20.533545 ;
72.900000 ;-27.012839 ;-20.532961 ;
73.000000 ;-27.014134 ;-20.532856 ;
73.100000 ;-27.018352 ;-20.533006 ;
73.200000 ;-27.015480 ;-20.532539 ;
73.300000 ;-27.009945 ;-20.531842 ;
73.400000 ;-27.017183 ;-20.532253 ;
73.500000 ;-27.026498 ;-20.532845 ;
73.600000 ;-27.020049 ;-20.532068 ;
73.700000 ;-27.002869 ;-20.530361 ;
73.800000 ;-27.002317 ;-20.530096 ;
73.900000 ;-27.015682 ;-20.531039 ;
74.000000 ;-27.012947 ;-20.530585 ;
74.100000 ;-27.002339 ;-20.529448 ;
74.200000 ;-27.009770 ;-20.529876 ;
74.300000 ;-27.013018 ;-20.529942 ;
74.400000 ;-27.006285 ;-20.529141 ;
74.500000 ;-27.006584 ;-20.528951 ;
74.600000 ;-27.014387 ;-20.529412 ;
74.700000 ;-27.012199 ;-20.529006 ;
74.800000 ;-27.002111 ;-20.527915 ;
74.900000 ;-27.005648 ;-20.528006 ;
75.000000 ;-27.020803 ;-20.529105 ;
75.100000 ;-27.017585 ;-20.528611 ;
75.200000 ;-26.996912 ;-20.526602 ;
75.300000 ;-26.994081 ;-20.526142 ;
75.400000 ;-27.019747 ;-20.528153 ;
75.500000 ;-27.020185 ;-20.527977 ;
75.600000 ;-26.991754 ;-20.525298 ;
75.700000 ;-26.990018 ;-20.524934 ;
75.800000 ;-27.009782 ;-20.526434 ;
75.900000 ;-27.004456 ;-20.525759 ;
76.000000 ;-26.990954 ;-20.524375 ;
76.100000 ;-27.001903 ;-20.525111 ;
76.200000 ;-27.004240 ;-20.525101 ;
76.300000 ;-26.996700 ;-20.524234 ;
76.400000 ;-27.000672 ;-20.524366 ;
76.500000 ;-27.005406 ;-20.524564 ;
76.600000 ;-27.000406 ;-20.523918 ;
76.700000 ;-26.995077 ;-20.523243 ;
76.800000 ;-27.005022 ;-20.523895 ;
76.900000 ;-27.010187 ;-20.524131 ;
77.000000 ;-26.999623 ;-20.523004 ;
77.100000 ;-26.987395 ;-20.521732 ;
77.200000 ;-27.003504 ;-20.522919 ;
77.300000 ;-27.019584 ;-20.524104 ;
77.400000 ;-27.004033 ;-20.522546 ;
77.500000 ;-26.976238 ;-20.519926 ;
77.600000 ;-26.991514 ;-20.521042 ;
77.700000 ;-27.010510 ;-20.522481 ;
77.800000 ;-26.994970 ;-20.520926 ;
77.900000 ;-26.978806 ;-20.519317 ;
78.000000 ;-26.994988 ;-20.520513 ;
78.100000 ;-26.996629 ;-20.520448 ;
78.200000 ;-26.987195 ;-20.519423 ;
78.300000 ;-26.993618 ;-20.519773 ;
78.400000 ;-26.996777 ;-20.519841 ;
78.500000 ;-26.990908 ;-20.519125 ;
78.600000 ;-26.991146 ;-20.518940 ;
78.700000 ;-26.998720 ;-20.519392 ;
78.800000 ;-26.997003 ;-20.519038 ;
78.900000 ;-26.987118 ;-20.517975 ;
79.000000 ;-26.989042 ;-20.517938 ;
79.100000 ;-27.006257 ;-20.519227 ;
79.200000 ;-27.005699 ;-20.518976 ;
79.300000 ;-26.983828 ;-20.516876 ;
79.400000 ;-26.973675 ;-20.515792 ;
79.500000 ;-27.001916 ;-20.518039 ;
79.600000 ;-27.009489 ;-20.518495 ;
79.700000 ;-26.980544 ;-20.515785 ;
79.800000 ;-26.969022 ;-20.514586 ;
79.900000 ;-26.981210 ;-20.515442 ;
80.000000 ;-26.984351 ;-20.515513 ;
