0.000000 ;-27.500000 ;-20.600000 ;
0.100000 ;-26.739728 ;-20.483484 ;
0.200000 ;-26.349366 ;-20.429989 ;
0.300000 ;-26.176481 ;-20.415437 ;
0.400000 ;-26.100039 ;-20.420715 ;
0.500000 ;-26.079074 ;-20.437935 ;
0.600000 ;-26.085595 ;-20.461546 ;
0.700000 ;-26.099034 ;-20.487452 ;
0.800000 ;-26.120561 ;-20.514908 ;
0.900000 ;-26.142449 ;-20.542180 ;
1.000000 ;-26.158336 ;-20.567892 ;
1.100000 ;-26.173340 ;-20.592520 ;
1.200000 ;-26.188509 ;-20.616056 ;
1.300000 ;-26.200845 ;-20.637932 ;
1.400000 ;-26.208019 ;-20.657710 ;
1.500000 ;-26.213712 ;-20.675969 ;
1.600000 ;-26.219907 ;-20.693073 ;
1.700000 ;-26.226802 ;-20.709102 ;
1.800000 ;-26.232808 ;-20.723851 ;
1.900000 ;-26.234347 ;-20.736823 ;
2.000000 ;-26.229930 ;-20.747951 ;
2.100000 ;-26.225850 ;-20.758151 ;
2.200000 ;-26.226419 ;-20.768054 ;
2.300000 ;-26.232838 ;-20.777885 ;
2.400000 ;-26.243198 ;-20.787462 ;
2.500000 ;-26.252480 ;-20.796198 ;
2.600000 ;-26.252576 ;-20.803097 ;
2.700000 ;-26.243323 ;-20.808218 ;
2.800000 ;-26.236557 ;-20.813090 ;
2.900000 ;-26.237016 ;-20.818322 ;
3.000000 ;-26.243162 ;-20.823770 ;
3.100000 ;-26.247176 ;-20.828542 ;
3.200000 ;-26.241985 ;-20.831832 ;
3.300000 ;-26.236808 ;-20.834768 ;
3.400000 ;-26.235501 ;-20.837836 ;
3.500000 ;-26.238075 ;-20.841065 ;
3.600000 ;-26.240909 ;-20.844053 ;
3.700000 ;-26.237940 ;-20.846114 ;
3.800000 ;-26.231908 ;-20.847592 ;
3.900000 ;-26.228341 ;-20.849154 ;
4.000000 ;-26.229480 ;-20.851080 ;
4.100000 ;-26.234387 ;-20.853278 ;
4.200000 ;-26.238939 ;-20.855282 ;
4.300000 ;-26.235875 ;-20.856258 ;
4.400000 ;-26.223950 ;-20.856076 ;
4.500000 ;-26.214352 ;-20.856052 ;
4.600000 ;-26.213981 ;-20.857002 ;
4.700000 ;-26.223653 ;-20.859029 ;
4.800000 ;-26.238102 ;-20.861529 ;
4.900000 ;-26.245982 ;-20.863189 ;
5.000000 ;-26.233517 ;-20.862412 ;
5.100000 ;-26.213283 ;-20.860673 ;
5.200000 ;-26.204067 ;-20.860164 ;
5.300000 ;-26.212563 ;-20.861669 ;
5.400000 ;-26.233283 ;-20.864554 ;
5.500000 ;-26.248561 ;-20.866766 ;
5.600000 ;-26.237282 ;-20.865852 ;
5.700000 ;-26.221868 ;-20.864428 ;
5.800000 ;-26.216823 ;-20.864186 ;
5.900000 ;-26.223638 ;-20.865302 ;
6.000000 ;-26.233088 ;-20.866704 ;
6.100000 ;-26.229150 ;-20.866530 ;
6.200000 ;-26.221743 ;-20.865938 ;
6.300000 ;-26.218833 ;-20.865855 ;
6.400000 ;-26.221152 ;-20.866370 ;
6.500000 ;-26.224587 ;-20.867005 ;
6.600000 ;-26.222010 ;-20.866932 ;
6.700000 ;-26.217192 ;-20.866593 ;
6.800000 ;-26.214874 ;-20.866539 ;
6.900000 ;-26.216443 ;-20.866931 ;
7.000000 ;-26.220379 ;-20.867596 ;
7.100000 ;-26.222256 ;-20.868018 ;
7.200000 ;-26.216780 ;-20.867583 ;
7.300000 ;-26.208977 ;-20.866877 ;
7.400000 ;-26.205462 ;-20.866667 ;
7.500000 ;-26.208797 ;-20.867254 ;
7.600000 ;-26.217477 ;-20.868460 ;
7.700000 ;-26.225928 ;-20.869640 ;
7.800000 ;-26.224476 ;-20.869670 ;
7.900000 ;-26.208118 ;-20.867967 ;
8.000000 ;-26.193061 ;-20.866418 ;
8.100000 ;-26.191200 ;-20.866403 ;
8.200000 ;-26.204821 ;-20.868189 ;
8.300000 ;-26.226605 ;-20.870924 ;
8.400000 ;-26.239625 ;-20.872639 ;
8.500000 ;-26.225409 ;-20.871188 ;
8.600000 ;-26.205694 ;-20.869100 ;
8.700000 ;-26.199023 ;-20.868531 ;
8.800000 ;-26.209288 ;-20.869934 ;
8.900000 ;-26.226769 ;-20.872177 ;
9.000000 ;-26.228629 ;-20.872601 ;
9.100000 ;-26.217030 ;-20.871460 ;
9.200000 ;-26.210470 ;-20.870905 ;
9.300000 ;-26.212090 ;-20.871303 ;
9.400000 ;-26.217718 ;-20.872168 ;
9.500000 ;-26.217056 ;-20.872301 ;
9.600000 ;-26.214092 ;-20.872167 ;
9.700000 ;-26.212795 ;-20.872227 ;
9.800000 ;-26.212557 ;-20.872409 ;
9.900000 ;-26.242677 ;-20.885736 ;
10.000000 ;-26.226440 ;-20.885162 ;
10.100000 ;-26.250590 ;-20.909178 ;
10.200000 ;-26.300149 ;-20.950137 ;
10.300000 ;-26.317358 ;-20.978226 ;
10.400000 ;-26.300677 ;-20.987541 ;
10.500000 ;-26.256862 ;-20.977775 ;
10.600000 ;-26.190631 ;-20.948851 ;
10.700000 ;-26.104071 ;-20.900244 ;
10.800000 ;-26.003778 ;-20.833798 ;
10.900000 ;-25.893524 ;-20.752975 ;
11.000000 ;-25.775762 ;-20.660397 ;
11.100000 ;-25.653535 ;-20.557932 ;
11.200000 ;-25.530454 ;-20.446696 ;
11.300000 ;-25.408317 ;-20.328454 ;
11.400000 ;-25.287575 ;-20.205715 ;
11.500000 ;-25.169199 ;-20.080272 ;
11.600000 ;-25.053917 ;-19.953482 ;
11.700000 ;-24.942215 ;-19.826270 ;
11.800000 ;-24.834244 ;-19.699121 ;
11.900000 ;-24.727100 ;-19.572498 ;
12.000000 ;-24.623496 ;-19.447769 ;
12.100000 ;-24.527247 ;-19.326103 ;
12.200000 ;-24.439832 ;-19.208200 ;
12.300000 ;-24.360394 ;-19.094291 ;
12.400000 ;-24.285743 ;-18.984141 ;
12.500000 ;-24.210352 ;-18.877046 ;
12.600000 ;-24.130255 ;-18.772605 ;
12.700000 ;-24.053881 ;-18.672246 ;
12.800000 ;-23.986704 ;-18.576605 ;
12.900000 ;-23.928748 ;-18.485690 ;
13.000000 ;-23.874674 ;-18.398911 ;
13.100000 ;-23.815828 ;-18.315307 ;
13.200000 ;-23.757338 ;-18.235376 ;
13.300000 ;-23.704784 ;-18.159545 ;
13.400000 ;-23.659225 ;-18.087814 ;
13.500000 ;-23.618034 ;-18.019854 ;
13.600000 ;-23.575022 ;-17.955030 ;
13.700000 ;-23.528808 ;-17.893137 ;
13.800000 ;-23.485899 ;-17.834565 ;
13.900000 ;-23.449748 ;-17.779449 ;
14.000000 ;-23.420226 ;-17.727661 ;
14.100000 ;-23.393621 ;-17.678811 ;
14.200000 ;-23.362648 ;-17.632246 ;
14.300000 ;-23.323425 ;-17.587608 ;
14.400000 ;-23.286370 ;-17.545491 ;
14.500000 ;-23.258979 ;-17.506273 ;
14.600000 ;-23.242498 ;-17.469926 ;
14.700000 ;-23.231921 ;-17.436020 ;
14.800000 ;-23.215996 ;-17.403723 ;
14.900000 ;-23.183285 ;-17.372208 ;
15.000000 ;-23.148221 ;-17.342313 ;
15.100000 ;-23.124608 ;-17.314794 ;
15.200000 ;-23.115778 ;-17.289767 ;
15.300000 ;-23.114722 ;-17.266719 ;
15.400000 ;-23.104097 ;-17.244508 ;
15.500000 ;-23.076605 ;-17.222617 ;
15.600000 ;-23.052715 ;-17.202217 ;
15.700000 ;-23.039100 ;-17.183637 ;
15.800000 ;-23.033784 ;-17.166691 ;
15.900000 ;-23.026169 ;-17.150684 ;
16.000000 ;-23.008244 ;-17.135080 ;
16.100000 ;-22.991913 ;-17.120531 ;
16.200000 ;-22.981021 ;-17.107208 ;
16.300000 ;-22.974770 ;-17.095013 ;
16.400000 ;-22.967847 ;-17.083585 ;
16.500000 ;-22.954981 ;-17.072570 ;
16.600000 ;-22.942158 ;-17.062276 ;
16.700000 ;-22.933198 ;-17.052882 ;
16.800000 ;-22.928684 ;-17.044384 ;
16.900000 ;-22.926031 ;-17.036594 ;
17.000000 ;-22.919505 ;-17.029145 ;
17.100000 ;-22.906079 ;-17.021830 ;
17.200000 ;-22.893465 ;-17.015062 ;
17.300000 ;-22.887103 ;-17.009127 ;
17.400000 ;-22.887931 ;-17.004050 ;
17.500000 ;-22.892372 ;-16.999599 ;
17.600000 ;-22.892346 ;-16.995283 ;
17.700000 ;-22.878301 ;-16.990528 ;
17.800000 ;-22.859911 ;-16.985869 ;
17.900000 ;-22.850604 ;-16.982058 ;
18.000000 ;-22.854880 ;-16.979335 ;
18.100000 ;-22.868229 ;-16.977422 ;
18.200000 ;-22.877134 ;-16.975521 ;
18.300000 ;-22.864709 ;-16.972646 ;
18.400000 ;-22.847199 ;-16.969716 ;
18.500000 ;-22.839711 ;-16.967583 ;
18.600000 ;-22.845183 ;-16.966403 ;
18.700000 ;-22.855623 ;-16.965704 ;
18.800000 ;-22.853194 ;-16.964448 ;
18.900000 ;-22.842499 ;-16.962888 ;
19.000000 ;-22.836456 ;-16.961754 ;
19.100000 ;-22.837284 ;-16.961163 ;
19.200000 ;-22.840984 ;-16.960876 ;
19.300000 ;-22.838482 ;-16.960364 ;
19.400000 ;-22.832633 ;-16.959781 ;
19.500000 ;-22.829392 ;-16.959461 ;
19.600000 ;-22.830214 ;-16.959478 ;
19.700000 ;-22.833213 ;-16.959718 ;
19.800000 ;-22.833192 ;-16.959877 ;
19.900000 ;-22.827648 ;-16.959804 ;
20.000000 ;-22.822652 ;-16.959841 ;
20.100000 ;-22.822034 ;-16.960201 ;
20.200000 ;-22.826245 ;-16.960906 ;
20.300000 ;-22.832356 ;-16.961782 ;
20.400000 ;-22.834058 ;-16.962463 ;
20.500000 ;-22.824984 ;-16.962579 ;
20.600000 ;-22.814182 ;-16.962645 ;
20.700000 ;-22.811225 ;-16.963206 ;
20.800000 ;-22.818985 ;-16.964425 ;
20.900000 ;-22.833635 ;-16.966076 ;
21.000000 ;-22.844646 ;-16.967554 ;
21.100000 ;-22.837115 ;-16.967998 ;
21.200000 ;-22.820302 ;-16.967936 ;
21.300000 ;-22.812546 ;-16.968421 ;
21.400000 ;-22.820341 ;-16.969824 ;
21.500000 ;-22.838393 ;-16.971840 ;
21.600000 ;-22.849616 ;-16.973481 ;
21.700000 ;-22.839328 ;-16.973901 ;
21.800000 ;-22.829698 ;-16.974374 ;
21.900000 ;-22.829356 ;-16.975394 ;
22.000000 ;-22.837181 ;-16.976895 ;
22.100000 ;-22.843045 ;-16.978293 ;
22.200000 ;-22.838459 ;-16.979099 ;
22.300000 ;-22.834808 ;-16.979965 ;
22.400000 ;-22.835613 ;-16.981094 ;
22.500000 ;-22.840012 ;-16.982433 ;
22.600000 ;-22.842950 ;-16.983692 ;
22.700000 ;-22.840304 ;-16.984632 ;
22.800000 ;-22.837680 ;-16.985575 ;
22.900000 ;-22.838339 ;-16.986707 ;
23.000000 ;-22.842635 ;-16.988048 ;
23.100000 ;-22.848021 ;-16.989451 ;
23.200000 ;-22.849059 ;-16.990602 ;
23.300000 ;-22.842916 ;-16.991337 ;
23.400000 ;-22.837414 ;-16.992105 ;
23.500000 ;-22.838121 ;-16.993228 ;
23.600000 ;-22.846033 ;-16.994762 ;
23.700000 ;-22.857573 ;-16.996501 ;
23.800000 ;-22.864588 ;-16.997974 ;
23.900000 ;-22.856364 ;-16.998562 ;
24.000000 ;-22.841356 ;-16.998751 ;
24.100000 ;-22.835495 ;-16.999463 ;
24.200000 ;-22.844794 ;-17.001046 ;
24.300000 ;-22.865045 ;-17.003257 ;
24.400000 ;-22.881810 ;-17.005260 ;
24.500000 ;-22.874801 ;-17.005879 ;
24.600000 ;-22.859830 ;-17.006029 ;
24.700000 ;-22.854964 ;-17.006756 ;
24.800000 ;-22.863952 ;-17.008279 ;
24.900000 ;-22.878392 ;-17.010110 ;
25.000000 ;-22.879173 ;-17.011142 ;
25.100000 ;-22.872077 ;-17.011711 ;
25.200000 ;-22.869678 ;-17.012543 ;
25.300000 ;-22.873564 ;-17.013731 ;
25.400000 ;-22.879253 ;-17.015015 ;
25.500000 ;-22.878500 ;-17.015918 ;
25.600000 ;-22.875891 ;-17.016706 ;
25.700000 ;-22.875969 ;-17.017641 ;
25.800000 ;-22.879535 ;-17.018770 ;
25.900000 ;-22.884349 ;-17.019963 ;
26.000000 ;-22.885285 ;-17.020924 ;
26.100000 ;-22.881608 ;-17.021609 ;
26.200000 ;-22.879183 ;-17.022358 ;
26.300000 ;-22.881233 ;-17.023359 ;
26.400000 ;-22.887754 ;-17.024612 ;
26.500000 ;-22.895505 ;-17.025927 ;
26.600000 ;-22.898010 ;-17.026931 ;
26.700000 ;-22.888967 ;-17.027256 ;
26.800000 ;-22.878713 ;-17.027502 ;
26.900000 ;-22.877375 ;-17.028260 ;
27.000000 ;-22.887836 ;-17.029695 ;
27.100000 ;-22.905725 ;-17.031555 ;
27.200000 ;-22.919425 ;-17.033165 ;
27.300000 ;-22.912385 ;-17.033560 ;
27.400000 ;-22.894515 ;-17.033316 ;
27.500000 ;-22.886651 ;-17.033648 ;
27.600000 ;-22.896171 ;-17.034986 ;
27.700000 ;-22.917023 ;-17.036978 ;
27.800000 ;-22.929721 ;-17.038488 ;
27.900000 ;-22.919191 ;-17.038637 ;
28.000000 ;-22.910401 ;-17.038881 ;
28.100000 ;-22.911269 ;-17.039679 ;
28.200000 ;-22.919672 ;-17.040910 ;
28.300000 ;-22.924129 ;-17.041905 ;
28.400000 ;-22.920096 ;-17.042400 ;
28.500000 ;-22.917982 ;-17.042999 ;
28.600000 ;-22.920086 ;-17.043838 ;
28.700000 ;-22.924780 ;-17.044821 ;
28.800000 ;-22.926613 ;-17.045632 ;
28.900000 ;-22.924248 ;-17.046192 ;
29.000000 ;-22.922839 ;-17.046802 ;
29.100000 ;-22.924784 ;-17.047602 ;
29.200000 ;-22.929803 ;-17.048575 ;
29.300000 ;-22.934941 ;-17.049549 ;
29.400000 ;-22.934603 ;-17.050198 ;
29.500000 ;-22.927856 ;-17.050468 ;
29.600000 ;-22.923073 ;-17.050847 ;
29.700000 ;-22.925247 ;-17.051627 ;
29.800000 ;-22.934730 ;-17.052828 ;
29.900000 ;-22.947235 ;-17.054200 ;
30.000000 ;-22.953828 ;-17.055222 ;
30.100000 ;-22.943426 ;-17.055246 ;
30.200000 ;-22.926741 ;-17.054896 ;
30.300000 ;-22.921098 ;-17.055188 ;
30.400000 ;-22.932577 ;-17.056478 ;
30.500000 ;-22.955799 ;-17.058451 ;
30.600000 ;-22.973928 ;-17.060122 ;
30.700000 ;-22.964864 ;-17.060195 ;
30.800000 ;-22.948874 ;-17.059857 ;
30.900000 ;-22.944534 ;-17.060196 ;
31.000000 ;-22.954691 ;-17.061381 ;
31.100000 ;-22.968879 ;-17.062798 ;
31.200000 ;-22.967106 ;-17.063276 ;
31.300000 ;-22.960542 ;-17.063470 ;
31.400000 ;-22.959252 ;-17.063968 ;
31.500000 ;-22.963557 ;-17.064788 ;
31.600000 ;-22.967847 ;-17.065604 ;
31.700000 ;-22.965921 ;-17.066053 ;
31.800000 ;-22.963982 ;-17.066497 ;
31.900000 ;-22.964977 ;-17.067109 ;
32.000000 ;-22.968896 ;-17.067888 ;
32.100000 ;-22.972912 ;-17.068669 ;
32.200000 ;-22.972099 ;-17.069164 ;
32.300000 ;-22.968217 ;-17.069476 ;
32.400000 ;-22.966642 ;-17.069919 ;
32.500000 ;-22.969764 ;-17.070634 ;
32.600000 ;-22.976860 ;-17.071577 ;
32.700000 ;-22.984095 ;-17.072526 ;
32.800000 ;-22.984418 ;-17.073066 ;
32.900000 ;-22.972953 ;-17.072912 ;
33.000000 ;-22.962411 ;-17.072808 ;
33.100000 ;-22.962558 ;-17.073328 ;
33.200000 ;-22.975418 ;-17.074592 ;
33.300000 ;-22.995267 ;-17.076264 ;
33.400000 ;-23.008636 ;-17.077552 ;
33.500000 ;-22.998189 ;-17.077437 ;
33.600000 ;-22.978449 ;-17.076771 ;
33.700000 ;-22.971223 ;-17.076839 ;
33.800000 ;-22.983122 ;-17.078030 ;
33.900000 ;-23.005791 ;-17.079853 ;
34.000000 ;-23.015907 ;-17.080934 ;
34.100000 ;-23.003495 ;-17.080687 ;
34.200000 ;-22.995446 ;-17.080692 ;
34.300000 ;-22.997488 ;-17.081288 ;
34.400000 ;-23.005604 ;-17.082238 ;
34.500000 ;-23.006899 ;-17.082786 ;
34.600000 ;-23.002971 ;-17.083024 ;
34.700000 ;-23.001782 ;-17.083420 ;
34.800000 ;-23.004487 ;-17.084042 ;
34.900000 ;-23.008521 ;-17.084739 ;
35.000000 ;-23.008447 ;-17.085193 ;
35.100000 ;-23.005948 ;-17.085502 ;
35.200000 ;-23.005276 ;-17.085916 ;
35.300000 ;-23.007965 ;-17.086525 ;
35.400000 ;-23.013030 ;-17.087271 ;
35.500000 ;-23.016977 ;-17.087949 ;
35.600000 ;-23.014089 ;-17.088224 ;
35.700000 ;-23.006528 ;-17.088220 ;
35.800000 ;-23.002669 ;-17.088433 ;
35.900000 ;-23.006532 ;-17.089097 ;
36.000000 ;-23.017446 ;-17.090174 ;
36.100000 ;-23.030049 ;-17.091349 ;
36.200000 ;-23.034290 ;-17.092029 ;
36.300000 ;-23.019830 ;-17.091604 ;
36.400000 ;-23.002058 ;-17.090980 ;
36.500000 ;-22.998252 ;-17.091179 ;
36.600000 ;-23.013190 ;-17.092484 ;
36.700000 ;-23.039118 ;-17.094436 ;
36.800000 ;-23.055756 ;-17.095838 ;
36.900000 ;-23.042135 ;-17.095449 ;
37.000000 ;-23.025849 ;-17.094901 ;
37.100000 ;-23.023387 ;-17.095166 ;
37.200000 ;-23.035281 ;-17.096277 ;
37.300000 ;-23.047757 ;-17.097422 ;
37.400000 ;-23.042531 ;-17.097520 ;
37.500000 ;-23.036666 ;-17.097579 ;
37.600000 ;-23.036567 ;-17.097975 ;
37.700000 ;-23.041011 ;-17.098636 ;
37.800000 ;-23.043022 ;-17.099153 ;
37.900000 ;-23.040496 ;-17.099401 ;
38.000000 ;-23.039182 ;-17.099718 ;
38.100000 ;-23.040909 ;-17.100213 ;
38.200000 ;-23.044845 ;-17.100836 ;
38.300000 ;-23.047493 ;-17.101381 ;
38.400000 ;-23.044857 ;-17.101613 ;
38.500000 ;-23.041031 ;-17.101774 ;
38.600000 ;-23.040498 ;-17.102126 ;
38.700000 ;-23.044720 ;-17.102758 ;
38.800000 ;-23.052135 ;-17.103575 ;
38.900000 ;-23.058161 ;-17.104310 ;
39.000000 ;-23.054872 ;-17.104493 ;
39.100000 ;-23.041158 ;-17.104057 ;
39.200000 ;-23.031528 ;-17.103861 ;
39.300000 ;-23.034477 ;-17.104408 ;
39.400000 ;-23.050383 ;-17.105720 ;
39.500000 ;-23.071509 ;-17.107339 ;
39.600000 ;-23.082001 ;-17.108328 ;
39.700000 ;-23.068990 ;-17.107678 ;
39.800000 ;-23.056921 ;-17.106627 ;
39.900000 ;-23.060523 ;-17.107330 ;
40.000000 ;-23.081966 ;-17.112038 ;
40.100000 ;-23.123434 ;-17.124338 ;
40.200000 ;-23.198326 ;-17.147835 ;
40.300000 ;-23.279516 ;-17.179808 ;
40.400000 ;-23.368616 ;-17.221028 ;
40.500000 ;-23.492706 ;-17.275323 ;
40.600000 ;-23.630420 ;-17.339761 ;
40.700000 ;-23.769772 ;-17.412128 ;
40.800000 ;-23.910608 ;-17.491777 ;
40.900000 ;-24.055194 ;-17.578473 ;
41.000000 ;-24.199365 ;-17.670887 ;
41.100000 ;-24.340894 ;-17.767789 ;
41.200000 ;-24.479119 ;-17.868373 ;
41.300000 ;-24.614859 ;-17.972254 ;
41.400000 ;-24.749956 ;-18.079310 ;
41.500000 ;-24.883077 ;-18.188631 ;
41.600000 ;-25.011568 ;-18.299169 ;
41.700000 ;-25.134064 ;-18.410161 ;
41.800000 ;-25.250517 ;-18.521119 ;
41.900000 ;-25.362196 ;-18.631835 ;
42.000000 ;-25.471690 ;-18.742375 ;
42.100000 ;-25.582583 ;-18.852957 ;
42.200000 ;-25.692623 ;-18.962696 ;
42.300000 ;-25.795399 ;-19.070549 ;
42.400000 ;-25.888486 ;-19.175979 ;
42.500000 ;-25.973800 ;-19.278928 ;
42.600000 ;-26.057603 ;-19.379815 ;
42.700000 ;-26.146804 ;-19.479134 ;
42.800000 ;-26.233833 ;-19.575886 ;
42.900000 ;-26.311941 ;-19.669216 ;
43.000000 ;-26.379532 ;-19.758811 ;
43.100000 ;-26.440014 ;-19.844880 ;
43.200000 ;-26.501805 ;-19.928156 ;
43.300000 ;-26.570688 ;-20.009125 ;
43.400000 ;-26.635974 ;-20.086633 ;
43.500000 ;-26.690102 ;-20.159864 ;
43.600000 ;-26.731834 ;-20.228662 ;
43.700000 ;-26.766259 ;-20.293528 ;
43.800000 ;-26.804792 ;-20.355622 ;
43.900000 ;-26.854419 ;-20.415687 ;
44.000000 ;-26.900573 ;-20.472267 ;
44.100000 ;-26.934101 ;-20.524452 ;
44.200000 ;-26.954006 ;-20.572198 ;
44.300000 ;-26.967437 ;-20.616332 ;
44.400000 ;-26.989527 ;-20.658529 ;
44.500000 ;-27.021763 ;-20.699056 ;
44.600000 ;-27.048345 ;-20.736326 ;
44.700000 ;-27.063170 ;-20.769781 ;
44.800000 ;-27.067889 ;-20.799708 ;
44.900000 ;-27.071897 ;-20.827243 ;
45.000000 ;-27.087298 ;-20.853823 ;
45.100000 ;-27.103542 ;-20.878416 ;
45.200000 ;-27.112672 ;-20.900256 ;
45.300000 ;-27.113278 ;-20.919300 ;
45.400000 ;-27.109682 ;-20.936143 ;
45.500000 ;-27.111688 ;-20.951988 ;
45.600000 ;-27.119950 ;-20.967021 ;
45.700000 ;-27.125141 ;-20.980300 ;
45.800000 ;-27.123344 ;-20.991485 ;
45.900000 ;-27.115328 ;-21.000760 ;
46.000000 ;-27.106556 ;-21.008836 ;
46.100000 ;-27.106141 ;-21.016835 ;
46.200000 ;-27.111079 ;-21.024506 ;
46.300000 ;-27.111899 ;-21.030847 ;
46.400000 ;-27.104523 ;-21.035468 ;
46.500000 ;-27.090241 ;-21.038587 ;
46.600000 ;-27.075707 ;-21.041034 ;
46.700000 ;-27.072261 ;-21.044174 ;
46.800000 ;-27.077904 ;-21.047844 ;
46.900000 ;-27.079263 ;-21.050552 ;
47.000000 ;-27.070030 ;-21.051618 ;
47.100000 ;-27.051345 ;-21.051221 ;
47.200000 ;-27.031802 ;-21.050401 ;
47.300000 ;-27.026574 ;-21.050956 ;
47.400000 ;-27.032119 ;-21.052518 ;
47.500000 ;-27.032693 ;-21.053288 ;
47.600000 ;-27.022196 ;-21.052586 ;
47.700000 ;-27.003036 ;-21.050720 ;
47.800000 ;-26.986129 ;-21.048989 ;
47.900000 ;-26.985030 ;-21.048997 ;
48.000000 ;-26.986831 ;-21.049261 ;
48.100000 ;-26.982163 ;-21.048703 ;
48.200000 ;-26.969393 ;-21.047150 ;
48.300000 ;-26.953633 ;-21.045215 ;
48.400000 ;-26.946237 ;-21.044238 ;
48.500000 ;-26.946098 ;-21.044105 ;
48.600000 ;-26.943316 ;-21.043664 ;
48.700000 ;-26.934428 ;-21.042521 ;
48.800000 ;-26.920870 ;-21.040850 ;
48.900000 ;-26.908972 ;-21.039400 ;
49.000000 ;-26.906606 ;-21.039101 ;
49.100000 ;-26.906863 ;-21.039147 ;
49.200000 ;-26.902645 ;-21.038709 ;
49.300000 ;-26.891784 ;-21.037537 ;
49.400000 ;-26.876853 ;-21.035936 ;
49.500000 ;-26.865169 ;-21.034764 ;
49.600000 ;-26.865394 ;-21.035039 ;
49.700000 ;-26.869306 ;-21.035799 ;
49.800000 ;-26.867015 ;-21.035883 ;
49.900000 ;-26.855170 ;-21.034898 ;
50.000000 ;-26.836897 ;-21.033210 ;
50.100000 ;-26.821810 ;-21.031946 ;
50.200000 ;-26.822842 ;-21.032623 ;
50.300000 ;-26.830312 ;-21.034105 ;
50.400000 ;-26.830495 ;-21.034779 ;
50.500000 ;-26.818771 ;-21.034102 ;
50.600000 ;-26.799244 ;-21.032554 ;
50.700000 ;-26.784744 ;-21.031637 ;
50.800000 ;-26.788231 ;-21.032870 ;
50.900000 ;-26.793561 ;-21.034358 ;
51.000000 ;-26.790811 ;-21.034935 ;
51.100000 ;-26.778665 ;-21.034444 ;
51.200000 ;-26.763809 ;-21.033666 ;
51.300000 ;-26.759844 ;-21.034196 ;
51.400000 ;-26.762950 ;-21.035584 ;
51.500000 ;-26.762423 ;-21.036571 ;
51.600000 ;-26.755226 ;-21.036798 ;
51.700000 ;-26.743827 ;-21.036554 ;
51.800000 ;-26.736198 ;-21.036772 ;
51.900000 ;-26.737534 ;-21.038060 ;
52.000000 ;-26.738729 ;-21.039347 ;
52.100000 ;-26.734874 ;-21.040054 ;
52.200000 ;-26.725485 ;-21.040123 ;
52.300000 ;-26.714502 ;-21.040014 ;
52.400000 ;-26.710163 ;-21.040694 ;
52.500000 ;-26.714390 ;-21.042387 ;
52.600000 ;-26.717228 ;-21.043922 ;
52.700000 ;-26.712954 ;-21.044624 ;
52.800000 ;-26.701240 ;-21.044454 ;
52.900000 ;-26.687147 ;-21.044005 ;
53.000000 ;-26.681129 ;-21.044502 ;
53.100000 ;-26.688868 ;-21.046614 ;
53.200000 ;-26.696341 ;-21.048692 ;
53.300000 ;-26.694023 ;-21.049614 ;
53.400000 ;-26.680467 ;-21.049210 ;
53.500000 ;-26.662306 ;-21.048258 ;
53.600000 ;-26.654250 ;-21.048484 ;
53.700000 ;-26.663379 ;-21.050720 ;
53.800000 ;-26.671146 ;-21.052787 ;
53.900000 ;-26.668412 ;-21.053610 ;
54.000000 ;-26.655175 ;-21.053188 ;
54.100000 ;-26.640555 ;-21.052590 ;
54.200000 ;-26.640497 ;-21.053690 ;
54.300000 ;-26.647002 ;-21.055547 ;
54.400000 ;-26.648375 ;-21.056788 ;
54.500000 ;-26.641881 ;-21.057089 ;
54.600000 ;-26.631393 ;-21.056906 ;
54.700000 ;-26.627254 ;-21.057453 ;
54.800000 ;-26.630973 ;-21.058908 ;
54.900000 ;-26.632854 ;-21.060130 ;
55.000000 ;-26.629268 ;-21.060693 ;
55.100000 ;-26.621096 ;-21.060700 ;
55.200000 ;-26.613733 ;-21.060785 ;
55.300000 ;-26.614926 ;-21.061858 ;
55.400000 ;-26.619526 ;-21.063314 ;
55.500000 ;-26.620243 ;-21.064296 ;
55.600000 ;-26.614481 ;-21.064498 ;
55.700000 ;-26.604166 ;-21.064146 ;
55.800000 ;-26.595753 ;-21.063999 ;
55.900000 ;-26.598641 ;-21.065163 ;
56.000000 ;-26.607674 ;-21.067032 ;
56.100000 ;-26.611409 ;-21.068260 ;
56.200000 ;-26.605032 ;-21.068280 ;
56.300000 ;-26.590529 ;-21.067326 ;
56.400000 ;-26.576687 ;-21.066431 ;
56.500000 ;-26.578083 ;-21.067309 ;
56.600000 ;-26.590636 ;-21.069482 ;
56.700000 ;-26.597585 ;-21.070979 ;
56.800000 ;-26.591885 ;-21.070970 ;
56.900000 ;-26.576021 ;-21.069747 ;
57.000000 ;-26.562012 ;-21.068725 ;
57.100000 ;-26.566574 ;-21.069867 ;
57.200000 ;-26.576149 ;-21.071583 ;
57.300000 ;-26.578466 ;-21.072428 ;
57.400000 ;-26.571127 ;-21.072120 ;
57.500000 ;-26.559894 ;-21.071337 ;
57.600000 ;-26.558055 ;-21.071641 ;
57.700000 ;-26.563766 ;-21.072817 ;
57.800000 ;-26.566357 ;-21.073610 ;
57.900000 ;-26.562815 ;-21.073664 ;
58.000000 ;-26.555246 ;-21.073229 ;
58.100000 ;-26.550868 ;-21.073153 ;
58.200000 ;-26.554640 ;-21.074021 ;
58.300000 ;-26.558354 ;-21.074866 ;
58.400000 ;-26.557383 ;-21.075145 ;
58.500000 ;-26.551174 ;-21.074792 ;
58.600000 ;-26.543236 ;-21.074221 ;
58.700000 ;-26.541101 ;-21.074318 ;
58.800000 ;-26.547903 ;-21.075452 ;
58.900000 ;-26.553969 ;-21.076486 ;
59.000000 ;-26.552986 ;-21.076677 ;
59.100000 ;-26.544041 ;-21.075917 ;
59.200000 ;-26.531623 ;-21.074734 ;
59.300000 ;-26.525622 ;-21.074293 ;
59.400000 ;-26.535126 ;-21.075664 ;
59.500000 ;-26.547095 ;-21.077312 ;
59.600000 ;-26.549486 ;-21.077821 ;
59.700000 ;-26.539103 ;-21.076815 ;
59.800000 ;-26.521572 ;-21.074956 ;
59.900000 ;-26.511333 ;-21.073941 ;
60.000000 ;-26.521466 ;-21.075311 ;
60.100000 ;-26.533155 ;-21.076854 ;
60.200000 ;-26.534723 ;-21.077195 ;
60.300000 ;-26.524683 ;-21.076160 ;
60.400000 ;-26.511289 ;-21.074719 ;
60.500000 ;-26.511238 ;-21.074837 ;
60.600000 ;-26.519325 ;-21.075901 ;
60.700000 ;-26.522921 ;-21.076426 ;
60.800000 ;-26.519072 ;-21.076067 ;
60.900000 ;-26.511169 ;-21.075220 ;
61.000000 ;-26.508818 ;-21.075017 ;
61.100000 ;-26.513615 ;-21.075645 ;
61.200000 ;-26.516726 ;-21.076066 ;
61.300000 ;-26.514861 ;-21.075892 ;
61.400000 ;-26.508811 ;-21.075217 ;
61.500000 ;-26.503453 ;-21.074614 ;
61.600000 ;-26.505958 ;-21.074929 ;
61.700000 ;-26.511930 ;-21.075643 ;
61.800000 ;-26.514263 ;-21.075921 ;
61.900000 ;-26.510238 ;-21.075443 ;
62.000000 ;-26.501444 ;-21.074397 ;
62.100000 ;-26.493780 ;-21.073475 ;
62.200000 ;-26.496773 ;-21.073800 ;
62.300000 ;-26.508115 ;-21.075100 ;
62.400000 ;-26.515054 ;-21.075876 ;
62.500000 ;-26.511290 ;-21.075386 ;
62.600000 ;-26.497753 ;-21.073739 ;
62.700000 ;-26.482594 ;-21.071894 ;
62.800000 ;-26.481065 ;-21.071645 ;
62.900000 ;-26.495586 ;-21.073278 ;
63.000000 ;-26.506783 ;-21.074516 ;
63.100000 ;-26.504856 ;-21.074204 ;
63.200000 ;-26.490508 ;-21.072426 ;
63.300000 ;-26.474944 ;-21.070498 ;
63.400000 ;-26.477515 ;-21.070697 ;
63.500000 ;-26.488629 ;-21.071894 ;
63.600000 ;-26.493396 ;-21.072341 ;
63.700000 ;-26.488490 ;-21.071645 ;
63.800000 ;-26.478828 ;-21.070385 ;
63.900000 ;-26.477183 ;-21.070062 ;
64.000000 ;-26.483208 ;-21.070636 ;
64.100000 ;-26.486542 ;-21.070889 ;
64.200000 ;-26.484326 ;-21.070485 ;
64.300000 ;-26.478377 ;-21.069638 ;
64.400000 ;-26.475194 ;-21.069111 ;
64.500000 ;-26.479382 ;-21.069448 ;
64.600000 ;-26.483601 ;-21.069783 ;
64.700000 ;-26.483501 ;-21.069608 ;
64.800000 ;-26.478457 ;-21.068846 ;
64.900000 ;-26.471554 ;-21.067862 ;
65.000000 ;-26.469590 ;-21.067455 ;
65.100000 ;-26.477045 ;-21.068153 ;
65.200000 ;-26.484748 ;-21.068877 ;
65.300000 ;-26.485552 ;-21.068786 ;
65.400000 ;-26.477781 ;-21.067683 ;
65.500000 ;-26.465224 ;-21.066013 ;
65.600000 ;-26.457136 ;-21.064866 ;
65.700000 ;-26.465380 ;-21.065637 ;
65.800000 ;-26.480452 ;-21.067208 ;
65.900000 ;-26.486950 ;-21.067769 ;
66.000000 ;-26.479139 ;-21.066645 ;
66.100000 ;-26.461048 ;-21.064309 ;
66.200000 ;-26.446468 ;-21.062383 ;
66.300000 ;-26.454016 ;-21.063054 ;
66.400000 ;-26.468192 ;-21.064503 ;
66.500000 ;-26.473296 ;-21.064883 ;
66.600000 ;-26.465810 ;-21.063783 ;
66.700000 ;-26.452604 ;-21.062007 ;
66.800000 ;-26.450533 ;-21.061537 ;
66.900000 ;-26.458778 ;-21.062277 ;
67.000000 ;-26.463372 ;-21.062587 ;
67.100000 ;-26.461038 ;-21.062080 ;
67.200000 ;-26.454511 ;-21.061078 ;
67.300000 ;-26.452465 ;-21.060601 ;
67.400000 ;-26.457118 ;-21.060909 ;
67.500000 ;-26.460416 ;-21.061057 ;
67.600000 ;-26.459263 ;-21.060680 ;
67.700000 ;-26.454230 ;-21.059845 ;
67.800000 ;-26.449554 ;-21.059050 ;
67.900000 ;-26.451962 ;-21.059087 ;
68.000000 ;-26.458345 ;-21.059590 ;
68.100000 ;-26.461561 ;-21.059719 ;
68.200000 ;-26.458547 ;-21.059114 ;
68.300000 ;-26.450366 ;-21.057901 ;
68.400000 ;-26.442205 ;-21.056688 ;
68.500000 ;-26.443286 ;-21.056561 ;
68.600000 ;-26.455740 ;-21.057769 ;
68.700000 ;-26.465802 ;-21.058696 ;
68.800000 ;-26.464887 ;-21.058332 ;
68.900000 ;-26.452192 ;-21.056583 ;
69.000000 ;-26.434705 ;-21.054268 ;
69.100000 ;-26.427197 ;-21.053125 ;
69.200000 ;-26.441173 ;-21.054505 ;
69.300000 ;-26.456480 ;-21.056041 ;
69.400000 ;-26.459120 ;-21.056090 ;
69.500000 ;-26.446886 ;-21.054391 ;
69.600000 ;-26.429216 ;-21.052052 ;
69.700000 ;-26.426825 ;-21.051505 ;
69.800000 ;-26.438530 ;-21.052614 ;
69.900000 ;-26.445403 ;-21.053154 ;
70.000000 ;-26.442792 ;-21.052580 ;
70.100000 ;-26.434291 ;-21.051314 ;
70.200000 ;-26.431654 ;-21.050736 ;
70.300000 ;-26.437304 ;-21.051131 ;
70.400000 ;-26.440924 ;-21.051286 ;
70.500000 ;-26.439600 ;-21.050860 ;
70.600000 ;-26.434662 ;-21.050010 ;
70.700000 ;-26.431679 ;-21.049388 ;
70.800000 ;-26.435521 ;-21.049568 ;
70.900000 ;-26.439856 ;-21.049806 ;
71.000000 ;-26.440358 ;-21.049593 ;
71.100000 ;-26.436125 ;-21.048823 ;
71.200000 ;-26.429651 ;-21.047790 ;
71.300000 ;-26.426828 ;-21.047186 ;
71.400000 ;-26.433821 ;-21.047734 ;
71.500000 ;-26.443009 ;-21.048541 ;
71.600000 ;-26.445885 ;-21.048606 ;
71.700000 ;-26.439534 ;-21.047586 ;
71.800000 ;-26.426633 ;-21.045798 ;
71.900000 ;-26.415458 ;-21.044211 ;
72.000000 ;-26.419322 ;-21.044390 ;
72.100000 ;-26.436556 ;-21.046140 ;
72.200000 ;-26.448211 ;-21.047236 ;
72.300000 ;-26.444594 ;-21.046539 ;
72.400000 ;-26.426917 ;-21.044191 ;
72.500000 ;-26.407300 ;-21.041615 ;
72.600000 ;-26.407930 ;-21.041414 ;
72.700000 ;-26.423774 ;-21.042998 ;
72.800000 ;-26.432964 ;-21.043803 ;
72.900000 ;-26.428995 ;-21.043065 ;
73.000000 ;-26.416396 ;-21.041313 ;
73.100000 ;-26.410726 ;-21.040375 ;
73.200000 ;-26.418602 ;-21.041025 ;
73.300000 ;-26.424050 ;-21.041390 ;
73.400000 ;-26.423191 ;-21.041016 ;
73.500000 ;-26.417796 ;-21.040109 ;
73.600000 ;-26.415277 ;-21.039540 ;
73.700000 ;-26.419422 ;-21.039754 ;
73.800000 ;-26.422813 ;-21.039879 ;
73.900000 ;-26.422320 ;-21.039548 ;
74.000000 ;-26.418099 ;-21.038780 ;
74.100000 ;-26.413599 ;-21.037979 ;
74.200000 ;-26.415085 ;-21.037881 ;
74.300000 ;-26.421596 ;-21.038374 ;
74.400000 ;-26.425824 ;-21.038599 ;
74.500000 ;-26.424055 ;-21.038120 ;
74.600000 ;-26.416559 ;-21.036969 ;
74.700000 ;-26.407587 ;-21.035645 ;
74.800000 ;-26.405374 ;-21.035115 ;
74.900000 ;-26.417261 ;-21.036240 ;
75.000000 ;-26.430859 ;-21.037567 ;
75.100000 ;-26.434194 ;-21.037691 ;
75.200000 ;-26.423758 ;-21.036198 ;
75.300000 ;-26.404507 ;-21.033670 ;
75.400000 ;-26.389863 ;-21.031683 ;
75.500000 ;-26.398444 ;-21.032420 ;
75.600000 ;-26.417393 ;-21.034376 ;
75.700000 ;-26.426198 ;-21.035143 ;
75.800000 ;-26.418190 ;-21.033939 ;
75.900000 ;-26.399587 ;-21.031492 ;
76.000000 ;-26.389503 ;-21.030044 ;
76.100000 ;-26.400617 ;-21.031081 ;
76.200000 ;-26.409663 ;-21.031876 ;
76.300000 ;-26.409821 ;-21.031630 ;
76.400000 ;-26.402805 ;-21.030543 ;
76.500000 ;-26.398504 ;-21.029774 ;
76.600000 ;-26.403482 ;-21.030094 ;
76.700000 ;-26.407407 ;-21.030291 ;
76.800000 ;-26.407029 ;-21.029984 ;
76.900000 ;-26.402985 ;-21.029247 ;
77.000000 ;-26.399759 ;-21.028606 ;
77.100000 ;-26.402793 ;-21.028700 ;
77.200000 ;-26.407240 ;-21.028961 ;
77.300000 ;-26.408508 ;-21.028849 ;
77.400000 ;-26.405214 ;-21.028203 ;
77.500000 ;-26.399106 ;-21.027226 ;
77.600000 ;-26.395065 ;-21.026493 ;
77.700000 ;-26.400263 ;-21.026844 ;
77.800000 ;-26.410783 ;-21.027820 ;
77.900000 ;-26.416420 ;-21.028225 ;
78.000000 ;-26.412467 ;-21.027504 ;
78.100000 ;-26.399989 ;-21.025784 ;
78.200000 ;-26.385824 ;-21.023866 ;
78.300000 ;-26.382582 ;-21.023229 ;
78.400000 ;-26.399116 ;-21.024913 ;
78.500000 ;-26.416569 ;-21.026706 ;
78.600000 ;-26.419573 ;-21.026807 ;
78.700000 ;-26.404933 ;-21.024839 ;
78.800000 ;-26.381627 ;-21.021854 ;
78.900000 ;-26.370806 ;-21.020333 ;
79.000000 ;-26.386124 ;-21.021875 ;
79.100000 ;-26.399724 ;-21.023217 ;
79.200000 ;-26.400679 ;-21.023079 ;
79.300000 ;-26.390084 ;-21.021588 ;
79.400000 ;-26.380646 ;-21.020233 ;
79.500000 ;-26.386725 ;-21.020696 ;
79.600000 ;-26.393025 ;-21.021185 ;
79.700000 ;-26.393822 ;-21.021030 ;
79.800000 ;-26.389655 ;-21.020293 ;
79.900000 ;-26.386348 ;-21.019658 ;
80.000000 ;-26.388048 ;-21.019610 ;
