0.000000 ;-27.500000 ;-20.600000 ;
0.100000 ;-26.336791 ;-20.365212 ;
0.200000 ;-25.658915 ;-20.237778 ;
0.300000 ;-25.292663 ;-20.182771 ;
0.400000 ;-25.101706 ;-20.172473 ;
0.500000 ;-25.009348 ;-20.189638 ;
0.600000 ;-24.981340 ;-20.224779 ;
0.700000 ;-24.980537 ;-20.268906 ;
0.800000 ;-24.996048 ;-20.318055 ;
0.900000 ;-25.022511 ;-20.369795 ;
1.000000 ;-25.048132 ;-20.420937 ;
1.100000 ;-25.070065 ;-20.470162 ;
1.200000 ;-25.091601 ;-20.517656 ;
1.300000 ;-25.112359 ;-20.563034 ;
1.400000 ;-25.128717 ;-20.605354 ;
1.500000 ;-25.140103 ;-20.644331 ;
1.600000 ;-25.149463 ;-20.680625 ;
1.700000 ;-25.158077 ;-20.714595 ;
1.800000 ;-25.166022 ;-20.746316 ;
1.900000 ;-25.172182 ;-20.775582 ;
2.000000 ;-25.174888 ;-20.802066 ;
2.100000 ;-25.175515 ;-20.826207 ;
2.200000 ;-25.175692 ;-20.848482 ;
2.300000 ;-25.176358 ;-20.869213 ;
2.400000 ;-25.177836 ;-20.888584 ;
2.500000 ;-25.179827 ;-20.906641 ;
2.600000 ;-25.181410 ;-20.923295 ;
2.700000 ;-25.181047 ;-20.938316 ;
2.800000 ;-25.175902 ;-20.951580 ;
2.900000 ;-25.167071 ;-20.963524 ;
3.000000 ;-25.158759 ;-20.974514 ;
3.100000 ;-25.153803 ;-20.984821 ;
3.200000 ;-25.153648 ;-20.994615 ;
3.300000 ;-25.158344 ;-21.003972 ;
3.400000 ;-25.166549 ;-21.012871 ;
3.500000 ;-25.175526 ;-21.021191 ;
3.600000 ;-25.181144 ;-21.028718 ;
3.700000 ;-25.177901 ;-21.035141 ;
3.800000 ;-25.169642 ;-21.040900 ;
3.900000 ;-25.163362 ;-21.046238 ;
4.000000 ;-25.159220 ;-21.050927 ;
4.100000 ;-25.156716 ;-21.055027 ;
4.200000 ;-25.154696 ;-21.058888 ;
4.300000 ;-25.152132 ;-21.062881 ;
4.400000 ;-25.149831 ;-21.066609 ;
4.500000 ;-25.147700 ;-21.069919 ;
4.600000 ;-25.145667 ;-21.072821 ;
4.700000 ;-25.143763 ;-21.075453 ;
4.800000 ;-25.142146 ;-21.078080 ;
4.900000 ;-25.140954 ;-21.080735 ;
5.000000 ;-25.139779 ;-21.083179 ;
5.100000 ;-25.138324 ;-21.085265 ;
5.200000 ;-25.136503 ;-21.086963 ;
5.300000 ;-25.134440 ;-21.088357 ;
5.400000 ;-25.132470 ;-21.089646 ;
5.500000 ;-25.131147 ;-21.091142 ;
5.600000 ;-25.132525 ;-21.093604 ;
5.700000 ;-25.135443 ;-21.096527 ;
5.800000 ;-25.137230 ;-21.098917 ;
5.900000 ;-25.136317 ;-21.100192 ;
6.000000 ;-25.132242 ;-21.100188 ;
6.100000 ;-25.125646 ;-21.099150 ;
6.200000 ;-25.118276 ;-21.097739 ;
6.300000 ;-25.112984 ;-21.097029 ;
6.400000 ;-25.113615 ;-21.098464 ;
6.500000 ;-25.117946 ;-21.101157 ;
6.600000 ;-25.120584 ;-21.103201 ;
6.700000 ;-25.119807 ;-21.104045 ;
6.800000 ;-25.116295 ;-21.103926 ;
6.900000 ;-25.113130 ;-21.103867 ;
7.000000 ;-25.113788 ;-21.105016 ;
7.100000 ;-25.114782 ;-21.106233 ;
7.200000 ;-25.114733 ;-21.107085 ;
7.300000 ;-25.113454 ;-21.107517 ;
7.400000 ;-25.111625 ;-21.107747 ;
7.500000 ;-25.110774 ;-21.108258 ;
7.600000 ;-25.111470 ;-21.109222 ;
7.700000 ;-25.112247 ;-21.110188 ;
7.800000 ;-25.112136 ;-21.110865 ;
7.900000 ;-25.110778 ;-21.111145 ;
8.000000 ;-25.108426 ;-21.111106 ;
8.100000 ;-25.105943 ;-21.111011 ;
8.200000 ;-25.104804 ;-21.111309 ;
8.300000 ;-25.107616 ;-21.112768 ;
8.400000 ;-25.113007 ;-21.114968 ;
8.500000 ;-25.117037 ;-21.116757 ;
8.600000 ;-25.117344 ;-21.117441 ;
8.700000 ;-25.113164 ;-21.116797 ;
8.800000 ;-25.105332 ;-21.115072 ;
8.900000 ;-25.096282 ;-21.112978 ;
9.000000 ;-25.090044 ;-21.111699 ;
9.100000 ;-25.091952 ;-21.112796 ;
9.200000 ;-25.098342 ;-21.115186 ;
9.300000 ;-25.102589 ;-21.116945 ;
9.400000 ;-25.102554 ;-21.117460 ;
9.500000 ;-25.098879 ;-21.116919 ;
9.600000 ;-25.094994 ;-21.116307 ;
9.700000 ;-25.095662 ;-21.116995 ;
9.800000 ;-25.096764 ;-21.116787 ;
9.900000 ;-25.096570 ;-21.148662 ;
10.000000 ;-25.045386 ;-21.426639 ;
10.100000 ;-24.883364 ;-21.818510 ;
10.200000 ;-24.607700 ;-22.221839 ;
10.300000 ;-24.237309 ;-22.598152 ;
10.400000 ;-23.803722 ;-22.936353 ;
10.500000 ;-23.336140 ;-23.234337 ;
10.600000 ;-22.859826 ;-23.493926 ;
10.700000 ;-22.393848 ;-23.718310 ;
10.800000 ;-21.950972 ;-23.911049 ;
10.900000 ;-21.539188 ;-24.075764 ;
11.000000 ;-21.163499 ;-24.215970 ;
11.100000 ;-20.821868 ;-24.334589 ;
11.200000 ;-20.516092 ;-24.434744 ;
11.300000 ;-20.248063 ;-24.519320 ;
11.400000 ;-20.009331 ;-24.590153 ;
11.500000 ;-19.791335 ;-24.648921 ;
11.600000 ;-19.602951 ;-24.698240 ;
11.700000 ;-19.445268 ;-24.739883 ;
11.800000 ;-19.306775 ;-24.774498 ;
11.900000 ;-19.174584 ;-24.802497 ;
12.000000 ;-19.058583 ;-24.825734 ;
12.100000 ;-18.962008 ;-24.845325 ;
12.200000 ;-18.879706 ;-24.861679 ;
12.300000 ;-18.800657 ;-24.874702 ;
12.400000 ;-18.728026 ;-24.885223 ;
12.500000 ;-18.667231 ;-24.894058 ;
12.600000 ;-18.617500 ;-24.901530 ;
12.700000 ;-18.572213 ;-24.907504 ;
12.800000 ;-18.525602 ;-24.911877 ;
12.900000 ;-18.484048 ;-24.915351 ;
13.000000 ;-18.450802 ;-24.918341 ;
13.100000 ;-18.424588 ;-24.920909 ;
13.200000 ;-18.399607 ;-24.922762 ;
13.300000 ;-18.370877 ;-24.923655 ;
13.400000 ;-18.344570 ;-24.924176 ;
13.500000 ;-18.324424 ;-24.924704 ;
13.600000 ;-18.310304 ;-24.925294 ;
13.700000 ;-18.298215 ;-24.925676 ;
13.800000 ;-18.281352 ;-24.925338 ;
13.900000 ;-18.262404 ;-24.924557 ;
14.000000 ;-18.247337 ;-24.923902 ;
14.100000 ;-18.238213 ;-24.923588 ;
14.200000 ;-18.233401 ;-24.923493 ;
14.300000 ;-18.227576 ;-24.923154 ;
14.400000 ;-18.214789 ;-24.922044 ;
14.500000 ;-18.201038 ;-24.920743 ;
14.600000 ;-18.191777 ;-24.919796 ;
14.700000 ;-18.188472 ;-24.919356 ;
14.800000 ;-18.188722 ;-24.919199 ;
14.900000 ;-18.186260 ;-24.918722 ;
15.000000 ;-18.175758 ;-24.917408 ;
15.100000 ;-18.164843 ;-24.916024 ;
15.200000 ;-18.158786 ;-24.915108 ;
15.300000 ;-18.158703 ;-24.914777 ;
15.400000 ;-18.161627 ;-24.914735 ;
15.500000 ;-18.160500 ;-24.914269 ;
15.600000 ;-18.151345 ;-24.912978 ;
15.700000 ;-18.142625 ;-24.911732 ;
15.800000 ;-18.138914 ;-24.911003 ;
15.900000 ;-18.140736 ;-24.910846 ;
16.000000 ;-18.144573 ;-24.910899 ;
16.100000 ;-18.142953 ;-24.910395 ;
16.200000 ;-18.134854 ;-24.909229 ;
16.300000 ;-18.128176 ;-24.908221 ;
16.400000 ;-18.126469 ;-24.907738 ;
16.500000 ;-18.129522 ;-24.907759 ;
16.600000 ;-18.133358 ;-24.907871 ;
16.700000 ;-18.130756 ;-24.907324 ;
16.800000 ;-18.123403 ;-24.906297 ;
16.900000 ;-18.118211 ;-24.905507 ;
17.000000 ;-18.117998 ;-24.905246 ;
17.100000 ;-18.122013 ;-24.905437 ;
17.200000 ;-18.125929 ;-24.905628 ;
17.300000 ;-18.122781 ;-24.905095 ;
17.400000 ;-18.115603 ;-24.904153 ;
17.500000 ;-18.111058 ;-24.903498 ;
17.600000 ;-18.111781 ;-24.903403 ;
17.700000 ;-18.116733 ;-24.903759 ;
17.800000 ;-18.121209 ;-24.904075 ;
17.900000 ;-18.117944 ;-24.903593 ;
18.000000 ;-18.110579 ;-24.902693 ;
18.100000 ;-18.106161 ;-24.902110 ;
18.200000 ;-18.107417 ;-24.902129 ;
18.300000 ;-18.113124 ;-24.902621 ;
18.400000 ;-18.118100 ;-24.903045 ;
18.500000 ;-18.114663 ;-24.902597 ;
18.600000 ;-18.107383 ;-24.901756 ;
18.700000 ;-18.103353 ;-24.901262 ;
18.800000 ;-18.105097 ;-24.901378 ;
18.900000 ;-18.111056 ;-24.901942 ;
19.000000 ;-18.115585 ;-24.902363 ;
19.100000 ;-18.111464 ;-24.901885 ;
19.200000 ;-18.104856 ;-24.901153 ;
19.300000 ;-18.101856 ;-24.900804 ;
19.400000 ;-18.104276 ;-24.901027 ;
19.500000 ;-18.110046 ;-24.901606 ;
19.600000 ;-18.113214 ;-24.901917 ;
19.700000 ;-18.108322 ;-24.901389 ;
19.800000 ;-18.102559 ;-24.900776 ;
19.900000 ;-18.100714 ;-24.900576 ;
20.000000 ;-18.103860 ;-24.900902 ;
20.100000 ;-18.109469 ;-24.901489 ;
20.200000 ;-18.111418 ;-24.901697 ;
20.300000 ;-18.106010 ;-24.901139 ;
20.400000 ;-18.100600 ;-24.900585 ;
20.500000 ;-18.099455 ;-24.900479 ;
20.600000 ;-18.103276 ;-24.900896 ;
20.700000 ;-18.109203 ;-24.901535 ;
20.800000 ;-18.110815 ;-24.901726 ;
20.900000 ;-18.104911 ;-24.901134 ;
21.000000 ;-18.099233 ;-24.900567 ;
21.100000 ;-18.098260 ;-24.900495 ;
21.200000 ;-18.102647 ;-24.900986 ;
21.300000 ;-18.109226 ;-24.901708 ;
21.400000 ;-18.111009 ;-24.901930 ;
21.500000 ;-18.104725 ;-24.901310 ;
21.600000 ;-18.098811 ;-24.900731 ;
21.700000 ;-18.097935 ;-24.900680 ;
21.800000 ;-18.102662 ;-24.901217 ;
21.900000 ;-18.109458 ;-24.901972 ;
22.000000 ;-18.110712 ;-24.902148 ;
22.100000 ;-18.104365 ;-24.901531 ;
22.200000 ;-18.099006 ;-24.901018 ;
22.300000 ;-18.098740 ;-24.901040 ;
22.400000 ;-18.103642 ;-24.901602 ;
22.500000 ;-18.109750 ;-24.902292 ;
22.600000 ;-18.109377 ;-24.902305 ;
22.700000 ;-18.103310 ;-24.901724 ;
22.800000 ;-18.099092 ;-24.901337 ;
22.900000 ;-18.099814 ;-24.901468 ;
23.000000 ;-18.104871 ;-24.902052 ;
23.100000 ;-18.109954 ;-24.902640 ;
23.200000 ;-18.108012 ;-24.902494 ;
23.300000 ;-18.102158 ;-24.901940 ;
23.400000 ;-18.098803 ;-24.901648 ;
23.500000 ;-18.100370 ;-24.901871 ;
23.600000 ;-18.105777 ;-24.902496 ;
23.700000 ;-18.110436 ;-24.903043 ;
23.800000 ;-18.107647 ;-24.902812 ;
23.900000 ;-18.101477 ;-24.902228 ;
24.000000 ;-18.098248 ;-24.901952 ;
24.100000 ;-18.100316 ;-24.902231 ;
24.200000 ;-18.106372 ;-24.902926 ;
24.300000 ;-18.111441 ;-24.903519 ;
24.400000 ;-18.108363 ;-24.903260 ;
24.500000 ;-18.101612 ;-24.902618 ;
24.600000 ;-18.098099 ;-24.902315 ;
24.700000 ;-18.100385 ;-24.902618 ;
24.800000 ;-18.106999 ;-24.903374 ;
24.900000 ;-18.112445 ;-24.904008 ;
25.000000 ;-18.109064 ;-24.903719 ;
25.100000 ;-18.102258 ;-24.903072 ;
25.200000 ;-18.098971 ;-24.902794 ;
25.300000 ;-18.101533 ;-24.903128 ;
25.400000 ;-18.108118 ;-24.903882 ;
25.500000 ;-18.112739 ;-24.904431 ;
25.600000 ;-18.108542 ;-24.904058 ;
25.700000 ;-18.102496 ;-24.903492 ;
25.800000 ;-18.100282 ;-24.903326 ;
25.900000 ;-18.103395 ;-24.903718 ;
26.000000 ;-18.109464 ;-24.904419 ;
26.100000 ;-18.112251 ;-24.904777 ;
26.200000 ;-18.107329 ;-24.904329 ;
26.300000 ;-18.102207 ;-24.903860 ;
26.400000 ;-18.101160 ;-24.903817 ;
26.500000 ;-18.104902 ;-24.904275 ;
26.600000 ;-18.110618 ;-24.904939 ;
26.700000 ;-18.111978 ;-24.905148 ;
26.800000 ;-18.106583 ;-24.904651 ;
26.900000 ;-18.101717 ;-24.904209 ;
27.000000 ;-18.101284 ;-24.904231 ;
27.100000 ;-18.105670 ;-24.904756 ;
27.200000 ;-18.111742 ;-24.905458 ;
27.300000 ;-18.112865 ;-24.905642 ;
27.400000 ;-18.106845 ;-24.905080 ;
27.500000 ;-18.101486 ;-24.904587 ;
27.600000 ;-18.101075 ;-24.904611 ;
27.700000 ;-18.106026 ;-24.905195 ;
27.800000 ;-18.112879 ;-24.905978 ;
27.900000 ;-18.114315 ;-24.906195 ;
28.000000 ;-18.107856 ;-24.905586 ;
28.100000 ;-18.102144 ;-24.905056 ;
28.200000 ;-18.101724 ;-24.905079 ;
28.300000 ;-18.106939 ;-24.905691 ;
28.400000 ;-18.113926 ;-24.906487 ;
28.500000 ;-18.114707 ;-24.906635 ;
28.600000 ;-18.108297 ;-24.906032 ;
28.700000 ;-18.103292 ;-24.905575 ;
28.800000 ;-18.103529 ;-24.905666 ;
28.900000 ;-18.108772 ;-24.906280 ;
29.000000 ;-18.114719 ;-24.906968 ;
29.100000 ;-18.113619 ;-24.906919 ;
29.200000 ;-18.107703 ;-24.906366 ;
29.300000 ;-18.104051 ;-24.906051 ;
29.400000 ;-18.105335 ;-24.906250 ;
29.500000 ;-18.110589 ;-24.906865 ;
29.600000 ;-18.115207 ;-24.907413 ;
29.700000 ;-18.112533 ;-24.907199 ;
29.800000 ;-18.106912 ;-24.906677 ;
29.900000 ;-18.104161 ;-24.906455 ;
30.000000 ;-18.106290 ;-24.906743 ;
30.100000 ;-18.111877 ;-24.907392 ;
30.200000 ;-18.116072 ;-24.907895 ;
30.300000 ;-18.112610 ;-24.907598 ;
30.400000 ;-18.106531 ;-24.907027 ;
30.500000 ;-18.103772 ;-24.906804 ;
30.600000 ;-18.106385 ;-24.907142 ;
30.700000 ;-18.112753 ;-24.907871 ;
30.800000 ;-18.117587 ;-24.908441 ;
30.900000 ;-18.113901 ;-24.908120 ;
31.000000 ;-18.107064 ;-24.907469 ;
31.100000 ;-18.103847 ;-24.907197 ;
31.200000 ;-18.106614 ;-24.907550 ;
31.300000 ;-18.113602 ;-24.908344 ;
31.400000 ;-18.118910 ;-24.908963 ;
31.500000 ;-18.114968 ;-24.908614 ;
31.600000 ;-18.108150 ;-24.907965 ;
31.700000 ;-18.105196 ;-24.907719 ;
31.800000 ;-18.108186 ;-24.908095 ;
31.900000 ;-18.114955 ;-24.908865 ;
32.000000 ;-18.119088 ;-24.909360 ;
32.100000 ;-18.114380 ;-24.908931 ;
32.200000 ;-18.108616 ;-24.908391 ;
32.300000 ;-18.106934 ;-24.908278 ;
32.400000 ;-18.110437 ;-24.908706 ;
32.500000 ;-18.116387 ;-24.909390 ;
32.600000 ;-18.118207 ;-24.909642 ;
32.700000 ;-18.113059 ;-24.909166 ;
32.800000 ;-18.108412 ;-24.908742 ;
32.900000 ;-18.107990 ;-24.908760 ;
33.000000 ;-18.112082 ;-24.909249 ;
33.100000 ;-18.117544 ;-24.909881 ;
33.200000 ;-18.117902 ;-24.909979 ;
33.300000 ;-18.112327 ;-24.909458 ;
33.400000 ;-18.107872 ;-24.909053 ;
33.500000 ;-18.108031 ;-24.909131 ;
33.600000 ;-18.112822 ;-24.909692 ;
33.700000 ;-18.118794 ;-24.910377 ;
33.800000 ;-18.119112 ;-24.910470 ;
33.900000 ;-18.112760 ;-24.909867 ;
34.000000 ;-18.107579 ;-24.909386 ;
34.100000 ;-18.107641 ;-24.909452 ;
34.200000 ;-18.113076 ;-24.910080 ;
34.300000 ;-18.120065 ;-24.910870 ;
34.400000 ;-18.120903 ;-24.911017 ;
34.500000 ;-18.114086 ;-24.910364 ;
34.600000 ;-18.108462 ;-24.909836 ;
34.700000 ;-18.108432 ;-24.909892 ;
34.800000 ;-18.114064 ;-24.910540 ;
34.900000 ;-18.121090 ;-24.911333 ;
35.000000 ;-18.121135 ;-24.911396 ;
35.100000 ;-18.114578 ;-24.910769 ;
35.200000 ;-18.109908 ;-24.910340 ;
35.300000 ;-18.110615 ;-24.910472 ;
35.400000 ;-18.116088 ;-24.911102 ;
35.500000 ;-18.121618 ;-24.911738 ;
35.600000 ;-18.119590 ;-24.911584 ;
35.700000 ;-18.113840 ;-24.911041 ;
35.800000 ;-18.110782 ;-24.910779 ;
35.900000 ;-18.112593 ;-24.911025 ;
36.000000 ;-18.117897 ;-24.911637 ;
36.100000 ;-18.121767 ;-24.912098 ;
36.200000 ;-18.118282 ;-24.911791 ;
36.300000 ;-18.112922 ;-24.911288 ;
36.400000 ;-18.110798 ;-24.911123 ;
36.500000 ;-18.113459 ;-24.911457 ;
36.600000 ;-18.119115 ;-24.912105 ;
36.700000 ;-18.122634 ;-24.912529 ;
36.800000 ;-18.118417 ;-24.912144 ;
36.900000 ;-18.112401 ;-24.911572 ;
37.000000 ;-18.110114 ;-24.911389 ;
37.100000 ;-18.113279 ;-24.911775 ;
37.200000 ;-18.119933 ;-24.912526 ;
37.300000 ;-18.124427 ;-24.913051 ;
37.400000 ;-18.120027 ;-24.912646 ;
37.500000 ;-18.113033 ;-24.911971 ;
37.600000 ;-18.110086 ;-24.911718 ;
37.700000 ;-18.113349 ;-24.912114 ;
37.800000 ;-18.120712 ;-24.912938 ;
37.900000 ;-18.125794 ;-24.913524 ;
38.000000 ;-18.121202 ;-24.913098 ;
38.100000 ;-18.114361 ;-24.912438 ;
38.200000 ;-18.111753 ;-24.912219 ;
38.300000 ;-18.115166 ;-24.912630 ;
38.400000 ;-18.122037 ;-24.913402 ;
38.500000 ;-18.125453 ;-24.913813 ;
38.600000 ;-18.120259 ;-24.913324 ;
38.700000 ;-18.114855 ;-24.912812 ;
38.800000 ;-18.113753 ;-24.912750 ;
38.900000 ;-18.117602 ;-24.913206 ;
39.000000 ;-18.123261 ;-24.913850 ;
39.100000 ;-18.123892 ;-24.913969 ;
39.200000 ;-18.118645 ;-24.913474 ;
39.300000 ;-18.114562 ;-24.913100 ;
39.400000 ;-18.114794 ;-24.913176 ;
39.500000 ;-18.119175 ;-24.913686 ;
39.600000 ;-18.124221 ;-24.914266 ;
39.700000 ;-18.123829 ;-24.914277 ;
39.800000 ;-18.121964 ;-24.914134 ;
39.900000 ;-18.120935 ;-24.914078 ;
40.000000 ;-18.120406 ;-24.914073 ;
40.100000 ;-18.120372 ;-24.914095 ;
40.200000 ;-18.120869 ;-24.914138 ;
40.300000 ;-18.121918 ;-24.914198 ;
40.400000 ;-18.123443 ;-24.914276 ;
40.500000 ;-18.125478 ;-24.914373 ;
40.600000 ;-18.127984 ;-24.914494 ;
40.700000 ;-18.130965 ;-24.914641 ;
40.800000 ;-18.134423 ;-24.914817 ;
40.900000 ;-18.138414 ;-24.915026 ;
41.000000 ;-18.142946 ;-24.915270 ;
41.100000 ;-18.147904 ;-24.915540 ;
41.200000 ;-18.153518 ;-24.915852 ;
41.300000 ;-18.159953 ;-24.916211 ;
41.400000 ;-18.167006 ;-24.916602 ;
41.500000 ;-18.174000 ;-24.916977 ;
41.600000 ;-18.181833 ;-24.917395 ;
41.700000 ;-18.191401 ;-24.917908 ;
41.800000 ;-18.202545 ;-24.918498 ;
41.900000 ;-18.214052 ;-24.919071 ;
42.000000 ;-18.222066 ;-24.919326 ;
42.100000 ;-18.228917 ;-24.919437 ;
42.200000 ;-18.240469 ;-24.919856 ;
42.300000 ;-18.259040 ;-24.920747 ;
42.400000 ;-18.283384 ;-24.921987 ;
42.500000 ;-18.308693 ;-24.923167 ;
42.600000 ;-18.326580 ;-24.923586 ;
42.700000 ;-18.332545 ;-24.922762 ;
42.800000 ;-18.340953 ;-24.922004 ;
42.900000 ;-18.362296 ;-24.922310 ;
43.000000 ;-18.398112 ;-24.923797 ;
43.100000 ;-18.440987 ;-24.925707 ;
43.200000 ;-18.474557 ;-24.926401 ;
43.300000 ;-18.490039 ;-24.925001 ;
43.400000 ;-18.508769 ;-24.923628 ;
43.500000 ;-18.538308 ;-24.923025 ;
43.600000 ;-18.577533 ;-24.923038 ;
43.700000 ;-18.616825 ;-24.922638 ;
43.800000 ;-18.646796 ;-24.920840 ;
43.900000 ;-18.678708 ;-24.918794 ;
44.000000 ;-18.716138 ;-24.916810 ;
44.100000 ;-18.758175 ;-24.914757 ;
44.200000 ;-18.799853 ;-24.912115 ;
44.300000 ;-18.838171 ;-24.908597 ;
44.400000 ;-18.878698 ;-24.904697 ;
44.500000 ;-18.924564 ;-24.900650 ;
44.600000 ;-18.975259 ;-24.896369 ;
44.700000 ;-19.026630 ;-24.891444 ;
44.800000 ;-19.072503 ;-24.885289 ;
44.900000 ;-19.116896 ;-24.878269 ;
45.000000 ;-19.166379 ;-24.870962 ;
45.100000 ;-19.223040 ;-24.863528 ;
45.200000 ;-19.284458 ;-24.855698 ;
45.300000 ;-19.343702 ;-24.846779 ;
45.400000 ;-19.394488 ;-24.836152 ;
45.500000 ;-19.445254 ;-24.824649 ;
45.600000 ;-19.502114 ;-24.812866 ;
45.700000 ;-19.566237 ;-24.800896 ;
45.800000 ;-19.633918 ;-24.788329 ;
45.900000 ;-19.696629 ;-24.774266 ;
46.000000 ;-19.752406 ;-24.758523 ;
46.100000 ;-19.810109 ;-24.742040 ;
46.200000 ;-19.873564 ;-24.725205 ;
46.300000 ;-19.942427 ;-24.707969 ;
46.400000 ;-20.012176 ;-24.689843 ;
46.500000 ;-20.075336 ;-24.670035 ;
46.600000 ;-20.135306 ;-24.648958 ;
46.700000 ;-20.198182 ;-24.627266 ;
46.800000 ;-20.266078 ;-24.605186 ;
46.900000 ;-20.337652 ;-24.582576 ;
47.000000 ;-20.408104 ;-24.558933 ;
47.100000 ;-20.471651 ;-24.533667 ;
47.200000 ;-20.533310 ;-24.507370 ;
47.300000 ;-20.598038 ;-24.480595 ;
47.400000 ;-20.667466 ;-24.453530 ;
47.500000 ;-20.740062 ;-24.426026 ;
47.600000 ;-20.811130 ;-24.397594 ;
47.700000 ;-20.874795 ;-24.367631 ;
47.800000 ;-20.935688 ;-24.336709 ;
47.900000 ;-20.999106 ;-24.305440 ;
48.000000 ;-21.067089 ;-24.274073 ;
48.100000 ;-21.138627 ;-24.242519 ;
48.200000 ;-21.209657 ;-24.210356 ;
48.300000 ;-21.273642 ;-24.176890 ;
48.400000 ;-21.332557 ;-24.142418 ;
48.500000 ;-21.392596 ;-24.107666 ;
48.600000 ;-21.456617 ;-24.072977 ;
48.700000 ;-21.524616 ;-24.038379 ;
48.800000 ;-21.593729 ;-24.003584 ;
48.900000 ;-21.658226 ;-23.967985 ;
49.000000 ;-21.715138 ;-23.931324 ;
49.100000 ;-21.771014 ;-23.894376 ;
49.200000 ;-21.829589 ;-23.857560 ;
49.300000 ;-21.892041 ;-23.821023 ;
49.400000 ;-21.956999 ;-23.784650 ;
49.500000 ;-22.020545 ;-23.748057 ;
49.600000 ;-22.076944 ;-23.710684 ;
49.700000 ;-22.128819 ;-23.672899 ;
49.800000 ;-22.181332 ;-23.635218 ;
49.900000 ;-22.236903 ;-23.597875 ;
50.000000 ;-22.295740 ;-23.560910 ;
50.100000 ;-22.355839 ;-23.524167 ;
50.200000 ;-22.412990 ;-23.487297 ;
50.300000 ;-22.462802 ;-23.449985 ;
50.400000 ;-22.509792 ;-23.412714 ;
50.500000 ;-22.557863 ;-23.375709 ;
50.600000 ;-22.608816 ;-23.339070 ;
50.700000 ;-22.662574 ;-23.302806 ;
50.800000 ;-22.717184 ;-23.266840 ;
50.900000 ;-22.768814 ;-23.231005 ;
51.000000 ;-22.813968 ;-23.195233 ;
51.100000 ;-22.857381 ;-23.159848 ;
51.200000 ;-22.901364 ;-23.124701 ;
51.300000 ;-22.946777 ;-23.089703 ;
51.400000 ;-22.993408 ;-23.054875 ;
51.500000 ;-23.039969 ;-23.020350 ;
51.600000 ;-23.084099 ;-22.986371 ;
51.700000 ;-23.125501 ;-22.953160 ;
51.800000 ;-23.166480 ;-22.920363 ;
51.900000 ;-23.206968 ;-22.887627 ;
52.000000 ;-23.246915 ;-22.854867 ;
52.100000 ;-23.286298 ;-22.822264 ;
52.200000 ;-23.325122 ;-22.790266 ;
52.300000 ;-23.363578 ;-22.759337 ;
52.400000 ;-23.401633 ;-22.728965 ;
52.500000 ;-23.438600 ;-22.698736 ;
52.600000 ;-23.474217 ;-22.668514 ;
52.700000 ;-23.508692 ;-22.638417 ;
52.800000 ;-23.542701 ;-22.608822 ;
52.900000 ;-23.577265 ;-22.580271 ;
53.000000 ;-23.611997 ;-22.552496 ;
53.100000 ;-23.645677 ;-22.524977 ;
53.200000 ;-23.677685 ;-22.497463 ;
53.300000 ;-23.708028 ;-22.469953 ;
53.400000 ;-23.737338 ;-22.442695 ;
53.500000 ;-23.766877 ;-22.416188 ;
53.600000 ;-23.798166 ;-22.390990 ;
53.700000 ;-23.829979 ;-22.366594 ;
53.800000 ;-23.860198 ;-22.342280 ;
53.900000 ;-23.887760 ;-22.317684 ;
54.000000 ;-23.912679 ;-22.292804 ;
54.100000 ;-23.936047 ;-22.268000 ;
54.200000 ;-23.960027 ;-22.243992 ;
54.300000 ;-23.987658 ;-22.221771 ;
54.400000 ;-24.018087 ;-22.200982 ;
54.500000 ;-24.046908 ;-22.180264 ;
54.600000 ;-24.071550 ;-22.158835 ;
54.700000 ;-24.091528 ;-22.136542 ;
54.800000 ;-24.108448 ;-22.113863 ;
54.900000 ;-24.126006 ;-22.091904 ;
55.000000 ;-24.149677 ;-22.072305 ;
55.100000 ;-24.177816 ;-22.054523 ;
55.200000 ;-24.204180 ;-22.036735 ;
55.300000 ;-24.225693 ;-22.018063 ;
55.400000 ;-24.242039 ;-21.998410 ;
55.500000 ;-24.255662 ;-21.978464 ;
55.600000 ;-24.271764 ;-21.959695 ;
55.700000 ;-24.294753 ;-21.943340 ;
55.800000 ;-24.318217 ;-21.927575 ;
55.900000 ;-24.338750 ;-21.911453 ;
56.000000 ;-24.355319 ;-21.894685 ;
56.100000 ;-24.369018 ;-21.877563 ;
56.200000 ;-24.383067 ;-21.860967 ;
56.300000 ;-24.401643 ;-21.846035 ;
56.400000 ;-24.421649 ;-21.831908 ;
56.500000 ;-24.439964 ;-21.817733 ;
56.600000 ;-24.455346 ;-21.803165 ;
56.700000 ;-24.468035 ;-21.788263 ;
56.800000 ;-24.479763 ;-21.773488 ;
56.900000 ;-24.493743 ;-21.759701 ;
57.000000 ;-24.511588 ;-21.747326 ;
57.100000 ;-24.529630 ;-21.735369 ;
57.200000 ;-24.545232 ;-21.723120 ;
57.300000 ;-24.557321 ;-21.710286 ;
57.400000 ;-24.566380 ;-21.696989 ;
57.500000 ;-24.574452 ;-21.683768 ;
57.600000 ;-24.585143 ;-21.671576 ;
57.700000 ;-24.602067 ;-21.661368 ;
57.800000 ;-24.621223 ;-21.652067 ;
57.900000 ;-24.637515 ;-21.642324 ;
58.000000 ;-24.648366 ;-21.631451 ;
58.100000 ;-24.653720 ;-21.619427 ;
58.200000 ;-24.656039 ;-21.606896 ;
58.300000 ;-24.660305 ;-21.595168 ;
58.400000 ;-24.673523 ;-21.586084 ;
58.500000 ;-24.693288 ;-21.578997 ;
58.600000 ;-24.711104 ;-21.571669 ;
58.700000 ;-24.722388 ;-21.562894 ;
58.800000 ;-24.726293 ;-21.552444 ;
58.900000 ;-24.725707 ;-21.541071 ;
59.000000 ;-24.727255 ;-21.530507 ;
59.100000 ;-24.739652 ;-21.523032 ;
59.200000 ;-24.756313 ;-21.516913 ;
59.300000 ;-24.770015 ;-21.510254 ;
59.400000 ;-24.778163 ;-21.502371 ;
59.500000 ;-24.781360 ;-21.493417 ;
59.600000 ;-24.783406 ;-21.484382 ;
59.700000 ;-24.791100 ;-21.477040 ;
59.800000 ;-24.803451 ;-21.471127 ;
59.900000 ;-24.814651 ;-21.465120 ;
60.000000 ;-24.822643 ;-21.458475 ;
60.100000 ;-24.827309 ;-21.451157 ;
60.200000 ;-24.830469 ;-21.443639 ;
60.300000 ;-24.835881 ;-21.436899 ;
60.400000 ;-24.845759 ;-21.431513 ;
60.500000 ;-24.855991 ;-21.426401 ;
60.600000 ;-24.864091 ;-21.420908 ;
60.700000 ;-24.869090 ;-21.414776 ;
60.800000 ;-24.871537 ;-21.408145 ;
60.900000 ;-24.873493 ;-21.401551 ;
61.000000 ;-24.878534 ;-21.395927 ;
61.100000 ;-24.888928 ;-21.391865 ;
61.200000 ;-24.900278 ;-21.388209 ;
61.300000 ;-24.908763 ;-21.383953 ;
61.400000 ;-24.912633 ;-21.378636 ;
61.500000 ;-24.912209 ;-21.372337 ;
61.600000 ;-24.909879 ;-21.365681 ;
61.700000 ;-24.910102 ;-21.359834 ;
61.800000 ;-24.918751 ;-21.356331 ;
61.900000 ;-24.933152 ;-21.354471 ;
62.000000 ;-24.945460 ;-21.352190 ;
62.100000 ;-24.951202 ;-21.348313 ;
62.200000 ;-24.949450 ;-21.342592 ;
62.300000 ;-24.942812 ;-21.335711 ;
62.400000 ;-24.937439 ;-21.329280 ;
62.500000 ;-24.942720 ;-21.325763 ;
62.600000 ;-24.956424 ;-21.324573 ;
62.700000 ;-24.968347 ;-21.323025 ;
62.800000 ;-24.973934 ;-21.319917 ;
62.900000 ;-24.972577 ;-21.315088 ;
63.000000 ;-24.967615 ;-21.309414 ;
63.100000 ;-24.966334 ;-21.304810 ;
63.200000 ;-24.974752 ;-21.302861 ;
63.300000 ;-24.983915 ;-21.301204 ;
63.400000 ;-24.989909 ;-21.298805 ;
63.500000 ;-24.991688 ;-21.295386 ;
63.600000 ;-24.990678 ;-21.291320 ;
63.700000 ;-24.990769 ;-21.287634 ;
63.800000 ;-24.996240 ;-21.285455 ;
63.900000 ;-25.002940 ;-21.283685 ;
64.000000 ;-25.007951 ;-21.281551 ;
64.100000 ;-25.010169 ;-21.278757 ;
64.200000 ;-25.010012 ;-21.275413 ;
64.300000 ;-25.009419 ;-21.272031 ;
64.400000 ;-25.011830 ;-21.269519 ;
64.500000 ;-25.018318 ;-21.268161 ;
64.600000 ;-25.025015 ;-21.266930 ;
64.700000 ;-25.029267 ;-21.265120 ;
64.800000 ;-25.030028 ;-21.262452 ;
64.900000 ;-25.027853 ;-21.259072 ;
65.000000 ;-25.024906 ;-21.255552 ;
65.100000 ;-25.024953 ;-21.252891 ;
65.200000 ;-25.032114 ;-21.252180 ;
65.300000 ;-25.042509 ;-21.252390 ;
65.400000 ;-25.050209 ;-21.251942 ;
65.500000 ;-25.052063 ;-21.249999 ;
65.600000 ;-25.047734 ;-21.246470 ;
65.700000 ;-25.039695 ;-21.242010 ;
65.800000 ;-25.033230 ;-21.238023 ;
65.900000 ;-25.036280 ;-21.236619 ;
66.000000 ;-25.048477 ;-21.237699 ;
66.100000 ;-25.059761 ;-21.238586 ;
66.200000 ;-25.064391 ;-21.237751 ;
66.300000 ;-25.060854 ;-21.234790 ;
66.400000 ;-25.051868 ;-21.230425 ;
66.500000 ;-25.044378 ;-21.226506 ;
66.600000 ;-25.048430 ;-21.225707 ;
66.700000 ;-25.058075 ;-21.226443 ;
66.800000 ;-25.065081 ;-21.226517 ;
66.900000 ;-25.066771 ;-21.225213 ;
67.000000 ;-25.063710 ;-21.222682 ;
67.100000 ;-25.059707 ;-21.219940 ;
67.200000 ;-25.061443 ;-21.218771 ;
67.300000 ;-25.067104 ;-21.218688 ;
67.400000 ;-25.071603 ;-21.218332 ;
67.500000 ;-25.073276 ;-21.217257 ;
67.600000 ;-25.072210 ;-21.215483 ;
67.700000 ;-25.070236 ;-21.213502 ;
67.800000 ;-25.070921 ;-21.212267 ;
67.900000 ;-25.075257 ;-21.212042 ;
68.000000 ;-25.079642 ;-21.211863 ;
68.100000 ;-25.082016 ;-21.211176 ;
68.200000 ;-25.081672 ;-21.209792 ;
68.300000 ;-25.079252 ;-21.207882 ;
68.400000 ;-25.076752 ;-21.205980 ;
68.500000 ;-25.077518 ;-21.204982 ;
68.600000 ;-25.083521 ;-21.205416 ;
68.700000 ;-25.090413 ;-21.206115 ;
68.800000 ;-25.094417 ;-21.206067 ;
68.900000 ;-25.093802 ;-21.204807 ;
69.000000 ;-25.088885 ;-21.202417 ;
69.100000 ;-25.082028 ;-21.199533 ;
69.200000 ;-25.077642 ;-21.197336 ;
69.300000 ;-25.081819 ;-21.197461 ;
69.400000 ;-25.093059 ;-21.199503 ;
69.500000 ;-25.102754 ;-21.201152 ;
69.600000 ;-25.105671 ;-21.201004 ;
69.700000 ;-25.100429 ;-21.198689 ;
69.800000 ;-25.089502 ;-21.194871 ;
69.900000 ;-25.079211 ;-21.191245 ;
70.000000 ;-25.079654 ;-21.190520 ;
70.100000 ;-25.090324 ;-21.192561 ;
70.200000 ;-25.099645 ;-21.194257 ;
70.300000 ;-25.102699 ;-21.194288 ;
70.400000 ;-25.098707 ;-21.192443 ;
70.500000 ;-25.091028 ;-21.189627 ;
70.600000 ;-25.087159 ;-21.187853 ;
70.700000 ;-25.092674 ;-21.188620 ;
70.800000 ;-25.098486 ;-21.189483 ;
70.900000 ;-25.101286 ;-21.189552 ;
71.000000 ;-25.100368 ;-21.188635 ;
71.100000 ;-25.097306 ;-21.187157 ;
71.200000 ;-25.095960 ;-21.186156 ;
71.300000 ;-25.099213 ;-21.186410 ;
71.400000 ;-25.102885 ;-21.186790 ;
71.500000 ;-25.104858 ;-21.186727 ;
71.600000 ;-25.104403 ;-21.186023 ;
71.700000 ;-25.102125 ;-21.184842 ;
71.800000 ;-25.099960 ;-21.183704 ;
71.900000 ;-25.101060 ;-21.183459 ;
72.000000 ;-25.105547 ;-21.184140 ;
72.100000 ;-25.109837 ;-21.184780 ;
72.200000 ;-25.111606 ;-21.184752 ;
72.300000 ;-25.110033 ;-21.183835 ;
72.400000 ;-25.105794 ;-21.182211 ;
72.500000 ;-25.101069 ;-21.180466 ;
72.600000 ;-25.099535 ;-21.179594 ;
72.700000 ;-25.105354 ;-21.180714 ;
72.800000 ;-25.114718 ;-21.182799 ;
72.900000 ;-25.121259 ;-21.184133 ;
73.000000 ;-25.121540 ;-21.183790 ;
73.100000 ;-25.115109 ;-21.181648 ;
73.200000 ;-25.104493 ;-21.178388 ;
73.300000 ;-25.095202 ;-21.175495 ;
73.400000 ;-25.095688 ;-21.175247 ;
73.500000 ;-25.107007 ;-21.177926 ;
73.600000 ;-25.118000 ;-21.180524 ;
73.700000 ;-25.122098 ;-21.181272 ;
73.800000 ;-25.117382 ;-21.179653 ;
73.900000 ;-25.106579 ;-21.176401 ;
74.000000 ;-25.097064 ;-21.173506 ;
74.100000 ;-25.099694 ;-21.173894 ;
74.200000 ;-25.108044 ;-21.175832 ;
74.300000 ;-25.113652 ;-21.177037 ;
74.400000 ;-25.114092 ;-21.176853 ;
74.500000 ;-25.110157 ;-21.175494 ;
74.600000 ;-25.105847 ;-21.174043 ;
74.700000 ;-25.107417 ;-21.174186 ;
74.800000 ;-25.111532 ;-21.175023 ;
74.900000 ;-25.114265 ;-21.175493 ;
75.000000 ;-25.114419 ;-21.175272 ;
75.100000 ;-25.112364 ;-21.174460 ;
75.200000 ;-25.110031 ;-21.173579 ;
75.300000 ;-25.110727 ;-21.173522 ;
75.400000 ;-25.114071 ;-21.174187 ;
75.500000 ;-25.117018 ;-21.174750 ;
75.600000 ;-25.117921 ;-21.174766 ;
75.700000 ;-25.116353 ;-21.174119 ;
75.800000 ;-25.113104 ;-21.173023 ;
75.900000 ;-25.110186 ;-21.172021 ;
76.000000 ;-25.110833 ;-21.171988 ;
76.100000 ;-25.116591 ;-21.173341 ;
76.200000 ;-25.122897 ;-21.174846 ;
76.300000 ;-25.126007 ;-21.175492 ;
76.400000 ;-25.124253 ;-21.174829 ;
76.500000 ;-25.118036 ;-21.172964 ;
76.600000 ;-25.109835 ;-21.170567 ;
76.700000 ;-25.104198 ;-21.168867 ;
76.800000 ;-25.107525 ;-21.169594 ;
76.900000 ;-25.119141 ;-21.172561 ;
77.000000 ;-25.129527 ;-21.175199 ;
77.100000 ;-25.132594 ;-21.175865 ;
77.200000 ;-25.126538 ;-21.174072 ;
77.300000 ;-25.113848 ;-21.170492 ;
77.400000 ;-25.101299 ;-21.166955 ;
77.500000 ;-25.099948 ;-21.166446 ;
77.600000 ;-25.110605 ;-21.169182 ;
77.700000 ;-25.120013 ;-21.171582 ;
77.800000 ;-25.122961 ;-21.172240 ;
77.900000 ;-25.118635 ;-21.170935 ;
78.000000 ;-25.110615 ;-21.168635 ;
78.100000 ;-25.106880 ;-21.167498 ;
78.200000 ;-25.112034 ;-21.168768 ;
78.300000 ;-25.116862 ;-21.169951 ;
78.400000 ;-25.118717 ;-21.170333 ;
78.500000 ;-25.117241 ;-21.169816 ;
78.600000 ;-25.114217 ;-21.168883 ;
78.700000 ;-25.113558 ;-21.168593 ;
78.800000 ;-25.116423 ;-21.169259 ;
78.900000 ;-25.119160 ;-21.169893 ;
79.000000 ;-25.120159 ;-21.170058 ;
79.100000 ;-25.119000 ;-21.169642 ;
79.200000 ;-25.116454 ;-21.168853 ;
79.300000 ;-25.114480 ;-21.168221 ;
79.400000 ;-25.115641 ;-21.168440 ;
79.500000 ;-25.118061 ;-21.169002 ;
79.600000 ;-25.119681 ;-21.169349 ;
79.700000 ;-25.119677 ;-21.169259 ;
79.800000 ;-25.118162 ;-21.168761 ;
79.900000 ;-25.116186 ;-21.168141 ;
80.000000 ;-25.115735 ;-21.167936 ;
