0.000000 ;-27.500000 ;-20.600000 ;
0.100000 ;-26.546762 ;-20.432751 ;
0.200000 ;-26.025306 ;-20.348923 ;
0.300000 ;-25.768851 ;-20.318938 ;
0.400000 ;-25.645796 ;-20.319345 ;
0.500000 ;-25.597768 ;-20.338096 ;
0.600000 ;-25.593709 ;-20.367933 ;
0.700000 ;-25.603734 ;-20.402432 ;
0.800000 ;-25.625285 ;-20.439799 ;
0.900000 ;-25.651823 ;-20.478013 ;
1.000000 ;-25.672853 ;-20.514687 ;
1.100000 ;-25.691741 ;-20.549883 ;
1.200000 ;-25.710553 ;-20.583683 ;
1.300000 ;-25.727458 ;-20.615571 ;
1.400000 ;-25.738768 ;-20.644768 ;
1.500000 ;-25.747171 ;-20.671693 ;
1.600000 ;-25.754869 ;-20.696816 ;
1.700000 ;-25.762542 ;-20.720321 ;
1.800000 ;-25.769483 ;-20.742121 ;
1.900000 ;-25.773609 ;-20.761866 ;
2.000000 ;-25.773673 ;-20.779452 ;
2.100000 ;-25.772546 ;-20.795472 ;
2.200000 ;-25.772614 ;-20.810397 ;
2.300000 ;-25.774965 ;-20.824488 ;
2.400000 ;-25.779383 ;-20.837801 ;
2.500000 ;-25.784351 ;-20.850186 ;
2.600000 ;-25.787049 ;-20.861285 ;
2.700000 ;-25.783882 ;-20.870647 ;
2.800000 ;-25.777247 ;-20.878784 ;
2.900000 ;-25.772359 ;-20.886384 ;
3.000000 ;-25.771849 ;-20.893802 ;
3.100000 ;-25.775715 ;-20.901092 ;
3.200000 ;-25.781320 ;-20.908005 ;
3.300000 ;-25.783390 ;-20.913994 ;
3.400000 ;-25.777178 ;-20.918599 ;
3.500000 ;-25.768957 ;-20.922574 ;
3.600000 ;-25.764056 ;-20.926466 ;
3.700000 ;-25.764668 ;-20.930517 ;
3.800000 ;-25.769948 ;-20.934675 ;
3.900000 ;-25.776017 ;-20.938601 ;
4.000000 ;-25.775962 ;-20.941663 ;
4.100000 ;-25.767365 ;-20.943728 ;
4.200000 ;-25.758450 ;-20.945547 ;
4.300000 ;-25.754353 ;-20.947527 ;
4.400000 ;-25.756775 ;-20.949812 ;
4.500000 ;-25.763980 ;-20.952287 ;
4.600000 ;-25.770796 ;-20.954578 ;
4.700000 ;-25.768879 ;-20.956074 ;
4.800000 ;-25.759218 ;-20.956963 ;
4.900000 ;-25.750750 ;-20.957815 ;
5.000000 ;-25.747999 ;-20.958864 ;
5.100000 ;-25.751861 ;-20.960160 ;
5.200000 ;-25.759610 ;-20.961575 ;
5.300000 ;-25.764892 ;-20.962797 ;
5.400000 ;-25.760004 ;-20.963486 ;
5.500000 ;-25.751685 ;-20.964051 ;
5.600000 ;-25.746149 ;-20.964627 ;
5.700000 ;-25.745807 ;-20.965238 ;
5.800000 ;-25.750108 ;-20.965878 ;
5.900000 ;-25.755530 ;-20.966509 ;
6.000000 ;-25.755634 ;-20.967062 ;
6.100000 ;-25.750428 ;-20.967638 ;
6.200000 ;-25.745976 ;-20.968200 ;
6.300000 ;-25.744166 ;-20.968620 ;
6.400000 ;-25.745215 ;-20.968877 ;
6.500000 ;-25.747667 ;-20.969057 ;
6.600000 ;-25.748393 ;-20.969351 ;
6.700000 ;-25.745859 ;-20.969940 ;
6.800000 ;-25.743455 ;-20.970570 ;
6.900000 ;-25.742021 ;-20.970992 ;
7.000000 ;-25.741762 ;-20.971133 ;
7.100000 ;-25.742281 ;-20.971094 ;
7.200000 ;-25.742577 ;-20.971155 ;
7.300000 ;-25.741681 ;-20.971697 ;
7.400000 ;-25.740861 ;-20.972494 ;
7.500000 ;-25.740134 ;-20.973093 ;
7.600000 ;-25.739396 ;-20.973277 ;
7.700000 ;-25.738636 ;-20.973078 ;
7.800000 ;-25.737938 ;-20.972770 ;
7.900000 ;-25.737480 ;-20.972874 ;
8.000000 ;-25.738194 ;-20.973852 ;
8.100000 ;-25.739554 ;-20.975036 ;
8.200000 ;-25.739884 ;-20.975731 ;
8.300000 ;-25.738484 ;-20.975652 ;
8.400000 ;-25.735639 ;-20.974924 ;
8.500000 ;-25.732620 ;-20.974085 ;
8.600000 ;-25.731684 ;-20.974079 ;
8.700000 ;-25.735437 ;-20.975635 ;
8.800000 ;-25.740487 ;-20.977488 ;
8.900000 ;-25.742431 ;-20.978459 ;
9.000000 ;-25.739538 ;-20.978090 ;
9.100000 ;-25.732758 ;-20.976642 ;
9.200000 ;-25.725719 ;-20.975094 ;
9.300000 ;-25.724705 ;-20.975138 ;
9.400000 ;-25.727780 ;-20.976283 ;
9.500000 ;-25.729329 ;-20.977044 ;
9.600000 ;-25.730058 ;-20.977589 ;
9.700000 ;-25.730451 ;-20.978036 ;
9.800000 ;-25.730574 ;-20.978407 ;
9.900000 ;-25.729641 ;-21.003558 ;
10.000000 ;-25.682769 ;-21.270721 ;
10.100000 ;-25.533025 ;-21.662101 ;
10.200000 ;-25.270879 ;-22.067394 ;
10.300000 ;-24.917217 ;-22.446997 ;
10.400000 ;-24.500210 ;-22.787519 ;
10.500000 ;-24.049281 ;-23.086458 ;
10.600000 ;-23.588551 ;-23.345226 ;
10.700000 ;-23.136564 ;-23.566919 ;
10.800000 ;-22.706194 ;-23.755230 ;
10.900000 ;-22.305851 ;-23.913990 ;
11.000000 ;-21.937062 ;-24.046639 ;
11.100000 ;-21.605334 ;-24.157028 ;
11.200000 ;-21.309543 ;-24.248245 ;
11.300000 ;-21.038101 ;-24.322324 ;
11.400000 ;-20.798227 ;-24.382652 ;
11.500000 ;-20.597561 ;-24.432277 ;
11.600000 ;-20.424678 ;-24.472362 ;
11.700000 ;-20.258495 ;-24.503048 ;
11.800000 ;-20.110918 ;-24.527061 ;
11.900000 ;-19.988793 ;-24.546290 ;
12.000000 ;-19.885152 ;-24.561307 ;
12.100000 ;-19.785128 ;-24.571901 ;
12.200000 ;-19.695258 ;-24.579486 ;
12.300000 ;-19.621398 ;-24.585171 ;
12.400000 ;-19.560021 ;-24.589226 ;
12.500000 ;-19.499973 ;-24.591242 ;
12.600000 ;-19.442594 ;-24.591762 ;
12.700000 ;-19.395344 ;-24.591688 ;
12.800000 ;-19.358478 ;-24.591289 ;
12.900000 ;-19.325253 ;-24.590226 ;
13.000000 ;-19.287774 ;-24.588046 ;
13.100000 ;-19.253683 ;-24.585557 ;
13.200000 ;-19.228038 ;-24.583308 ;
13.300000 ;-19.209733 ;-24.581293 ;
13.400000 ;-19.191549 ;-24.578955 ;
13.500000 ;-19.166828 ;-24.575772 ;
13.600000 ;-19.144196 ;-24.572601 ;
13.700000 ;-19.128992 ;-24.569988 ;
13.800000 ;-19.120591 ;-24.567906 ;
13.900000 ;-19.112430 ;-24.565754 ;
14.000000 ;-19.095827 ;-24.562722 ;
14.100000 ;-19.078422 ;-24.559584 ;
14.200000 ;-19.067502 ;-24.557087 ;
14.300000 ;-19.063984 ;-24.555333 ;
14.400000 ;-19.062598 ;-24.553798 ;
14.500000 ;-19.052993 ;-24.551440 ;
14.600000 ;-19.038469 ;-24.548606 ;
14.700000 ;-19.028757 ;-24.546308 ;
14.800000 ;-19.026749 ;-24.544850 ;
14.900000 ;-19.028928 ;-24.543865 ;
15.000000 ;-19.025429 ;-24.542327 ;
15.100000 ;-19.013575 ;-24.539960 ;
15.200000 ;-19.004300 ;-24.537913 ;
15.300000 ;-19.002157 ;-24.536667 ;
15.400000 ;-19.005436 ;-24.536039 ;
15.500000 ;-19.006161 ;-24.535185 ;
15.600000 ;-18.997104 ;-24.533343 ;
15.700000 ;-18.988266 ;-24.531573 ;
15.800000 ;-18.985523 ;-24.530494 ;
15.900000 ;-18.988777 ;-24.530095 ;
16.000000 ;-18.992047 ;-24.529738 ;
16.100000 ;-18.986120 ;-24.528445 ;
16.200000 ;-18.977432 ;-24.526899 ;
16.300000 ;-18.973650 ;-24.525914 ;
16.400000 ;-18.976349 ;-24.525656 ;
16.500000 ;-18.981412 ;-24.525683 ;
16.600000 ;-18.979416 ;-24.524991 ;
16.700000 ;-18.970756 ;-24.523623 ;
16.800000 ;-18.965228 ;-24.522619 ;
16.900000 ;-18.966559 ;-24.522376 ;
17.000000 ;-18.972586 ;-24.522662 ;
17.100000 ;-18.975266 ;-24.522616 ;
17.200000 ;-18.967747 ;-24.521507 ;
17.300000 ;-18.960314 ;-24.520432 ;
17.400000 ;-18.959338 ;-24.520069 ;
17.500000 ;-18.964891 ;-24.520425 ;
17.600000 ;-18.970797 ;-24.520838 ;
17.700000 ;-18.966679 ;-24.520200 ;
17.800000 ;-18.958421 ;-24.519137 ;
17.900000 ;-18.955113 ;-24.518621 ;
18.000000 ;-18.958958 ;-24.518886 ;
18.100000 ;-18.965825 ;-24.519489 ;
18.200000 ;-18.965530 ;-24.519340 ;
18.300000 ;-18.957778 ;-24.518408 ;
18.400000 ;-18.952976 ;-24.517805 ;
18.500000 ;-18.954913 ;-24.517934 ;
18.600000 ;-18.961363 ;-24.518556 ;
18.700000 ;-18.964081 ;-24.518790 ;
18.800000 ;-18.957475 ;-24.518038 ;
18.900000 ;-18.951666 ;-24.517381 ;
19.000000 ;-18.951852 ;-24.517374 ;
19.100000 ;-18.957535 ;-24.517962 ;
19.200000 ;-18.962529 ;-24.518484 ;
19.300000 ;-18.958050 ;-24.518001 ;
19.400000 ;-18.951132 ;-24.517266 ;
19.500000 ;-18.949240 ;-24.517073 ;
19.600000 ;-18.953811 ;-24.517578 ;
19.700000 ;-18.960563 ;-24.518321 ;
19.800000 ;-18.959887 ;-24.518276 ;
19.900000 ;-18.952228 ;-24.517490 ;
20.000000 ;-18.947726 ;-24.517047 ;
20.100000 ;-18.950277 ;-24.517361 ;
20.200000 ;-18.957675 ;-24.518198 ;
20.300000 ;-18.961619 ;-24.518669 ;
20.400000 ;-18.954942 ;-24.518010 ;
20.500000 ;-18.948276 ;-24.517355 ;
20.600000 ;-18.948122 ;-24.517399 ;
20.700000 ;-18.954517 ;-24.518146 ;
20.800000 ;-18.961104 ;-24.518917 ;
20.900000 ;-18.957494 ;-24.518601 ;
21.000000 ;-18.950140 ;-24.517887 ;
21.100000 ;-18.947760 ;-24.517707 ;
21.200000 ;-18.952259 ;-24.518265 ;
21.300000 ;-18.959325 ;-24.519098 ;
21.400000 ;-18.958899 ;-24.519134 ;
21.500000 ;-18.951891 ;-24.518467 ;
21.600000 ;-18.948070 ;-24.518144 ;
21.700000 ;-18.950752 ;-24.518516 ;
21.800000 ;-18.957465 ;-24.519321 ;
21.900000 ;-18.959953 ;-24.519676 ;
22.000000 ;-18.953630 ;-24.519091 ;
22.100000 ;-18.948414 ;-24.518625 ;
22.200000 ;-18.949243 ;-24.518806 ;
22.300000 ;-18.955444 ;-24.519563 ;
22.400000 ;-18.960732 ;-24.520223 ;
22.500000 ;-18.956352 ;-24.519850 ;
22.600000 ;-18.949491 ;-24.519214 ;
22.700000 ;-18.947830 ;-24.519135 ;
22.800000 ;-18.952880 ;-24.519773 ;
22.900000 ;-18.960255 ;-24.520660 ;
23.000000 ;-18.960016 ;-24.520734 ;
23.100000 ;-18.952324 ;-24.520013 ;
23.200000 ;-18.947797 ;-24.519630 ;
23.300000 ;-18.950549 ;-24.520026 ;
23.400000 ;-18.958344 ;-24.520961 ;
23.500000 ;-18.962595 ;-24.521517 ;
23.600000 ;-18.956056 ;-24.520922 ;
23.700000 ;-18.949676 ;-24.520344 ;
23.800000 ;-18.949806 ;-24.520461 ;
23.900000 ;-18.956308 ;-24.521260 ;
24.000000 ;-18.962639 ;-24.522041 ;
24.100000 ;-18.958794 ;-24.521735 ;
24.200000 ;-18.952004 ;-24.521115 ;
24.300000 ;-18.950248 ;-24.521032 ;
24.400000 ;-18.954985 ;-24.521644 ;
24.500000 ;-18.961695 ;-24.522466 ;
24.600000 ;-18.960629 ;-24.522458 ;
24.700000 ;-18.953931 ;-24.521849 ;
24.800000 ;-18.950692 ;-24.521609 ;
24.900000 ;-18.953805 ;-24.522048 ;
25.000000 ;-18.960572 ;-24.522877 ;
25.100000 ;-18.962705 ;-24.523211 ;
25.200000 ;-18.956265 ;-24.522629 ;
25.300000 ;-18.951138 ;-24.522189 ;
25.400000 ;-18.952249 ;-24.522414 ;
25.500000 ;-18.958834 ;-24.523224 ;
25.600000 ;-18.964442 ;-24.523929 ;
25.700000 ;-18.960011 ;-24.523563 ;
25.800000 ;-18.952853 ;-24.522905 ;
25.900000 ;-18.951093 ;-24.522824 ;
26.000000 ;-18.956391 ;-24.523496 ;
26.100000 ;-18.964223 ;-24.524439 ;
26.200000 ;-18.964205 ;-24.524544 ;
26.300000 ;-18.956423 ;-24.523819 ;
26.400000 ;-18.951870 ;-24.523440 ;
26.500000 ;-18.954702 ;-24.523848 ;
26.600000 ;-18.962550 ;-24.524793 ;
26.700000 ;-18.966527 ;-24.525324 ;
26.800000 ;-18.959994 ;-24.524732 ;
26.900000 ;-18.954090 ;-24.524208 ;
27.000000 ;-18.954602 ;-24.524369 ;
27.100000 ;-18.961036 ;-24.525162 ;
27.200000 ;-18.966655 ;-24.525868 ;
27.300000 ;-18.962335 ;-24.525512 ;
27.400000 ;-18.956092 ;-24.524951 ;
27.500000 ;-18.954964 ;-24.524936 ;
27.600000 ;-18.959915 ;-24.525570 ;
27.700000 ;-18.966213 ;-24.526347 ;
27.800000 ;-18.964485 ;-24.526268 ;
27.900000 ;-18.957860 ;-24.525665 ;
28.000000 ;-18.954968 ;-24.525461 ;
28.100000 ;-18.958446 ;-24.525937 ;
28.200000 ;-18.965405 ;-24.526784 ;
28.300000 ;-18.967431 ;-24.527105 ;
28.400000 ;-18.960687 ;-24.526489 ;
28.500000 ;-18.955333 ;-24.526021 ;
28.600000 ;-18.956536 ;-24.526253 ;
28.700000 ;-18.963526 ;-24.527104 ;
28.800000 ;-18.969602 ;-24.527856 ;
28.900000 ;-18.965148 ;-24.527483 ;
29.000000 ;-18.957656 ;-24.526786 ;
29.100000 ;-18.955734 ;-24.526684 ;
29.200000 ;-18.961162 ;-24.527366 ;
29.300000 ;-18.969221 ;-24.528330 ;
29.400000 ;-18.969105 ;-24.528420 ;
29.500000 ;-18.961405 ;-24.527699 ;
29.600000 ;-18.957111 ;-24.527343 ;
29.700000 ;-18.960089 ;-24.527763 ;
29.800000 ;-18.967702 ;-24.528677 ;
29.900000 ;-18.970809 ;-24.529110 ;
30.000000 ;-18.964312 ;-24.528518 ;
30.100000 ;-18.959102 ;-24.528062 ;
30.200000 ;-18.960140 ;-24.528274 ;
30.300000 ;-18.966458 ;-24.529049 ;
30.400000 ;-18.971169 ;-24.529652 ;
30.500000 ;-18.966356 ;-24.529238 ;
30.600000 ;-18.960550 ;-24.528718 ;
30.700000 ;-18.959980 ;-24.528757 ;
30.800000 ;-18.965197 ;-24.529414 ;
30.900000 ;-18.971274 ;-24.530162 ;
31.000000 ;-18.969056 ;-24.530024 ;
31.100000 ;-18.962229 ;-24.529394 ;
31.200000 ;-18.959405 ;-24.529191 ;
31.300000 ;-18.963200 ;-24.529695 ;
31.400000 ;-18.970572 ;-24.530580 ;
31.500000 ;-18.972830 ;-24.530919 ;
31.600000 ;-18.965711 ;-24.530257 ;
31.700000 ;-18.959935 ;-24.529737 ;
31.800000 ;-18.961085 ;-24.529958 ;
31.900000 ;-18.968437 ;-24.530840 ;
32.000000 ;-18.974959 ;-24.531633 ;
32.100000 ;-18.970468 ;-24.531250 ;
32.200000 ;-18.962854 ;-24.530534 ;
32.300000 ;-18.960932 ;-24.530425 ;
32.400000 ;-18.966402 ;-24.531105 ;
32.500000 ;-18.974285 ;-24.532042 ;
32.600000 ;-18.973585 ;-24.532063 ;
32.700000 ;-18.966216 ;-24.531371 ;
32.800000 ;-18.962543 ;-24.531074 ;
32.900000 ;-18.965793 ;-24.531516 ;
33.000000 ;-18.972941 ;-24.532374 ;
33.100000 ;-18.974758 ;-24.532663 ;
33.200000 ;-18.968389 ;-24.532077 ;
33.300000 ;-18.963936 ;-24.531695 ;
33.400000 ;-18.965549 ;-24.531961 ;
33.500000 ;-18.971805 ;-24.532722 ;
33.600000 ;-18.975709 ;-24.533232 ;
33.700000 ;-18.970449 ;-24.532764 ;
33.800000 ;-18.964815 ;-24.532255 ;
33.900000 ;-18.964633 ;-24.532328 ;
34.000000 ;-18.970209 ;-24.533016 ;
34.100000 ;-18.976420 ;-24.533771 ;
34.200000 ;-18.973971 ;-24.533601 ;
34.300000 ;-18.966675 ;-24.532914 ;
34.400000 ;-18.963620 ;-24.532679 ;
34.500000 ;-18.967644 ;-24.533200 ;
34.600000 ;-18.975596 ;-24.534140 ;
34.700000 ;-18.978328 ;-24.534522 ;
34.800000 ;-18.970897 ;-24.533819 ;
34.900000 ;-18.964729 ;-24.533251 ;
35.000000 ;-18.965781 ;-24.533453 ;
35.100000 ;-18.973325 ;-24.534349 ;
35.200000 ;-18.979946 ;-24.535145 ;
35.300000 ;-18.975259 ;-24.534734 ;
35.400000 ;-18.967927 ;-24.534040 ;
35.500000 ;-18.966346 ;-24.533960 ;
35.600000 ;-18.971816 ;-24.534633 ;
35.700000 ;-18.979032 ;-24.535492 ;
35.800000 ;-18.977320 ;-24.535397 ;
35.900000 ;-18.970501 ;-24.534757 ;
36.000000 ;-18.967697 ;-24.534545 ;
36.100000 ;-18.971308 ;-24.535018 ;
36.200000 ;-18.977903 ;-24.535810 ;
36.300000 ;-18.978438 ;-24.535954 ;
36.400000 ;-18.972146 ;-24.535369 ;
36.500000 ;-18.968296 ;-24.535044 ;
36.600000 ;-18.970442 ;-24.535360 ;
36.700000 ;-18.976806 ;-24.536125 ;
36.800000 ;-18.980281 ;-24.536582 ;
36.900000 ;-18.974580 ;-24.536059 ;
37.000000 ;-18.968735 ;-24.535520 ;
37.100000 ;-18.968692 ;-24.535601 ;
37.200000 ;-18.974723 ;-24.536330 ;
37.300000 ;-18.981475 ;-24.537136 ;
37.400000 ;-18.979097 ;-24.536966 ;
37.500000 ;-18.971193 ;-24.536206 ;
37.600000 ;-18.967695 ;-24.535917 ;
37.700000 ;-18.971822 ;-24.536442 ;
37.800000 ;-18.980314 ;-24.537432 ;
37.900000 ;-18.983436 ;-24.537849 ;
38.000000 ;-18.975853 ;-24.537122 ;
38.100000 ;-18.969636 ;-24.536541 ;
38.200000 ;-18.970728 ;-24.536741 ;
38.300000 ;-18.978198 ;-24.537621 ;
38.400000 ;-18.984245 ;-24.538349 ;
38.500000 ;-18.979146 ;-24.537886 ;
38.600000 ;-18.972538 ;-24.537263 ;
38.700000 ;-18.971659 ;-24.537250 ;
38.800000 ;-18.977115 ;-24.537914 ;
38.900000 ;-18.983283 ;-24.538654 ;
39.000000 ;-18.980453 ;-24.538433 ;
39.100000 ;-18.974241 ;-24.537850 ;
39.200000 ;-18.972320 ;-24.537725 ;
39.300000 ;-18.976329 ;-24.538234 ;
39.400000 ;-18.982500 ;-24.538973 ;
39.500000 ;-18.982448 ;-24.539047 ;
39.600000 ;-18.980255 ;-24.538892 ;
39.700000 ;-18.979365 ;-24.538876 ;
39.800000 ;-18.978866 ;-24.538902 ;
39.900000 ;-18.978590 ;-24.538954 ;
40.000000 ;-18.978653 ;-24.539031 ;
40.100000 ;-18.979111 ;-24.539113 ;
40.200000 ;-18.980010 ;-24.539205 ;
40.300000 ;-18.981372 ;-24.539311 ;
40.400000 ;-18.983359 ;-24.539436 ;
40.500000 ;-18.985820 ;-24.539586 ;
40.600000 ;-18.988781 ;-24.539766 ;
40.700000 ;-18.992252 ;-24.539981 ;
40.800000 ;-18.996261 ;-24.540237 ;
40.900000 ;-19.000745 ;-24.540530 ;
41.000000 ;-19.005821 ;-24.540871 ;
41.100000 ;-19.011650 ;-24.541270 ;
41.200000 ;-19.018019 ;-24.541709 ;
41.300000 ;-19.024524 ;-24.542158 ;
41.400000 ;-19.032117 ;-24.542687 ;
41.500000 ;-19.041216 ;-24.543319 ;
41.600000 ;-19.051202 ;-24.544003 ;
41.700000 ;-19.059676 ;-24.544538 ;
41.800000 ;-19.066745 ;-24.544933 ;
41.900000 ;-19.077361 ;-24.545593 ;
42.000000 ;-19.093389 ;-24.546659 ;
42.100000 ;-19.113280 ;-24.547982 ;
42.200000 ;-19.132076 ;-24.549122 ;
42.300000 ;-19.140569 ;-24.549217 ;
42.400000 ;-19.142446 ;-24.548564 ;
42.500000 ;-19.154497 ;-24.548810 ;
42.600000 ;-19.183383 ;-24.550592 ;
42.700000 ;-19.224860 ;-24.553455 ;
42.800000 ;-19.263775 ;-24.555849 ;
42.900000 ;-19.278099 ;-24.555528 ;
43.000000 ;-19.284012 ;-24.554114 ;
43.100000 ;-19.304406 ;-24.554014 ;
43.200000 ;-19.343478 ;-24.555648 ;
43.300000 ;-19.388237 ;-24.557580 ;
43.400000 ;-19.414434 ;-24.557167 ;
43.500000 ;-19.437806 ;-24.556110 ;
43.600000 ;-19.469629 ;-24.555589 ;
43.700000 ;-19.508612 ;-24.555428 ;
43.800000 ;-19.545363 ;-24.554589 ;
43.900000 ;-19.578862 ;-24.552964 ;
44.000000 ;-19.616454 ;-24.551277 ;
44.100000 ;-19.659691 ;-24.549639 ;
44.200000 ;-19.705232 ;-24.547679 ;
44.300000 ;-19.746192 ;-24.544686 ;
44.400000 ;-19.785785 ;-24.540976 ;
44.500000 ;-19.831076 ;-24.537203 ;
44.600000 ;-19.883613 ;-24.533476 ;
44.700000 ;-19.939299 ;-24.529349 ;
44.800000 ;-19.988754 ;-24.523858 ;
44.900000 ;-20.031745 ;-24.516961 ;
45.000000 ;-20.079614 ;-24.509818 ;
45.100000 ;-20.137162 ;-24.502901 ;
45.200000 ;-20.201659 ;-24.495883 ;
45.300000 ;-20.262845 ;-24.487632 ;
45.400000 ;-20.312149 ;-24.477217 ;
45.500000 ;-20.362613 ;-24.466064 ;
45.600000 ;-20.421565 ;-24.454970 ;
45.700000 ;-20.488542 ;-24.443858 ;
45.800000 ;-20.555387 ;-24.431785 ;
45.900000 ;-20.611586 ;-24.417563 ;
46.000000 ;-20.666936 ;-24.402329 ;
46.100000 ;-20.728367 ;-24.386858 ;
46.200000 ;-20.796258 ;-24.371183 ;
46.300000 ;-20.864911 ;-24.354645 ;
46.400000 ;-20.925435 ;-24.336236 ;
46.500000 ;-20.983904 ;-24.316691 ;
46.600000 ;-21.046951 ;-24.296770 ;
46.700000 ;-21.115795 ;-24.276613 ;
46.800000 ;-21.186614 ;-24.255788 ;
46.900000 ;-21.251053 ;-24.233348 ;
47.000000 ;-21.309909 ;-24.209433 ;
47.100000 ;-21.371510 ;-24.185032 ;
47.200000 ;-21.439176 ;-24.160548 ;
47.300000 ;-21.511259 ;-24.135801 ;
47.400000 ;-21.581142 ;-24.110033 ;
47.500000 ;-21.641223 ;-24.082383 ;
47.600000 ;-21.699218 ;-24.053818 ;
47.700000 ;-21.762066 ;-24.025203 ;
47.800000 ;-21.831350 ;-23.996750 ;
47.900000 ;-21.903445 ;-23.968044 ;
48.000000 ;-21.969518 ;-23.938039 ;
48.100000 ;-22.025990 ;-23.906349 ;
48.200000 ;-22.082985 ;-23.874266 ;
48.300000 ;-22.145629 ;-23.842453 ;
48.400000 ;-22.213952 ;-23.810941 ;
48.500000 ;-22.282885 ;-23.779130 ;
48.600000 ;-22.342979 ;-23.745878 ;
48.700000 ;-22.396565 ;-23.711537 ;
48.800000 ;-22.452316 ;-23.677226 ;
48.900000 ;-22.513530 ;-23.643384 ;
49.000000 ;-22.578946 ;-23.609883 ;
49.100000 ;-22.642737 ;-23.576023 ;
49.200000 ;-22.696908 ;-23.540841 ;
49.300000 ;-22.747345 ;-23.505129 ;
49.400000 ;-22.800714 ;-23.469748 ;
49.500000 ;-22.859181 ;-23.434991 ;
49.600000 ;-22.920823 ;-23.400646 ;
49.700000 ;-22.979633 ;-23.365987 ;
49.800000 ;-23.028771 ;-23.330198 ;
49.900000 ;-23.074948 ;-23.294160 ;
50.000000 ;-23.124322 ;-23.258661 ;
50.100000 ;-23.178885 ;-23.223966 ;
50.200000 ;-23.236677 ;-23.189854 ;
50.300000 ;-23.291777 ;-23.155609 ;
50.400000 ;-23.336782 ;-23.120340 ;
50.500000 ;-23.377821 ;-23.084848 ;
50.600000 ;-23.421848 ;-23.050003 ;
50.700000 ;-23.471449 ;-23.016138 ;
50.800000 ;-23.525117 ;-22.983081 ;
50.900000 ;-23.577258 ;-22.950160 ;
51.000000 ;-23.619362 ;-22.916348 ;
51.100000 ;-23.655488 ;-22.882180 ;
51.200000 ;-23.693788 ;-22.848653 ;
51.300000 ;-23.737687 ;-22.816189 ;
51.400000 ;-23.786442 ;-22.784706 ;
51.500000 ;-23.835141 ;-22.753621 ;
51.600000 ;-23.875043 ;-22.721895 ;
51.700000 ;-23.907202 ;-22.689684 ;
51.800000 ;-23.940416 ;-22.658040 ;
51.900000 ;-23.978680 ;-22.627429 ;
52.000000 ;-24.022020 ;-22.597860 ;
52.100000 ;-24.066497 ;-22.568876 ;
52.200000 ;-24.104220 ;-22.539563 ;
52.300000 ;-24.133091 ;-22.509701 ;
52.400000 ;-24.161824 ;-22.480297 ;
52.500000 ;-24.194830 ;-22.451844 ;
52.600000 ;-24.232883 ;-22.424427 ;
52.700000 ;-24.273122 ;-22.397726 ;
52.800000 ;-24.309051 ;-22.371017 ;
52.900000 ;-24.335284 ;-22.343713 ;
53.000000 ;-24.359551 ;-22.316681 ;
53.100000 ;-24.387204 ;-22.290485 ;
53.200000 ;-24.420032 ;-22.265311 ;
53.300000 ;-24.456359 ;-22.240979 ;
53.400000 ;-24.491044 ;-22.216941 ;
53.500000 ;-24.516549 ;-22.192402 ;
53.600000 ;-24.536557 ;-22.167774 ;
53.700000 ;-24.558418 ;-22.143795 ;
53.800000 ;-24.585476 ;-22.120793 ;
53.900000 ;-24.617531 ;-22.098741 ;
54.000000 ;-24.650837 ;-22.077263 ;
54.100000 ;-24.678105 ;-22.055631 ;
54.200000 ;-24.695569 ;-22.033496 ;
54.300000 ;-24.712021 ;-22.011713 ;
54.400000 ;-24.732770 ;-21.990758 ;
54.500000 ;-24.759423 ;-21.970770 ;
54.600000 ;-24.789893 ;-21.951552 ;
54.700000 ;-24.818395 ;-21.932573 ;
54.800000 ;-24.836792 ;-21.913095 ;
54.900000 ;-24.849800 ;-21.893573 ;
55.000000 ;-24.865027 ;-21.874638 ;
55.100000 ;-24.885773 ;-21.856548 ;
55.200000 ;-24.911708 ;-21.839269 ;
55.300000 ;-24.938872 ;-21.822474 ;
55.400000 ;-24.959676 ;-21.805542 ;
55.500000 ;-24.971443 ;-21.788291 ;
55.600000 ;-24.982839 ;-21.771389 ;
55.700000 ;-24.998379 ;-21.755134 ;
55.800000 ;-25.019262 ;-21.739599 ;
55.900000 ;-25.043370 ;-21.724633 ;
56.000000 ;-25.065272 ;-21.709859 ;
56.100000 ;-25.078034 ;-21.694818 ;
56.200000 ;-25.086866 ;-21.679893 ;
56.300000 ;-25.097911 ;-21.665410 ;
56.400000 ;-25.113805 ;-21.651496 ;
56.500000 ;-25.134171 ;-21.638122 ;
56.600000 ;-25.155620 ;-21.625111 ;
56.700000 ;-25.171751 ;-21.612130 ;
56.800000 ;-25.180014 ;-21.599103 ;
56.900000 ;-25.187840 ;-21.586365 ;
57.000000 ;-25.198985 ;-21.574002 ;
57.100000 ;-25.214555 ;-21.562033 ;
57.200000 ;-25.233008 ;-21.550409 ;
57.300000 ;-25.250151 ;-21.539020 ;
57.400000 ;-25.260293 ;-21.527733 ;
57.500000 ;-25.267422 ;-21.516701 ;
57.600000 ;-25.275919 ;-21.505907 ;
57.700000 ;-25.287427 ;-21.495312 ;
57.800000 ;-25.301669 ;-21.484910 ;
57.900000 ;-25.316448 ;-21.474733 ;
58.000000 ;-25.327677 ;-21.464846 ;
58.100000 ;-25.335237 ;-21.455333 ;
58.200000 ;-25.342953 ;-21.446035 ;
58.300000 ;-25.352125 ;-21.436796 ;
58.400000 ;-25.362983 ;-21.427580 ;
58.500000 ;-25.374683 ;-21.418471 ;
58.600000 ;-25.385309 ;-21.409669 ;
58.700000 ;-25.393267 ;-21.401421 ;
58.800000 ;-25.400832 ;-21.393505 ;
58.900000 ;-25.408750 ;-21.385587 ;
59.000000 ;-25.417260 ;-21.377528 ;
59.100000 ;-25.426224 ;-21.369380 ;
59.200000 ;-25.435132 ;-21.361392 ;
59.300000 ;-25.443143 ;-21.354002 ;
59.400000 ;-25.450981 ;-21.347349 ;
59.500000 ;-25.458773 ;-21.340830 ;
59.600000 ;-25.466051 ;-21.334029 ;
59.700000 ;-25.472684 ;-21.326839 ;
59.800000 ;-25.478876 ;-21.319457 ;
59.900000 ;-25.485168 ;-21.312386 ;
60.000000 ;-25.492566 ;-21.306382 ;
60.100000 ;-25.501692 ;-21.301261 ;
60.200000 ;-25.510105 ;-21.296028 ;
60.300000 ;-25.516215 ;-21.290130 ;
60.400000 ;-25.519836 ;-21.283506 ;
60.500000 ;-25.522193 ;-21.276585 ;
60.600000 ;-25.525916 ;-21.270288 ;
60.700000 ;-25.534567 ;-21.265731 ;
60.800000 ;-25.546029 ;-21.262019 ;
60.900000 ;-25.555033 ;-21.257812 ;
61.000000 ;-25.559065 ;-21.252500 ;
61.100000 ;-25.558519 ;-21.246181 ;
61.200000 ;-25.556694 ;-21.239665 ;
61.300000 ;-25.559800 ;-21.234473 ;
61.400000 ;-25.572264 ;-21.231515 ;
61.500000 ;-25.585911 ;-21.228878 ;
61.600000 ;-25.593929 ;-21.225214 ;
61.700000 ;-25.594011 ;-21.220066 ;
61.800000 ;-25.588343 ;-21.213872 ;
61.900000 ;-25.583609 ;-21.207959 ;
62.000000 ;-25.590305 ;-21.204393 ;
62.100000 ;-25.605427 ;-21.202454 ;
62.200000 ;-25.617605 ;-21.200083 ;
62.300000 ;-25.621511 ;-21.196375 ;
62.400000 ;-25.617205 ;-21.191345 ;
62.500000 ;-25.610132 ;-21.185924 ;
62.600000 ;-25.611122 ;-21.181957 ;
62.700000 ;-25.623258 ;-21.179914 ;
62.800000 ;-25.634401 ;-21.177782 ;
62.900000 ;-25.639567 ;-21.174815 ;
63.000000 ;-25.638165 ;-21.170927 ;
63.100000 ;-25.634001 ;-21.166695 ;
63.200000 ;-25.635273 ;-21.163353 ;
63.300000 ;-25.644361 ;-21.161226 ;
63.400000 ;-25.652795 ;-21.159073 ;
63.500000 ;-25.657068 ;-21.156421 ;
63.600000 ;-25.656662 ;-21.153202 ;
63.700000 ;-25.654057 ;-21.149750 ;
63.800000 ;-25.654723 ;-21.146805 ;
63.900000 ;-25.662264 ;-21.144822 ;
64.000000 ;-25.670469 ;-21.142976 ;
64.100000 ;-25.675366 ;-21.140788 ;
64.200000 ;-25.675582 ;-21.138093 ;
64.300000 ;-25.672330 ;-21.135037 ;
64.400000 ;-25.669404 ;-21.132076 ;
64.500000 ;-25.672973 ;-21.129945 ;
64.600000 ;-25.682985 ;-21.128580 ;
64.700000 ;-25.692116 ;-21.127168 ;
64.800000 ;-25.695934 ;-21.125243 ;
64.900000 ;-25.693304 ;-21.122684 ;
65.000000 ;-25.686380 ;-21.119718 ;
65.100000 ;-25.680611 ;-21.116918 ;
65.200000 ;-25.684425 ;-21.115163 ;
65.300000 ;-25.696936 ;-21.114276 ;
65.400000 ;-25.707962 ;-21.113287 ;
65.500000 ;-25.711738 ;-21.111686 ;
65.600000 ;-25.707054 ;-21.109366 ;
65.700000 ;-25.697249 ;-21.106626 ;
65.800000 ;-25.690213 ;-21.104162 ;
65.900000 ;-25.696405 ;-21.102884 ;
66.000000 ;-25.708327 ;-21.102071 ;
66.100000 ;-25.716619 ;-21.101019 ;
66.200000 ;-25.717614 ;-21.099482 ;
66.300000 ;-25.712040 ;-21.097511 ;
66.400000 ;-25.705028 ;-21.095463 ;
66.500000 ;-25.705942 ;-21.093984 ;
66.600000 ;-25.714193 ;-21.092973 ;
66.700000 ;-25.721145 ;-21.091910 ;
66.800000 ;-25.723656 ;-21.090663 ;
66.900000 ;-25.721494 ;-21.089224 ;
67.000000 ;-25.717333 ;-21.087715 ;
67.100000 ;-25.716755 ;-21.086381 ;
67.200000 ;-25.722185 ;-21.085275 ;
67.300000 ;-25.727615 ;-21.084170 ;
67.400000 ;-25.730447 ;-21.083055 ;
67.500000 ;-25.729938 ;-21.081928 ;
67.600000 ;-25.727194 ;-21.080800 ;
67.700000 ;-25.725169 ;-21.079689 ;
67.800000 ;-25.727800 ;-21.078590 ;
67.900000 ;-25.732396 ;-21.077410 ;
68.000000 ;-25.735910 ;-21.076293 ;
68.100000 ;-25.737052 ;-21.075335 ;
68.200000 ;-25.735825 ;-21.074541 ;
68.300000 ;-25.733526 ;-21.073822 ;
68.400000 ;-25.732748 ;-21.072997 ;
68.500000 ;-25.735487 ;-21.071815 ;
68.600000 ;-25.738591 ;-21.070462 ;
68.700000 ;-25.740747 ;-21.069350 ;
68.800000 ;-25.741470 ;-21.068661 ;
68.900000 ;-25.740958 ;-21.068340 ;
69.000000 ;-25.740094 ;-21.068094 ;
69.100000 ;-25.740448 ;-21.067392 ;
69.200000 ;-25.741661 ;-21.065945 ;
69.300000 ;-25.742561 ;-21.064480 ;
69.400000 ;-25.743564 ;-21.063531 ;
69.500000 ;-25.744812 ;-21.063247 ;
69.600000 ;-25.746174 ;-21.063385 ;
69.700000 ;-25.747245 ;-21.063314 ;
69.800000 ;-25.747227 ;-21.062192 ;
69.900000 ;-25.746044 ;-21.060592 ;
70.000000 ;-25.745599 ;-21.059373 ;
70.100000 ;-25.746866 ;-21.058900 ;
70.200000 ;-25.749640 ;-21.059082 ;
70.300000 ;-25.752538 ;-21.059369 ;
70.400000 ;-25.753016 ;-21.058772 ;
70.500000 ;-25.750154 ;-21.057168 ;
70.600000 ;-25.747511 ;-21.055675 ;
70.700000 ;-25.747514 ;-21.054924 ;
70.800000 ;-25.750681 ;-21.055044 ;
70.900000 ;-25.755609 ;-21.055664 ;
71.000000 ;-25.758987 ;-21.055909 ;
71.100000 ;-25.756141 ;-21.054628 ;
71.200000 ;-25.749221 ;-21.052503 ;
71.300000 ;-25.744649 ;-21.050906 ;
71.400000 ;-25.745789 ;-21.050537 ;
71.500000 ;-25.752734 ;-21.051411 ;
71.600000 ;-25.762309 ;-21.052863 ;
71.700000 ;-25.768070 ;-21.053547 ;
71.800000 ;-25.761740 ;-21.051816 ;
71.900000 ;-25.748699 ;-21.048906 ;
72.000000 ;-25.740361 ;-21.046872 ;
72.100000 ;-25.742397 ;-21.046711 ;
72.200000 ;-25.754533 ;-21.048371 ;
72.300000 ;-25.770557 ;-21.050749 ;
72.400000 ;-25.778314 ;-21.051693 ;
72.500000 ;-25.767785 ;-21.049493 ;
72.600000 ;-25.754928 ;-21.046970 ;
72.700000 ;-25.749751 ;-21.045685 ;
72.800000 ;-25.755066 ;-21.046064 ;
72.900000 ;-25.766942 ;-21.047490 ;
73.000000 ;-25.774700 ;-21.048304 ;
73.100000 ;-25.768424 ;-21.046988 ;
73.200000 ;-25.761192 ;-21.045560 ;
73.300000 ;-25.758541 ;-21.044796 ;
73.400000 ;-25.761405 ;-21.044820 ;
73.500000 ;-25.766864 ;-21.045222 ;
73.600000 ;-25.768172 ;-21.045067 ;
73.700000 ;-25.763964 ;-21.044186 ;
73.800000 ;-25.760366 ;-21.043398 ;
73.900000 ;-25.759785 ;-21.043002 ;
74.000000 ;-25.762491 ;-21.043029 ;
74.100000 ;-25.766620 ;-21.043245 ;
74.200000 ;-25.768171 ;-21.043150 ;
74.300000 ;-25.764169 ;-21.042404 ;
74.400000 ;-25.759114 ;-21.041556 ;
74.500000 ;-25.756728 ;-21.041012 ;
74.600000 ;-25.758573 ;-21.040944 ;
74.700000 ;-25.764057 ;-21.041286 ;
74.800000 ;-25.770436 ;-21.041736 ;
74.900000 ;-25.772811 ;-21.041755 ;
75.000000 ;-25.765908 ;-21.040825 ;
75.100000 ;-25.755274 ;-21.039562 ;
75.200000 ;-25.748773 ;-21.038700 ;
75.300000 ;-25.750332 ;-21.038604 ;
75.400000 ;-25.759917 ;-21.039270 ;
75.500000 ;-25.773533 ;-21.040325 ;
75.600000 ;-25.783223 ;-21.041026 ;
75.700000 ;-25.778107 ;-21.040381 ;
75.800000 ;-25.763190 ;-21.038970 ;
75.900000 ;-25.751898 ;-21.037865 ;
76.000000 ;-25.751065 ;-21.037565 ;
76.100000 ;-25.761248 ;-21.038107 ;
76.200000 ;-25.776723 ;-21.039063 ;
76.300000 ;-25.785483 ;-21.039539 ;
76.400000 ;-25.777056 ;-21.038798 ;
76.500000 ;-25.766979 ;-21.037998 ;
76.600000 ;-25.762410 ;-21.037520 ;
76.700000 ;-25.765049 ;-21.037437 ;
76.800000 ;-25.772062 ;-21.037601 ;
76.900000 ;-25.776088 ;-21.037636 ;
77.000000 ;-25.771730 ;-21.037299 ;
77.100000 ;-25.767309 ;-21.036990 ;
77.200000 ;-25.765567 ;-21.036759 ;
77.300000 ;-25.767025 ;-21.036608 ;
77.400000 ;-25.770204 ;-21.036505 ;
77.500000 ;-25.771619 ;-21.036387 ;
77.600000 ;-25.769260 ;-21.036259 ;
77.700000 ;-25.766759 ;-21.036163 ;
77.800000 ;-25.765679 ;-21.036035 ;
77.900000 ;-25.766524 ;-21.035850 ;
78.000000 ;-25.768760 ;-21.035626 ;
78.100000 ;-25.770811 ;-21.035423 ;
78.200000 ;-25.770299 ;-21.035357 ;
78.300000 ;-25.768130 ;-21.035531 ;
78.400000 ;-25.766303 ;-21.035679 ;
78.500000 ;-25.765778 ;-21.035602 ;
78.600000 ;-25.766801 ;-21.035245 ;
78.700000 ;-25.768900 ;-21.034700 ;
78.800000 ;-25.770888 ;-21.034209 ;
78.900000 ;-25.770925 ;-21.034161 ;
79.000000 ;-25.769944 ;-21.034852 ;
79.100000 ;-25.769212 ;-21.035575 ;
79.200000 ;-25.768753 ;-21.035721 ;
79.300000 ;-25.768558 ;-21.035090 ;
79.400000 ;-25.768585 ;-21.033892 ;
79.500000 ;-25.768758 ;-21.032746 ;
79.600000 ;-25.768976 ;-21.032664 ;
79.700000 ;-25.769249 ;-21.033185 ;
79.800000 ;-25.769276 ;-21.033421 ;
79.900000 ;-25.768974 ;-21.033385 ;
80.000000 ;-25.768748 ;-21.033311 ;
