0.000000 ;-27.500000 ;-20.600000 ;
0.100000 ;-26.739728 ;-20.483484 ;
0.200000 ;-26.349366 ;-20.429989 ;
0.300000 ;-26.176481 ;-20.415437 ;
0.400000 ;-26.100039 ;-20.420715 ;
0.500000 ;-26.079074 ;-20.437935 ;
0.600000 ;-26.085595 ;-20.461546 ;
0.700000 ;-26.099034 ;-20.487452 ;
0.800000 ;-26.120561 ;-20.514908 ;
0.900000 ;-26.142449 ;-20.542180 ;
1.000000 ;-26.158336 ;-20.567892 ;
1.100000 ;-26.173340 ;-20.592520 ;
1.200000 ;-26.188509 ;-20.616056 ;
1.300000 ;-26.200845 ;-20.637932 ;
1.400000 ;-26.208019 ;-20.657710 ;
1.500000 ;-26.213712 ;-20.675969 ;
1.600000 ;-26.219907 ;-20.693073 ;
1.700000 ;-26.226802 ;-20.709102 ;
1.800000 ;-26.232808 ;-20.723851 ;
1.900000 ;-26.234347 ;-20.736823 ;
2.000000 ;-26.229930 ;-20.747951 ;
2.100000 ;-26.225850 ;-20.758151 ;
2.200000 ;-26.226419 ;-20.768054 ;
2.300000 ;-26.232838 ;-20.777885 ;
2.400000 ;-26.243198 ;-20.787462 ;
2.500000 ;-26.252480 ;-20.796198 ;
2.600000 ;-26.252576 ;-20.803097 ;
2.700000 ;-26.243323 ;-20.808218 ;
2.800000 ;-26.236557 ;-20.813090 ;
2.900000 ;-26.237016 ;-20.818322 ;
3.000000 ;-26.243162 ;-20.823770 ;
3.100000 ;-26.247176 ;-20.828542 ;
3.200000 ;-26.241985 ;-20.831832 ;
3.300000 ;-26.236808 ;-20.834768 ;
3.400000 ;-26.235501 ;-20.837836 ;
3.500000 ;-26.238075 ;-20.841065 ;
3.600000 ;-26.240909 ;-20.844053 ;
3.700000 ;-26.237940 ;-20.846114 ;
3.800000 ;-26.231908 ;-20.847592 ;
3.900000 ;-26.228341 ;-20.849154 ;
4.000000 ;-26.229480 ;-20.851080 ;
4.100000 ;-26.234387 ;-20.853278 ;
4.200000 ;-26.238939 ;-20.855282 ;
4.300000 ;-26.235875 ;-20.856258 ;
4.400000 ;-26.223950 ;-20.856076 ;
4.500000 ;-26.214352 ;-20.856052 ;
4.600000 ;-26.213981 ;-20.857002 ;
4.700000 ;-26.223653 ;-20.859029 ;
4.800000 ;-26.238102 ;-20.861529 ;
4.900000 ;-26.245982 ;-20.863189 ;
5.000000 ;-26.233517 ;-20.862412 ;
5.100000 ;-26.213283 ;-20.860673 ;
5.200000 ;-26.204067 ;-20.860164 ;
5.300000 ;-26.212563 ;-20.861669 ;
5.400000 ;-26.233283 ;-20.864554 ;
5.500000 ;-26.248561 ;-20.866766 ;
5.600000 ;-26.237282 ;-20.865852 ;
5.700000 ;-26.221868 ;-20.864428 ;
5.800000 ;-26.216823 ;-20.864186 ;
5.900000 ;-26.223638 ;-20.865302 ;
6.000000 ;-26.233088 ;-20.866704 ;
6.100000 ;-26.229150 ;-20.866530 ;
6.200000 ;-26.221743 ;-20.865938 ;
6.300000 ;-26.218833 ;-20.865855 ;
6.400000 ;-26.221152 ;-20.866370 ;
6.500000 ;-26.224587 ;-20.867005 ;
6.600000 ;-26.222010 ;-20.866932 ;
6.700000 ;-26.217192 ;-20.866593 ;
6.800000 ;-26.214874 ;-20.866539 ;
6.900000 ;-26.216443 ;-20.866931 ;
7.000000 ;-26.220379 ;-20.867596 ;
7.100000 ;-26.222256 ;-20.868018 ;
7.200000 ;-26.216780 ;-20.867583 ;
7.300000 ;-26.208977 ;-20.866877 ;
7.400000 ;-26.205462 ;-20.866667 ;
7.500000 ;-26.208797 ;-20.867254 ;
7.600000 ;-26.217477 ;-20.868460 ;
7.700000 ;-26.225928 ;-20.869640 ;
7.800000 ;-26.224476 ;-20.869670 ;
7.900000 ;-26.208118 ;-20.867967 ;
8.000000 ;-26.193061 ;-20.866418 ;
8.100000 ;-26.191200 ;-20.866403 ;
8.200000 ;-26.204821 ;-20.868189 ;
8.300000 ;-26.226605 ;-20.870924 ;
8.400000 ;-26.239625 ;-20.872639 ;
8.500000 ;-26.225409 ;-20.871188 ;
8.600000 ;-26.205694 ;-20.869100 ;
8.700000 ;-26.199023 ;-20.868531 ;
8.800000 ;-26.209288 ;-20.869934 ;
8.900000 ;-26.226769 ;-20.872177 ;
9.000000 ;-26.228629 ;-20.872601 ;
9.100000 ;-26.217030 ;-20.871460 ;
9.200000 ;-26.210470 ;-20.870905 ;
9.300000 ;-26.212090 ;-20.871303 ;
9.400000 ;-26.217718 ;-20.872168 ;
9.500000 ;-26.217114 ;-20.872308 ;
9.600000 ;-26.214546 ;-20.872220 ;
9.700000 ;-26.213162 ;-20.872269 ;
9.800000 ;-26.212259 ;-20.872375 ;
9.900000 ;-26.209244 ;-20.918356 ;
10.000000 ;-26.151949 ;-21.211134 ;
10.100000 ;-25.994438 ;-21.610335 ;
10.200000 ;-25.727731 ;-22.014828 ;
10.300000 ;-25.376115 ;-22.390386 ;
10.400000 ;-24.966890 ;-22.725111 ;
10.500000 ;-24.527517 ;-23.016848 ;
10.600000 ;-24.080917 ;-23.267305 ;
10.700000 ;-23.643835 ;-23.479677 ;
10.800000 ;-23.229122 ;-23.657935 ;
10.900000 ;-22.841696 ;-23.805815 ;
11.000000 ;-22.487652 ;-23.927454 ;
11.100000 ;-22.169798 ;-24.026646 ;
11.200000 ;-21.877562 ;-24.105829 ;
11.300000 ;-21.616907 ;-24.168757 ;
11.400000 ;-21.397662 ;-24.219134 ;
11.500000 ;-21.206359 ;-24.258276 ;
11.600000 ;-21.022368 ;-24.286649 ;
11.700000 ;-20.862308 ;-24.307735 ;
11.800000 ;-20.731464 ;-24.323583 ;
11.900000 ;-20.616399 ;-24.334404 ;
12.000000 ;-20.504150 ;-24.340313 ;
12.100000 ;-20.408253 ;-24.343471 ;
12.200000 ;-20.331124 ;-24.344850 ;
12.300000 ;-20.262153 ;-24.344204 ;
12.400000 ;-20.192362 ;-24.341362 ;
12.500000 ;-20.132871 ;-24.337731 ;
12.600000 ;-20.086860 ;-24.333919 ;
12.700000 ;-20.047308 ;-24.329609 ;
12.800000 ;-20.002894 ;-24.324073 ;
12.900000 ;-19.962359 ;-24.318301 ;
13.000000 ;-19.932510 ;-24.313044 ;
13.100000 ;-19.910921 ;-24.308197 ;
13.200000 ;-19.886328 ;-24.302830 ;
13.300000 ;-19.856160 ;-24.296801 ;
13.400000 ;-19.832313 ;-24.291302 ;
13.500000 ;-19.818427 ;-24.286726 ;
13.600000 ;-19.809079 ;-24.282581 ;
13.700000 ;-19.791410 ;-24.277649 ;
13.800000 ;-19.769549 ;-24.272369 ;
13.900000 ;-19.755192 ;-24.267925 ;
14.000000 ;-19.750265 ;-24.264519 ;
14.100000 ;-19.747170 ;-24.261392 ;
14.200000 ;-19.732801 ;-24.257224 ;
14.300000 ;-19.716301 ;-24.252957 ;
14.400000 ;-19.708037 ;-24.249654 ;
14.500000 ;-19.708214 ;-24.247335 ;
14.600000 ;-19.707309 ;-24.245015 ;
14.700000 ;-19.694417 ;-24.241571 ;
14.800000 ;-19.682252 ;-24.238319 ;
14.900000 ;-19.678510 ;-24.236053 ;
15.000000 ;-19.681403 ;-24.234581 ;
15.100000 ;-19.679844 ;-24.232748 ;
15.200000 ;-19.668187 ;-24.229964 ;
15.300000 ;-19.659597 ;-24.227599 ;
15.400000 ;-19.659240 ;-24.226184 ;
15.500000 ;-19.663554 ;-24.225343 ;
15.600000 ;-19.660664 ;-24.223833 ;
15.700000 ;-19.650013 ;-24.221595 ;
15.800000 ;-19.643920 ;-24.219910 ;
15.900000 ;-19.646044 ;-24.219156 ;
16.000000 ;-19.651440 ;-24.218811 ;
16.100000 ;-19.647639 ;-24.217569 ;
16.200000 ;-19.637402 ;-24.215716 ;
16.300000 ;-19.632874 ;-24.214520 ;
16.400000 ;-19.636890 ;-24.214272 ;
16.500000 ;-19.643235 ;-24.214319 ;
16.600000 ;-19.638639 ;-24.213269 ;
16.700000 ;-19.628749 ;-24.211711 ;
16.800000 ;-19.625546 ;-24.210896 ;
16.900000 ;-19.630968 ;-24.211026 ;
17.000000 ;-19.637402 ;-24.211300 ;
17.100000 ;-19.631585 ;-24.210325 ;
17.200000 ;-19.622727 ;-24.209065 ;
17.300000 ;-19.621256 ;-24.208611 ;
17.400000 ;-19.627570 ;-24.209003 ;
17.500000 ;-19.632596 ;-24.209287 ;
17.600000 ;-19.625446 ;-24.208321 ;
17.700000 ;-19.618283 ;-24.207378 ;
17.800000 ;-19.618796 ;-24.207262 ;
17.900000 ;-19.625567 ;-24.207823 ;
18.000000 ;-19.628295 ;-24.207980 ;
18.100000 ;-19.620444 ;-24.207047 ;
18.200000 ;-19.614837 ;-24.206367 ;
18.300000 ;-19.617079 ;-24.206525 ;
18.400000 ;-19.624276 ;-24.207218 ;
18.500000 ;-19.625169 ;-24.207264 ;
18.600000 ;-19.616829 ;-24.206356 ;
18.700000 ;-19.612114 ;-24.205840 ;
18.800000 ;-19.615732 ;-24.206210 ;
18.900000 ;-19.623637 ;-24.207038 ;
19.000000 ;-19.623427 ;-24.207027 ;
19.100000 ;-19.614532 ;-24.206115 ;
19.200000 ;-19.610367 ;-24.205707 ;
19.300000 ;-19.615110 ;-24.206241 ;
19.400000 ;-19.623543 ;-24.207170 ;
19.500000 ;-19.622045 ;-24.207064 ;
19.600000 ;-19.613139 ;-24.206189 ;
19.700000 ;-19.610015 ;-24.205927 ;
19.800000 ;-19.615703 ;-24.206593 ;
19.900000 ;-19.623564 ;-24.207492 ;
20.000000 ;-19.619978 ;-24.207197 ;
20.100000 ;-19.612012 ;-24.206447 ;
20.200000 ;-19.610686 ;-24.206398 ;
20.300000 ;-19.617105 ;-24.207164 ;
20.400000 ;-19.623189 ;-24.207898 ;
20.500000 ;-19.617578 ;-24.207411 ;
20.600000 ;-19.610965 ;-24.206822 ;
20.700000 ;-19.611515 ;-24.206987 ;
20.800000 ;-19.618511 ;-24.207829 ;
20.900000 ;-19.622679 ;-24.208378 ;
21.000000 ;-19.615767 ;-24.207769 ;
21.100000 ;-19.610028 ;-24.207285 ;
21.200000 ;-19.612027 ;-24.207614 ;
21.300000 ;-19.619781 ;-24.208547 ;
21.400000 ;-19.622800 ;-24.208986 ;
21.500000 ;-19.614899 ;-24.208283 ;
21.600000 ;-19.609407 ;-24.207834 ;
21.700000 ;-19.612476 ;-24.208283 ;
21.800000 ;-19.621139 ;-24.209319 ;
21.900000 ;-19.623366 ;-24.209683 ;
22.000000 ;-19.614763 ;-24.208913 ;
22.100000 ;-19.609691 ;-24.208514 ;
22.200000 ;-19.613713 ;-24.209069 ;
22.300000 ;-19.622671 ;-24.210141 ;
22.400000 ;-19.623116 ;-24.210323 ;
22.500000 ;-19.614608 ;-24.209568 ;
22.600000 ;-19.610961 ;-24.209323 ;
22.700000 ;-19.616003 ;-24.209988 ;
22.800000 ;-19.624026 ;-24.210966 ;
22.900000 ;-19.621673 ;-24.210858 ;
23.000000 ;-19.614099 ;-24.210204 ;
23.100000 ;-19.612490 ;-24.210175 ;
23.200000 ;-19.618468 ;-24.210940 ;
23.300000 ;-19.624875 ;-24.211751 ;
23.400000 ;-19.620190 ;-24.211401 ;
23.500000 ;-19.613522 ;-24.210844 ;
23.600000 ;-19.613623 ;-24.210995 ;
23.700000 ;-19.620500 ;-24.211856 ;
23.800000 ;-19.625788 ;-24.212551 ;
23.900000 ;-19.619558 ;-24.212041 ;
24.000000 ;-19.613075 ;-24.211504 ;
24.100000 ;-19.614288 ;-24.211773 ;
24.200000 ;-19.622243 ;-24.212748 ;
24.300000 ;-19.627226 ;-24.213412 ;
24.400000 ;-19.619830 ;-24.212779 ;
24.500000 ;-19.613228 ;-24.212230 ;
24.600000 ;-19.615256 ;-24.212585 ;
24.700000 ;-19.624099 ;-24.213653 ;
24.800000 ;-19.628360 ;-24.214242 ;
24.900000 ;-19.620213 ;-24.213531 ;
25.000000 ;-19.614356 ;-24.213060 ;
25.100000 ;-19.617426 ;-24.213524 ;
25.200000 ;-19.626221 ;-24.214587 ;
25.300000 ;-19.627891 ;-24.214904 ;
25.400000 ;-19.619879 ;-24.214207 ;
25.500000 ;-19.615940 ;-24.213936 ;
25.600000 ;-19.620308 ;-24.214536 ;
25.700000 ;-19.628062 ;-24.215489 ;
25.800000 ;-19.626491 ;-24.215466 ;
25.900000 ;-19.619177 ;-24.214842 ;
26.000000 ;-19.617265 ;-24.214783 ;
26.100000 ;-19.622820 ;-24.215506 ;
26.200000 ;-19.629508 ;-24.216347 ;
26.300000 ;-19.625659 ;-24.216085 ;
26.400000 ;-19.618593 ;-24.215486 ;
26.500000 ;-19.617990 ;-24.215563 ;
26.600000 ;-19.624719 ;-24.216408 ;
26.700000 ;-19.631223 ;-24.217229 ;
26.800000 ;-19.625935 ;-24.216815 ;
26.900000 ;-19.618443 ;-24.216171 ;
27.000000 ;-19.618518 ;-24.216319 ;
27.100000 ;-19.626420 ;-24.217285 ;
27.200000 ;-19.633158 ;-24.218130 ;
27.300000 ;-19.626757 ;-24.217599 ;
27.400000 ;-19.619202 ;-24.216946 ;
27.500000 ;-19.620040 ;-24.217173 ;
27.600000 ;-19.628578 ;-24.218205 ;
27.700000 ;-19.634165 ;-24.218928 ;
27.800000 ;-19.626773 ;-24.218292 ;
27.900000 ;-19.620578 ;-24.217781 ;
28.000000 ;-19.622832 ;-24.218154 ;
28.100000 ;-19.631075 ;-24.219154 ;
28.200000 ;-19.633325 ;-24.219527 ;
28.300000 ;-19.625846 ;-24.218880 ;
28.400000 ;-19.621838 ;-24.218597 ;
28.500000 ;-19.625684 ;-24.219136 ;
28.600000 ;-19.633128 ;-24.220051 ;
28.700000 ;-19.632196 ;-24.220089 ;
28.800000 ;-19.624924 ;-24.219463 ;
28.900000 ;-19.622574 ;-24.219352 ;
29.000000 ;-19.627782 ;-24.220032 ;
29.100000 ;-19.634972 ;-24.220919 ;
29.200000 ;-19.632188 ;-24.220762 ;
29.300000 ;-19.624432 ;-24.220084 ;
29.400000 ;-19.622787 ;-24.220045 ;
29.500000 ;-19.629266 ;-24.220857 ;
29.600000 ;-19.637091 ;-24.221809 ;
29.700000 ;-19.633253 ;-24.221540 ;
29.800000 ;-19.624782 ;-24.220786 ;
29.900000 ;-19.623484 ;-24.220782 ;
30.000000 ;-19.630966 ;-24.221698 ;
30.100000 ;-19.639007 ;-24.222671 ;
30.200000 ;-19.633928 ;-24.222271 ;
30.300000 ;-19.625901 ;-24.221562 ;
30.400000 ;-19.625717 ;-24.221673 ;
30.500000 ;-19.633574 ;-24.222626 ;
30.600000 ;-19.639643 ;-24.223392 ;
30.700000 ;-19.633052 ;-24.222832 ;
30.800000 ;-19.626956 ;-24.222323 ;
30.900000 ;-19.628680 ;-24.222633 ;
31.000000 ;-19.636266 ;-24.223556 ;
31.100000 ;-19.638720 ;-24.223942 ;
31.200000 ;-19.631660 ;-24.223331 ;
31.300000 ;-19.627587 ;-24.223033 ;
31.400000 ;-19.631046 ;-24.223523 ;
31.500000 ;-19.638388 ;-24.224419 ;
31.600000 ;-19.638269 ;-24.224533 ;
31.700000 ;-19.630752 ;-24.223873 ;
31.800000 ;-19.627645 ;-24.223675 ;
31.900000 ;-19.632479 ;-24.224307 ;
32.000000 ;-19.640449 ;-24.225267 ;
32.100000 ;-19.639245 ;-24.225267 ;
32.200000 ;-19.630687 ;-24.224496 ;
32.300000 ;-19.627635 ;-24.224302 ;
32.400000 ;-19.633582 ;-24.225049 ;
32.500000 ;-19.642600 ;-24.226118 ;
32.600000 ;-19.640654 ;-24.226038 ;
32.700000 ;-19.631593 ;-24.225213 ;
32.800000 ;-19.628980 ;-24.225063 ;
32.900000 ;-19.635674 ;-24.225888 ;
33.000000 ;-19.644277 ;-24.226911 ;
33.100000 ;-19.640412 ;-24.226629 ;
33.200000 ;-19.632496 ;-24.225923 ;
33.300000 ;-19.631711 ;-24.225962 ;
33.400000 ;-19.638746 ;-24.226821 ;
33.500000 ;-19.644622 ;-24.227557 ;
33.600000 ;-19.638666 ;-24.227055 ;
33.700000 ;-19.632874 ;-24.226569 ;
33.800000 ;-19.634309 ;-24.226840 ;
33.900000 ;-19.641379 ;-24.227700 ;
34.000000 ;-19.644063 ;-24.228100 ;
34.100000 ;-19.637197 ;-24.227501 ;
34.200000 ;-19.632802 ;-24.227160 ;
34.300000 ;-19.635889 ;-24.227602 ;
34.400000 ;-19.643455 ;-24.228513 ;
34.500000 ;-19.644633 ;-24.228754 ;
34.600000 ;-19.636675 ;-24.228039 ;
34.700000 ;-19.632351 ;-24.227704 ;
34.800000 ;-19.636588 ;-24.228265 ;
34.900000 ;-19.645470 ;-24.229312 ;
35.000000 ;-19.646458 ;-24.229532 ;
35.100000 ;-19.637353 ;-24.228695 ;
35.200000 ;-19.632724 ;-24.228326 ;
35.300000 ;-19.637749 ;-24.228968 ;
35.400000 ;-19.647458 ;-24.230101 ;
35.500000 ;-19.647373 ;-24.230207 ;
35.600000 ;-19.638333 ;-24.229375 ;
35.700000 ;-19.634863 ;-24.229126 ;
35.800000 ;-19.640608 ;-24.229842 ;
35.900000 ;-19.648959 ;-24.230830 ;
36.000000 ;-19.645839 ;-24.230617 ;
36.100000 ;-19.638454 ;-24.229957 ;
36.200000 ;-19.637511 ;-24.229972 ;
36.300000 ;-19.643824 ;-24.230745 ;
36.400000 ;-19.649247 ;-24.231425 ;
36.500000 ;-19.643722 ;-24.230959 ;
36.600000 ;-19.638112 ;-24.230484 ;
36.700000 ;-19.639334 ;-24.230723 ;
36.800000 ;-19.646178 ;-24.231550 ;
36.900000 ;-19.649498 ;-24.232009 ;
37.000000 ;-19.642624 ;-24.231400 ;
37.100000 ;-19.637426 ;-24.230966 ;
37.200000 ;-19.639958 ;-24.231341 ;
37.300000 ;-19.648028 ;-24.232295 ;
37.400000 ;-19.651205 ;-24.232737 ;
37.500000 ;-19.642947 ;-24.231982 ;
37.600000 ;-19.636990 ;-24.231467 ;
37.700000 ;-19.640205 ;-24.231912 ;
37.800000 ;-19.649785 ;-24.233023 ;
37.900000 ;-19.653255 ;-24.233495 ;
38.000000 ;-19.644186 ;-24.232652 ;
38.100000 ;-19.638281 ;-24.232141 ;
38.200000 ;-19.642148 ;-24.232653 ;
38.300000 ;-19.651765 ;-24.233767 ;
38.400000 ;-19.652855 ;-24.233988 ;
38.500000 ;-19.644378 ;-24.233206 ;
38.600000 ;-19.640727 ;-24.232930 ;
38.700000 ;-19.645654 ;-24.233551 ;
38.800000 ;-19.653209 ;-24.234447 ;
38.900000 ;-19.650358 ;-24.234254 ;
39.000000 ;-19.643594 ;-24.233650 ;
39.100000 ;-19.642724 ;-24.233663 ;
39.200000 ;-19.648559 ;-24.234378 ;
39.300000 ;-19.653738 ;-24.235024 ;
39.400000 ;-19.648513 ;-24.234580 ;
39.500000 ;-19.642666 ;-24.234072 ;
39.600000 ;-19.643527 ;-24.234265 ;
39.700000 ;-19.650459 ;-24.235093 ;
39.800000 ;-19.655038 ;-24.235674 ;
39.900000 ;-19.652023 ;-24.235461 ;
40.000000 ;-19.650468 ;-24.235398 ;
40.100000 ;-19.649980 ;-24.235424 ;
40.200000 ;-19.650313 ;-24.235500 ;
40.300000 ;-19.651374 ;-24.235608 ;
40.400000 ;-19.653095 ;-24.235743 ;
40.500000 ;-19.655378 ;-24.235908 ;
40.600000 ;-19.658217 ;-24.236108 ;
40.700000 ;-19.661604 ;-24.236351 ;
40.800000 ;-19.665524 ;-24.236638 ;
40.900000 ;-19.669967 ;-24.236972 ;
41.000000 ;-19.675114 ;-24.237370 ;
41.100000 ;-19.680859 ;-24.237824 ;
41.200000 ;-19.686837 ;-24.238306 ;
41.300000 ;-19.693794 ;-24.238875 ;
41.400000 ;-19.702041 ;-24.239549 ;
41.500000 ;-19.710861 ;-24.240268 ;
41.600000 ;-19.718014 ;-24.240844 ;
41.700000 ;-19.726139 ;-24.241498 ;
41.800000 ;-19.738219 ;-24.242474 ;
41.900000 ;-19.753969 ;-24.243735 ;
42.000000 ;-19.769836 ;-24.244959 ;
42.100000 ;-19.780345 ;-24.245652 ;
42.200000 ;-19.790331 ;-24.246245 ;
42.300000 ;-19.806902 ;-24.247407 ;
42.400000 ;-19.830210 ;-24.249131 ;
42.500000 ;-19.853323 ;-24.250725 ;
42.600000 ;-19.866939 ;-24.251265 ;
42.700000 ;-19.881001 ;-24.251729 ;
42.800000 ;-19.904758 ;-24.253016 ;
42.900000 ;-19.937324 ;-24.255009 ;
43.000000 ;-19.967704 ;-24.256577 ;
43.100000 ;-19.985255 ;-24.256634 ;
43.200000 ;-20.005520 ;-24.256747 ;
43.300000 ;-20.037817 ;-24.257839 ;
43.400000 ;-20.079027 ;-24.259553 ;
43.500000 ;-20.113776 ;-24.260274 ;
43.600000 ;-20.137811 ;-24.259553 ;
43.700000 ;-20.168171 ;-24.259137 ;
43.800000 ;-20.209765 ;-24.259498 ;
43.900000 ;-20.255669 ;-24.259874 ;
44.000000 ;-20.291106 ;-24.258689 ;
44.100000 ;-20.324784 ;-24.256851 ;
44.200000 ;-20.366861 ;-24.255383 ;
44.300000 ;-20.416897 ;-24.254197 ;
44.400000 ;-20.464659 ;-24.252183 ;
44.500000 ;-20.503881 ;-24.248672 ;
44.600000 ;-20.547022 ;-24.244952 ;
44.700000 ;-20.599157 ;-24.241514 ;
44.800000 ;-20.656339 ;-24.237903 ;
44.900000 ;-20.706424 ;-24.232807 ;
45.000000 ;-20.750643 ;-24.226355 ;
45.100000 ;-20.801307 ;-24.219834 ;
45.200000 ;-20.861459 ;-24.213538 ;
45.300000 ;-20.924686 ;-24.206742 ;
45.400000 ;-20.977537 ;-24.197972 ;
45.500000 ;-21.026326 ;-24.187919 ;
45.600000 ;-21.082854 ;-24.177865 ;
45.700000 ;-21.148699 ;-24.167960 ;
45.800000 ;-21.215596 ;-24.157264 ;
45.900000 ;-21.270498 ;-24.144318 ;
46.000000 ;-21.323740 ;-24.130295 ;
46.100000 ;-21.384996 ;-24.116283 ;
46.200000 ;-21.454185 ;-24.102259 ;
46.300000 ;-21.521925 ;-24.087148 ;
46.400000 ;-21.578141 ;-24.069814 ;
46.500000 ;-21.634960 ;-24.051672 ;
46.600000 ;-21.699475 ;-24.033542 ;
46.700000 ;-21.770303 ;-24.015265 ;
46.800000 ;-21.837712 ;-23.995720 ;
46.900000 ;-21.894573 ;-23.974109 ;
47.000000 ;-21.952908 ;-23.951867 ;
47.100000 ;-22.018687 ;-23.929705 ;
47.200000 ;-22.090102 ;-23.907425 ;
47.300000 ;-22.157578 ;-23.883917 ;
47.400000 ;-22.214073 ;-23.858386 ;
47.500000 ;-22.271561 ;-23.832295 ;
47.600000 ;-22.336422 ;-23.806427 ;
47.700000 ;-22.407344 ;-23.780648 ;
47.800000 ;-22.475330 ;-23.753902 ;
47.900000 ;-22.531072 ;-23.725110 ;
48.000000 ;-22.586057 ;-23.695706 ;
48.100000 ;-22.648010 ;-23.666660 ;
48.200000 ;-22.716827 ;-23.637986 ;
48.300000 ;-22.784689 ;-23.608756 ;
48.400000 ;-22.840087 ;-23.577603 ;
48.500000 ;-22.892018 ;-23.545679 ;
48.600000 ;-22.949816 ;-23.514168 ;
48.700000 ;-23.014891 ;-23.483271 ;
48.800000 ;-23.081167 ;-23.452266 ;
48.900000 ;-23.136563 ;-23.419694 ;
49.000000 ;-23.185427 ;-23.386143 ;
49.100000 ;-23.238490 ;-23.352977 ;
49.200000 ;-23.298752 ;-23.320598 ;
49.300000 ;-23.362182 ;-23.288530 ;
49.400000 ;-23.417864 ;-23.255443 ;
49.500000 ;-23.463746 ;-23.221125 ;
49.600000 ;-23.511558 ;-23.187072 ;
49.700000 ;-23.566192 ;-23.153918 ;
49.800000 ;-23.625865 ;-23.121465 ;
49.900000 ;-23.682119 ;-23.088679 ;
50.000000 ;-23.726073 ;-23.054481 ;
50.100000 ;-23.768231 ;-23.020220 ;
50.200000 ;-23.816223 ;-22.986869 ;
50.300000 ;-23.870916 ;-22.954556 ;
50.400000 ;-23.926569 ;-22.922581 ;
50.500000 ;-23.971712 ;-22.889527 ;
50.600000 ;-24.008947 ;-22.855751 ;
50.700000 ;-24.049547 ;-22.822683 ;
50.800000 ;-24.097566 ;-22.790844 ;
50.900000 ;-24.150329 ;-22.759913 ;
51.000000 ;-24.198432 ;-22.728725 ;
51.100000 ;-24.233520 ;-22.696251 ;
51.200000 ;-24.267395 ;-22.663990 ;
51.300000 ;-24.307610 ;-22.632896 ;
51.400000 ;-24.354853 ;-22.603065 ;
51.500000 ;-24.403052 ;-22.573744 ;
51.600000 ;-24.440328 ;-22.543457 ;
51.700000 ;-24.469705 ;-22.512598 ;
51.800000 ;-24.502473 ;-22.482586 ;
51.900000 ;-24.542592 ;-22.453919 ;
52.000000 ;-24.587469 ;-22.426277 ;
52.100000 ;-24.627953 ;-22.398524 ;
52.200000 ;-24.655847 ;-22.369646 ;
52.300000 ;-24.682503 ;-22.341065 ;
52.400000 ;-24.715121 ;-22.313679 ;
52.500000 ;-24.754503 ;-22.287586 ;
52.600000 ;-24.795166 ;-22.262107 ;
52.700000 ;-24.825957 ;-22.235858 ;
52.800000 ;-24.848437 ;-22.209041 ;
52.900000 ;-24.873721 ;-22.183033 ;
53.000000 ;-24.906163 ;-22.158370 ;
53.100000 ;-24.943927 ;-22.134824 ;
53.200000 ;-24.978984 ;-22.111399 ;
53.300000 ;-25.001399 ;-22.086870 ;
53.400000 ;-25.020456 ;-22.062385 ;
53.500000 ;-25.044935 ;-22.039022 ;
53.600000 ;-25.076954 ;-22.017039 ;
53.700000 ;-25.112301 ;-21.995913 ;
53.800000 ;-25.140434 ;-21.974343 ;
53.900000 ;-25.156787 ;-21.951768 ;
54.000000 ;-25.173860 ;-21.929722 ;
54.100000 ;-25.198066 ;-21.908987 ;
54.200000 ;-25.229315 ;-21.889545 ;
54.300000 ;-25.261013 ;-21.870585 ;
54.400000 ;-25.281243 ;-21.850641 ;
54.500000 ;-25.294012 ;-21.830204 ;
54.600000 ;-25.310571 ;-21.810645 ;
54.700000 ;-25.334926 ;-21.792446 ;
54.800000 ;-25.364627 ;-21.775302 ;
54.900000 ;-25.390775 ;-21.758123 ;
55.000000 ;-25.404004 ;-21.739762 ;
55.100000 ;-25.415150 ;-21.721537 ;
55.200000 ;-25.432175 ;-21.704411 ;
55.300000 ;-25.456583 ;-21.688559 ;
55.400000 ;-25.483669 ;-21.673405 ;
55.500000 ;-25.502639 ;-21.657630 ;
55.600000 ;-25.511556 ;-21.640998 ;
55.700000 ;-25.522172 ;-21.624929 ;
55.800000 ;-25.539845 ;-21.610064 ;
55.900000 ;-25.563899 ;-21.596316 ;
56.000000 ;-25.587625 ;-21.582866 ;
56.100000 ;-25.599972 ;-21.568374 ;
56.200000 ;-25.606228 ;-21.553475 ;
56.300000 ;-25.616663 ;-21.539404 ;
56.400000 ;-25.634846 ;-21.526584 ;
56.500000 ;-25.658227 ;-21.514702 ;
56.600000 ;-25.678146 ;-21.502707 ;
56.700000 ;-25.685158 ;-21.489459 ;
56.800000 ;-25.689679 ;-21.476209 ;
56.900000 ;-25.700262 ;-21.463977 ;
57.000000 ;-25.718863 ;-21.452993 ;
57.100000 ;-25.741085 ;-21.442723 ;
57.200000 ;-25.756186 ;-21.431871 ;
57.300000 ;-25.759348 ;-21.419857 ;
57.400000 ;-25.763324 ;-21.408205 ;
57.500000 ;-25.774660 ;-21.397694 ;
57.600000 ;-25.793460 ;-21.388331 ;
57.700000 ;-25.813383 ;-21.379352 ;
57.800000 ;-25.822496 ;-21.369322 ;
57.900000 ;-25.823666 ;-21.358582 ;
58.000000 ;-25.828356 ;-21.348499 ;
58.100000 ;-25.840887 ;-21.339583 ;
58.200000 ;-25.859321 ;-21.331597 ;
58.300000 ;-25.875462 ;-21.323558 ;
58.400000 ;-25.879122 ;-21.314245 ;
58.500000 ;-25.879653 ;-21.304774 ;
58.600000 ;-25.885653 ;-21.296161 ;
58.700000 ;-25.899297 ;-21.288664 ;
58.800000 ;-25.916759 ;-21.281820 ;
58.900000 ;-25.928208 ;-21.274456 ;
59.000000 ;-25.928247 ;-21.265925 ;
59.100000 ;-25.928673 ;-21.257628 ;
59.200000 ;-25.935909 ;-21.250325 ;
59.300000 ;-25.950403 ;-21.244063 ;
59.400000 ;-25.966638 ;-21.238185 ;
59.500000 ;-25.973492 ;-21.231363 ;
59.600000 ;-25.971292 ;-21.223636 ;
59.700000 ;-25.971781 ;-21.216394 ;
59.800000 ;-25.980112 ;-21.210243 ;
59.900000 ;-25.995242 ;-21.205057 ;
60.000000 ;-26.009929 ;-21.199973 ;
60.100000 ;-26.012563 ;-21.193610 ;
60.200000 ;-26.009003 ;-21.186663 ;
60.300000 ;-26.010095 ;-21.180412 ;
60.400000 ;-26.019605 ;-21.175300 ;
60.500000 ;-26.034876 ;-21.171008 ;
60.600000 ;-26.046828 ;-21.166459 ;
60.700000 ;-26.045529 ;-21.160475 ;
60.800000 ;-26.041885 ;-21.154343 ;
60.900000 ;-26.044477 ;-21.149077 ;
61.000000 ;-26.055209 ;-21.144897 ;
61.100000 ;-26.069633 ;-21.141274 ;
61.200000 ;-26.076954 ;-21.136931 ;
61.300000 ;-26.073146 ;-21.131390 ;
61.400000 ;-26.070545 ;-21.126106 ;
61.500000 ;-26.075125 ;-21.121781 ;
61.600000 ;-26.086793 ;-21.118401 ;
61.700000 ;-26.099394 ;-21.115237 ;
61.800000 ;-26.101676 ;-21.110959 ;
61.900000 ;-26.096830 ;-21.105944 ;
62.000000 ;-26.095571 ;-21.101451 ;
62.100000 ;-26.101983 ;-21.097959 ;
62.200000 ;-26.114258 ;-21.095254 ;
62.300000 ;-26.124700 ;-21.092425 ;
62.400000 ;-26.123069 ;-21.088264 ;
62.500000 ;-26.117591 ;-21.083740 ;
62.600000 ;-26.117457 ;-21.079933 ;
62.700000 ;-26.125408 ;-21.077162 ;
62.800000 ;-26.138150 ;-21.075038 ;
62.900000 ;-26.146351 ;-21.072461 ;
63.000000 ;-26.141784 ;-21.068461 ;
63.100000 ;-26.136027 ;-21.064398 ;
63.200000 ;-26.137048 ;-21.061209 ;
63.300000 ;-26.146351 ;-21.059069 ;
63.400000 ;-26.159098 ;-21.057405 ;
63.500000 ;-26.164126 ;-21.054905 ;
63.600000 ;-26.157649 ;-21.051121 ;
63.700000 ;-26.152573 ;-21.047570 ;
63.800000 ;-26.155254 ;-21.044998 ;
63.900000 ;-26.165607 ;-21.043391 ;
64.000000 ;-26.177099 ;-21.041981 ;
64.100000 ;-26.177698 ;-21.039353 ;
64.200000 ;-26.170663 ;-21.035890 ;
64.300000 ;-26.167391 ;-21.032927 ;
64.400000 ;-26.172132 ;-21.030963 ;
64.500000 ;-26.182943 ;-21.029768 ;
64.600000 ;-26.191692 ;-21.028386 ;
64.700000 ;-26.188177 ;-21.025618 ;
64.800000 ;-26.181571 ;-21.022541 ;
64.900000 ;-26.180461 ;-21.020160 ;
65.000000 ;-26.187106 ;-21.018739 ;
65.100000 ;-26.197871 ;-21.017851 ;
65.200000 ;-26.203229 ;-21.016376 ;
65.300000 ;-26.197093 ;-21.013600 ;
65.400000 ;-26.191049 ;-21.010881 ;
65.500000 ;-26.191768 ;-21.009000 ;
65.600000 ;-26.200017 ;-21.008046 ;
65.700000 ;-26.210670 ;-21.007417 ;
65.800000 ;-26.212867 ;-21.005837 ;
65.900000 ;-26.205144 ;-21.003136 ;
66.000000 ;-26.199543 ;-21.000724 ;
66.100000 ;-26.201795 ;-20.999272 ;
66.200000 ;-26.211428 ;-20.998723 ;
66.300000 ;-26.221768 ;-20.998293 ;
66.400000 ;-26.220919 ;-20.996589 ;
66.500000 ;-26.212297 ;-20.994010 ;
66.600000 ;-26.207645 ;-20.991931 ;
66.700000 ;-26.211533 ;-20.990887 ;
66.800000 ;-26.222053 ;-20.990653 ;
66.900000 ;-26.230829 ;-20.990246 ;
67.000000 ;-26.226565 ;-20.988344 ;
67.100000 ;-26.218263 ;-20.986001 ;
67.200000 ;-26.215603 ;-20.984348 ;
67.300000 ;-26.221310 ;-20.983705 ;
67.400000 ;-26.231757 ;-20.983647 ;
67.500000 ;-26.236966 ;-20.983002 ;
67.600000 ;-26.230056 ;-20.980967 ;
67.700000 ;-26.223167 ;-20.978961 ;
67.800000 ;-26.223029 ;-20.977772 ;
67.900000 ;-26.230346 ;-20.977482 ;
68.000000 ;-26.239848 ;-20.977472 ;
68.100000 ;-26.240604 ;-20.976463 ;
68.200000 ;-26.232677 ;-20.974462 ;
68.300000 ;-26.227328 ;-20.972787 ;
68.400000 ;-26.229429 ;-20.972006 ;
68.500000 ;-26.238053 ;-20.972012 ;
68.600000 ;-26.246476 ;-20.972015 ;
68.700000 ;-26.243802 ;-20.970741 ;
68.800000 ;-26.235183 ;-20.968793 ;
68.900000 ;-26.230948 ;-20.967379 ;
69.000000 ;-26.234869 ;-20.966939 ;
69.100000 ;-26.244698 ;-20.967209 ;
69.200000 ;-26.252170 ;-20.967223 ;
69.300000 ;-26.246817 ;-20.965755 ;
69.400000 ;-26.237787 ;-20.963875 ;
69.500000 ;-26.234660 ;-20.962704 ;
69.600000 ;-26.240214 ;-20.962566 ;
69.700000 ;-26.250815 ;-20.963034 ;
69.800000 ;-26.256413 ;-20.962934 ;
69.900000 ;-26.248776 ;-20.961303 ;
70.000000 ;-26.240404 ;-20.959602 ;
70.100000 ;-26.239134 ;-20.958747 ;
70.200000 ;-26.246194 ;-20.958881 ;
70.300000 ;-26.256311 ;-20.959387 ;
70.400000 ;-26.257855 ;-20.958905 ;
70.500000 ;-26.249213 ;-20.957247 ;
70.600000 ;-26.242794 ;-20.955862 ;
70.700000 ;-26.244023 ;-20.955385 ;
70.800000 ;-26.252177 ;-20.955731 ;
70.900000 ;-26.260387 ;-20.956096 ;
71.000000 ;-26.257448 ;-20.955170 ;
71.100000 ;-26.248967 ;-20.953609 ;
71.200000 ;-26.244837 ;-20.952569 ;
71.300000 ;-26.248409 ;-20.952441 ;
71.400000 ;-26.257238 ;-20.952939 ;
71.500000 ;-26.263095 ;-20.953100 ;
71.600000 ;-26.257021 ;-20.951878 ;
71.700000 ;-26.248777 ;-20.950413 ;
71.800000 ;-26.246416 ;-20.949647 ;
71.900000 ;-26.251925 ;-20.949810 ;
72.000000 ;-26.261455 ;-20.950453 ;
72.100000 ;-26.265323 ;-20.950444 ;
72.200000 ;-26.257158 ;-20.949039 ;
72.300000 ;-26.248949 ;-20.947638 ;
72.400000 ;-26.247948 ;-20.947089 ;
72.500000 ;-26.255137 ;-20.947505 ;
72.600000 ;-26.265244 ;-20.948271 ;
72.700000 ;-26.266823 ;-20.948049 ;
72.800000 ;-26.257362 ;-20.946545 ;
72.900000 ;-26.249838 ;-20.945276 ;
73.000000 ;-26.250484 ;-20.944970 ;
73.100000 ;-26.258965 ;-20.945587 ;
73.200000 ;-26.268378 ;-20.946320 ;
73.300000 ;-26.266348 ;-20.945723 ;
73.400000 ;-26.256801 ;-20.944256 ;
73.500000 ;-26.251337 ;-20.943273 ;
73.600000 ;-26.254179 ;-20.943268 ;
73.700000 ;-26.263191 ;-20.943989 ;
73.800000 ;-26.269870 ;-20.944445 ;
73.900000 ;-26.264069 ;-20.943449 ;
74.000000 ;-26.255642 ;-20.942153 ;
74.100000 ;-26.252912 ;-20.941529 ;
74.200000 ;-26.257891 ;-20.941811 ;
74.300000 ;-26.266702 ;-20.942547 ;
74.400000 ;-26.269581 ;-20.942595 ;
74.500000 ;-26.261676 ;-20.941390 ;
74.600000 ;-26.254467 ;-20.940271 ;
74.700000 ;-26.254048 ;-20.939951 ;
74.800000 ;-26.260807 ;-20.940475 ;
74.900000 ;-26.269429 ;-20.941221 ;
75.000000 ;-26.269204 ;-20.940939 ;
75.100000 ;-26.260052 ;-20.939619 ;
75.200000 ;-26.253484 ;-20.938606 ;
75.300000 ;-26.254776 ;-20.938516 ;
75.400000 ;-26.263173 ;-20.939260 ;
75.500000 ;-26.271899 ;-20.940047 ;
75.600000 ;-26.269271 ;-20.939512 ;
75.700000 ;-26.259189 ;-20.938111 ;
75.800000 ;-26.253301 ;-20.937204 ;
75.900000 ;-26.256160 ;-20.937323 ;
76.000000 ;-26.265798 ;-20.938238 ;
76.100000 ;-26.273728 ;-20.938957 ;
76.200000 ;-26.268315 ;-20.938121 ;
76.300000 ;-26.258493 ;-20.936774 ;
76.400000 ;-26.254428 ;-20.936104 ;
76.500000 ;-26.259077 ;-20.936454 ;
76.600000 ;-26.268828 ;-20.937404 ;
76.700000 ;-26.273495 ;-20.937764 ;
76.800000 ;-26.265571 ;-20.936656 ;
76.900000 ;-26.257513 ;-20.935536 ;
77.000000 ;-26.256261 ;-20.935214 ;
77.100000 ;-26.262585 ;-20.935780 ;
77.200000 ;-26.271166 ;-20.936613 ;
77.300000 ;-26.270966 ;-20.936423 ;
77.400000 ;-26.262361 ;-20.935254 ;
77.500000 ;-26.256429 ;-20.934401 ;
77.600000 ;-26.257795 ;-20.934403 ;
77.700000 ;-26.265413 ;-20.935137 ;
77.800000 ;-26.272562 ;-20.935819 ;
77.900000 ;-26.268777 ;-20.935227 ;
78.000000 ;-26.259766 ;-20.934028 ;
78.100000 ;-26.255238 ;-20.933354 ;
78.200000 ;-26.258622 ;-20.933607 ;
78.300000 ;-26.267557 ;-20.934510 ;
78.400000 ;-26.273901 ;-20.935113 ;
78.500000 ;-26.267682 ;-20.934251 ;
78.600000 ;-26.258058 ;-20.932995 ;
78.700000 ;-26.254408 ;-20.932438 ;
78.800000 ;-26.259465 ;-20.932900 ;
78.900000 ;-26.269625 ;-20.933959 ;
79.000000 ;-26.274945 ;-20.934455 ;
79.100000 ;-26.266698 ;-20.933370 ;
79.200000 ;-26.257296 ;-20.932151 ;
79.300000 ;-26.255108 ;-20.931777 ;
79.400000 ;-26.261665 ;-20.932426 ;
79.500000 ;-26.271803 ;-20.933495 ;
79.600000 ;-26.273742 ;-20.933608 ;
79.700000 ;-26.268449 ;-20.932878 ;
79.800000 ;-26.265760 ;-20.932453 ;
79.900000 ;-26.265842 ;-20.932354 ;
80.000000 ;-26.266114 ;-20.932279 ;
